1.000000 7.969558 0.697246 34.564103
1.000000 7.969558 0.697246 34.564103
1.000000 7.969558 0.697246 34.564103
1.000000 7.969558 0.697246 34.564103
1.000000 7.969558 0.697246 34.564103
1.566395 10.679648 -0.451507 49.453858
3.654638 16.485140 -6.873052 108.157441
3.109397 16.869443 -6.091642 96.995243
3.425084 14.757656 -6.326218 102.710333
2.007910 10.037917 -2.336276 61.933048
1.342298 5.972533 -0.923419 39.711270
1.474089 10.111235 -0.150808 46.584440
1.000000 7.969558 0.697246 34.564103
1.748339 11.080862 -0.710742 53.337157
1.146057 8.714134 0.426821 38.284199
2.765047 12.168985 -2.966139 77.064832
3.435025 15.605779 -5.408385 99.318323
2.881949 12.708432 -2.257051 80.321162
1.000000 7.969558 0.697246 34.564103
1.000000 7.969558 0.697246 34.564103
1.000000 7.969558 0.697246 34.564103
1.000000 7.969558 0.697246 34.564103
1.000000 7.969558 0.697246 34.564103
1.000000 7.969558 0.697246 34.564103
1.000000 7.969558 0.697246 34.564103
1.000000 7.969558 0.697246 34.564103
1.000000 7.969558 0.697246 34.564103
1.000000 7.969558 0.697246 34.564103
1.000000 7.969558 0.697246 34.564103
1.000000 7.969558 0.697246 34.564103
1.000000 7.969558 0.697246 34.564103
1.000000 7.969558 0.697246 34.564103
1.710096 12.317090 -0.961804 56.707598
1.000000 7.969558 0.697246 34.564103
1.000000 7.969558 0.697246 34.564103
1.000000 7.969558 0.697246 34.564103
1.404767 10.637147 -0.014020 47.038090
1.000000 7.969558 0.697246 34.564103
5.487738 7.581843 -9.364604 158.418484
5.861971 8.537596 -8.206109 167.248306
4.812921 11.841138 -9.298791 136.841864
5.202567 9.471447 -9.295689 150.111150
5.453579 11.376457 -8.841785 153.778126
1.000000 7.969558 0.697246 34.564103
5.962538 6.774758 -5.966354 168.706844
1.000000 7.969558 0.697246 34.564103
1.000000 7.969558 0.697246 34.564103
1.000000 7.969558 0.697246 34.564103
1.000000 7.969558 0.697246 34.564103
1.000000 7.969558 0.697246 34.564103
1.000000 7.969558 0.697246 34.564103
1.000000 7.969558 0.697246 34.564103
1.907024 10.424942 0.112507 54.801542
6.555536 4.123507 -5.823257 187.764978
6.012741 6.501780 -5.002750 169.727870
6.197698 5.263641 -6.841134 176.721612
6.895678 2.889871 -3.144761 197.461126
6.532051 4.527353 -1.459979 183.171412
6.282772 4.906234 -4.098752 176.671688
5.149091 8.947405 -4.410314 143.775304
1.000000 7.969558 0.697246 34.564103
1.000000 7.969558 0.697246 34.564103
1.000000 7.969558 0.697246 34.564103
6.114195 5.904017 -7.815260 175.479786
5.465766 9.577056 -7.021022 153.220413
3.630905 11.779297 -0.989088 98.248701
4.901241 11.987666 -5.652540 133.398745
4.633329 11.389589 -8.726297 133.450125
5.734235 9.099119 -5.746538 161.628623
4.353843 12.532859 -6.847022 121.223368
6.500017 3.606009 -4.624466 184.225360
6.724157 2.902388 -1.569991 190.034808
1.000000 7.969558 0.697246 34.564103
1.000000 7.969558 0.697246 34.564103
1.000000 7.969558 0.697246 34.564103
1.000000 7.969558 0.697246 34.564103
1.000000 7.969558 0.697246 34.564103
1.000000 7.969558 0.697246 34.564103
1.000000 7.969558 0.697246 34.564103
1.000000 7.969558 0.697246 34.564103
1.000000 7.969558 0.697246 34.564103
1.000000 7.969558 0.697246 34.564103
6.298126 5.438370 -2.784658 175.941415
6.909174 2.273085 0.101347 196.636716
6.348015 4.815882 1.413183 176.724985
6.652327 2.187447 3.760857 187.539592
1.000000 7.969558 0.697246 34.564103
4.943923 8.832391 3.793892 134.721230
6.022143 7.908872 5.916821 166.407055
1.000000 7.969558 0.697246 34.564103
4.827965 10.450743 -0.831262 128.967464
5.496976 8.101575 -1.714170 150.227568
6.903060 1.876466 2.876806 196.513329
6.586705 3.483901 1.767068 184.864473
6.699620 2.243596 1.439951 188.763170
6.569539 4.694060 4.001537 185.066930
6.473298 4.127197 5.013072 181.686783
6.498570 3.537218 3.039648 181.975313
6.554933 2.666405 4.736014 184.317377
6.741258 2.570871 5.899904 191.724915
6.462661 3.265547 7.158197 182.541123
6.442988 4.922075 5.979994 180.636951
6.394244 3.642048 8.251927 181.458689
1.000000 7.969558 0.697246 34.564103
6.456916 6.417609 6.355910 180.734183
1.000000 7.969558 0.697246 34.564103
5.747293 7.039603 10.563345 161.870768
6.415445 4.337595 7.015452 180.446415
5.929812 4.830010 9.754959 167.714370
1.000000 7.969558 0.697246 34.564103
1.000000 7.969558 0.697246 34.564103
1.000000 7.969558 0.697246 34.564103
1.000000 7.969558 0.697246 34.564103
1.000000 7.969558 0.697246 34.564103
1.000000 7.969558 0.697246 34.564103
1.000000 7.969558 0.697246 34.564103
1.000000 7.969558 0.697246 34.564103
1.000000 7.969558 0.697246 34.564103
1.000000 7.969558 0.697246 34.564103
1.000000 7.969558 0.697246 34.564103
1.000000 7.969558 0.697246 34.564103
1.000000 7.969558 0.697246 34.564103
1.000000 7.969558 0.697246 34.564103
1.000000 7.969558 0.697246 34.564103
1.000000 7.969558 0.697246 34.564103
1.000000 7.969558 0.697246 34.564103
1.000000 7.969558 0.697246 34.564103
1.000000 7.969558 0.697246 34.564103
1.000000 7.969558 0.697246 34.564103
1.000000 7.969558 0.697246 34.564103
1.000000 7.969558 0.697246 34.564103
1.000000 7.969558 0.697246 34.564103
1.000000 7.969558 0.697246 34.564103
1.000000 7.969558 0.697246 34.564103
1.000000 7.969558 0.697246 34.564103
1.000000 7.969558 0.697246 34.564103
1.000000 7.969558 0.697246 34.564103
1.000000 7.969558 0.697246 34.564103
1.233731 9.260481 0.212702 41.046559
1.000000 7.969558 0.697246 34.564103
5.719957 5.508356 10.263137 161.567697
1.000000 7.969558 0.697246 34.564103
1.000000 7.969558 0.697246 34.564103
5.622519 8.804850 -0.039440 153.097222
6.114532 6.627919 3.737287 170.072759
1.000000 7.969558 0.697246 34.564103
1.000000 7.969558 0.697246 34.564103
1.000000 7.969558 0.697246 34.564103
5.549210 8.554728 11.404303 156.814192
4.865918 7.449042 10.817025 137.998267
1.681676 7.266896 2.665281 49.347495
2.825385 8.389241 7.474164 84.534840
0.844025 3.990655 1.738481 24.431947
5.630854 9.390126 11.780591 158.307793
4.966002 9.284272 11.233737 141.533953
4.690929 8.136885 10.875945 134.009902
4.503506 11.672491 11.283981 130.270148
5.455662 6.107815 10.574651 154.229968
5.305694 6.864217 10.873869 150.217070
6.097136 5.147672 8.793144 171.176374
6.072145 6.071720 9.419774 170.686030
6.112833 4.272230 9.093380 172.567070
5.764942 6.252979 10.067207 162.183268
2.669570 11.522340 3.353671 73.501342
5.396740 9.860061 6.886075 145.923508
2.019298 11.207637 3.637923 59.299874
5.058697 10.797279 9.513015 139.833723
5.304205 10.677060 10.787049 147.393968
1.000000 7.969558 0.697246 34.564103
1.000000 7.969558 0.697246 34.564103
1.000000 7.969558 0.697246 34.564103
1.000000 7.969558 0.697246 34.564103
1.000000 7.969558 0.697246 34.564103
1.000000 7.969558 0.697246 34.564103
1.000000 7.969558 0.697246 34.564103
1.000000 7.969558 0.697246 34.564103
1.000000 7.969558 0.697246 34.564103
1.000000 7.969558 0.697246 34.564103
1.000000 7.969558 0.697246 34.564103
1.000000 7.969558 0.697246 34.564103
1.401848 9.300231 1.081031 43.445352
4.661756 10.680057 8.097778 126.908989
6.236258 6.335318 7.679498 173.743925
6.032117 7.918820 10.089548 168.705647
2.291839 10.856053 2.835592 64.349906
1.000000 7.969558 0.697246 34.564103
1.000000 7.969558 0.697246 34.564103
1.000000 7.969558 0.697246 34.564103
1.000000 7.969558 0.697246 34.564103
1.000000 7.969558 0.697246 34.564103
1.000000 7.969558 0.697246 34.564103
1.000000 7.969558 0.697246 34.564103
1.000000 7.969558 0.697246 34.564103
1.000000 7.969558 0.697246 34.564103
1.000000 7.969558 0.697246 34.564103
1.000000 7.969558 0.697246 34.564103
1.000000 7.969558 0.697246 34.564103
1.000000 7.969558 0.697246 34.564103
1.000000 7.969558 0.697246 34.564103
1.000000 7.969558 0.697246 34.564103
1.000000 7.969558 0.697246 34.564103
1.000000 7.969558 0.697246 34.564103
1.000000 7.969558 0.697246 34.564103
1.000000 7.969558 0.697246 34.564103
1.000000 7.969558 0.697246 34.564103
1.000000 7.969558 0.697246 34.564103
1.000000 7.969558 0.697246 34.564103
1.000000 7.969558 0.697246 34.564103
1.000000 7.969558 0.697246 34.564103
1.000000 7.969558 0.697246 34.564103
1.000000 7.969558 0.697246 34.564103
1.000000 7.969558 0.697246 34.564103
1.000000 7.969558 0.697246 34.564103
1.000000 7.969558 0.697246 34.564103
1.000000 7.969558 0.697246 34.564103
1.000000 7.969558 0.697246 34.564103
1.000000 7.969558 0.697246 34.564103
5.354190 11.652855 13.133967 152.060003
5.125932 11.686848 12.956294 146.925597
4.963870 13.129534 12.288359 140.421079
1.000000 7.969558 0.697246 34.564103
1.000000 7.969558 0.697246 34.564103
1.000000 7.969558 0.697246 34.564103
1.000000 7.969558 0.697246 34.564103
1.000000 7.969558 0.697246 34.564103
1.000000 7.969558 0.697246 34.564103
1.000000 7.969558 0.697246 34.564103
1.000000 7.969558 0.697246 34.564103
1.000000 7.969558 0.697246 34.564103
1.000000 7.969558 0.697246 34.564103
1.000000 7.969558 0.697246 34.564103
1.000000 7.969558 0.697246 34.564103
1.000000 7.969558 0.697246 34.564103
1.000000 7.969558 0.697246 34.564103
1.000000 7.969558 0.697246 34.564103
1.572517 9.790315 1.228703 47.256520
1.000000 7.969558 0.697246 34.564103
1.000000 7.969558 0.697246 34.564103
1.000000 7.969558 0.697246 34.564103
1.000000 7.969558 0.697246 34.564103
1.000000 7.969558 0.697246 34.564103
1.000000 7.969558 0.697246 34.564103
1.436655 10.316958 1.987666 47.110647
1.273508 9.675471 1.463992 42.990425
1.000000 7.969558 0.697246 34.564103
1.000000 7.969558 0.697246 34.564103
1.000000 7.969558 0.697246 34.564103
1.000000 7.969558 0.697246 34.564103
1.000000 7.969558 0.697246 34.564103
1.000000 7.969558 0.697246 34.564103
1.000000 7.969558 0.697246 34.564103
1.000000 7.969558 0.697246 34.564103
1.000000 7.969558 0.697246 34.564103
1.000000 7.969558 0.697246 34.564103
1.000000 7.969558 0.697246 34.564103
5.779337 7.930613 10.647447 161.972492
5.426301 7.477368 10.846042 153.080802
5.861640 11.691197 12.916399 164.826636
5.479605 10.916997 12.805829 155.974755
3.220450 11.086783 7.810693 95.195946
2.391908 12.341066 4.561590 70.113701
4.481310 14.141217 12.336548 129.864810
1.688741 10.672222 2.510715 52.098876
2.838274 12.465897 6.040149 81.935495
2.890889 13.808245 6.470358 85.165558
1.000000 7.969558 0.697246 34.564103
1.399700 9.995928 1.835829 45.560797
1.000000 7.969558 0.697246 34.564103
1.000000 7.969558 0.697246 34.564103
2.767404 15.111286 7.296076 86.254770
1.184562 9.104815 1.241256 40.256447
1.000000 7.969558 0.697246 34.564103
1.000000 7.969558 0.697246 34.564103
1.000000 7.969558 0.697246 34.564103
1.000000 7.969558 0.697246 34.564103
1.000000 7.969558 0.697246 34.564103
1.161548 8.575411 1.280427 38.304686
1.519504 9.841762 2.073724 46.952411
4.639396 13.790582 10.127615 127.460150
1.045314 8.191723 0.782390 35.662011
1.931189 11.643179 3.631422 58.877790
5.809601 8.968532 11.537917 163.178054
4.691694 13.534398 10.783548 131.321230
5.166433 12.876508 12.820478 146.817061
5.125670 9.298043 11.582071 145.152184
4.081747 10.111918 10.390657 118.396446
1.483582 10.122572 2.001892 47.080330
1.000000 7.969558 0.697246 34.564103
1.025139 8.121467 0.767884 35.280134
2.838828 12.269816 5.016375 80.238009
1.000000 7.969558 0.697246 34.564103
1.000000 7.969558 0.697246 34.564103
1.000000 7.969558 0.697246 34.564103
1.000000 7.969558 0.697246 34.564103
1.000000 7.969558 0.697246 34.564103
1.000000 7.969558 0.697246 34.564103
1.000000 7.969558 0.697246 34.564103
1.000000 7.969558 0.697246 34.564103
1.000000 7.969558 0.697246 34.564103
4.533096 11.003631 0.435444 120.311620
6.433657 5.740218 -0.189634 179.237276
5.154154 7.797513 1.543084 139.152815
4.417413 11.054778 3.780038 117.544510
6.276362 7.544257 8.546150 174.833389
6.305489 5.143406 7.909113 176.946375
6.084885 7.191007 9.387090 170.072225
5.600987 9.502926 9.107991 154.153323
1.000000 7.969558 0.697246 34.564103
2.636059 10.705100 1.752063 72.432856
1.895539 10.597827 2.265464 54.907655
3.208650 13.212677 8.515312 96.996725
2.261959 10.079462 4.687961 68.197189
2.570242 11.456665 6.076912 78.093044
1.000000 7.969558 0.697246 34.564103
1.000000 7.969558 0.697246 34.564103
0.891330 4.123441 1.751931 25.501576
1.000000 7.969558 0.697246 34.564103
1.000000 7.969558 0.697246 34.564103
1.000000 7.969558 0.697246 34.564103
1.000000 7.969558 0.697246 34.564103
1.000000 7.969558 0.697246 34.564103
1.000000 7.969558 0.697246 34.564103
1.000000 7.969558 0.697246 34.564103
1.000000 7.969558 0.697246 34.564103
1.000000 7.969558 0.697246 34.564103
1.000000 7.969558 0.697246 34.564103
1.000000 7.969558 0.697246 34.564103
1.000000 7.969558 0.697246 34.564103
1.000000 7.969558 0.697246 34.564103
1.000000 7.969558 0.697246 34.564103
1.000000 7.969558 0.697246 34.564103
1.000000 7.969558 0.697246 34.564103
1.000000 7.969558 0.697246 34.564103
1.000000 7.969558 0.697246 34.564103
1.000000 7.969558 0.697246 34.564103
1.000000 7.969558 0.697246 34.564103
1.000000 7.969558 0.697246 34.564103
1.000000 7.969558 0.697246 34.564103
1.000000 7.969558 0.697246 34.564103
1.000000 7.969558 0.697246 34.564103
1.000000 7.969558 0.697246 34.564103
1.000000 7.969558 0.697246 34.564103
1.000000 7.969558 0.697246 34.564103
1.000000 7.969558 0.697246 34.564103
1.000000 7.969558 0.697246 34.564103
1.000000 7.969558 0.697246 34.564103
1.000000 7.969558 0.697246 34.564103
1.000000 7.969558 0.697246 34.564103
1.591936 11.664214 2.558159 53.568932
1.000000 7.969558 0.697246 34.564103
1.000000 7.969558 0.697246 34.564103
1.000000 7.969558 0.697246 34.564103
1.000000 7.969558 0.697246 34.564103
1.000000 7.969558 0.697246 34.564103
1.000000 7.969558 0.697246 34.564103
1.000000 7.969558 0.697246 34.564103
1.000000 7.969558 0.697246 34.564103
1.000000 7.969558 0.697246 34.564103
1.000000 7.969558 0.697246 34.564103
1.000000 7.969558 0.697246 34.564103
1.000000 7.969558 0.697246 34.564103
1.599993 11.528685 2.691327 53.549474
1.409308 10.719310 1.835247 47.884027
1.296935 9.959904 1.511734 44.189632
1.000000 7.969558 0.697246 34.564103
1.000000 7.969558 0.697246 34.564103
1.000000 7.969558 0.697246 34.564103
1.616351 11.516807 2.725123 53.837781
1.617834 11.523713 2.729399 53.876112
1.000000 7.969558 0.697246 34.564103
1.000000 7.969558 0.697246 34.564103
1.000000 7.969558 0.697246 34.564103
1.000000 7.969558 0.697246 34.564103
1.000000 7.969558 0.697246 34.564103
1.000000 7.969558 0.697246 34.564103
0.304015 0.422559 -0.103270 6.433308
0.206931 0.355973 -0.176064 4.341793
0.267018 0.915754 -0.293287 6.301699
0.161765 0.817677 -0.377214 4.446133
0.084966 0.126585 -0.062806 1.496402
1.172281 9.199110 1.111132 40.282252
1.000000 7.969558 0.697246 34.564103
1.205009 9.387198 1.227153 41.285080
1.205708 9.391613 1.228939 41.305741
0.094398 0.489199 -0.191555 2.469043
0.131918 0.660110 -0.283973 3.495906
0.589591 3.254531 -0.144293 17.776314
0.724154 3.864478 0.058284 21.654688
0.489862 2.605454 -0.182209 14.349679
0.180083 0.944407 -0.241833 4.894514
0.139210 0.757535 -0.089356 3.681390
0.062098 0.352689 -0.098634 1.648915
0.433538 2.337907 -0.303319 12.753278
0.222857 1.149121 -0.338494 6.121335
0.212372 1.100734 -0.340572 5.866123
0.167359 0.817607 -0.302178 4.381578
0.151632 0.488289 -0.226022 3.441366
0.535348 2.846275 0.691695 15.898506
0.080764 0.506728 0.008672 2.255164
0.567483 2.969184 0.160156 16.638319
0.059899 0.341458 -0.095889 1.592923
1.101833 6.087463 1.232441 33.952305
1.937170 10.046825 4.202690 59.815534
2.742388 15.591691 7.302432 87.004248
2.964068 15.593786 8.073603 91.763843
1.856244 9.228515 3.540119 56.625690
1.455795 7.678811 2.245782 44.868945
2.693982 12.591423 6.833906 81.904486
1.600251 10.928178 2.655081 51.917617
3.357648 15.612474 9.557380 102.135372
1.606486 10.911198 2.637923 51.868717
3.691099 13.508123 10.068581 110.229451
2.927307 15.296029 7.413648 88.679892
2.296939 13.693590 5.278088 72.045421
3.695831 14.905840 9.365981 108.160317
3.124141 12.619813 8.223763 94.977280
3.451401 14.643136 9.397316 103.523422
1.423537 7.008144 2.000142 43.068652
1.615417 8.031211 2.509427 49.209998
1.615710 8.043517 2.535711 49.100667
2.570982 11.457332 6.074262 78.095448
2.141919 9.316405 4.494806 64.962895
0.236153 1.227456 -0.396737 6.600913
0.208075 1.075034 -0.229864 5.573463
0.109422 0.555737 -0.212434 2.843090
0.485351 2.798090 -0.309932 14.899964
0.905316 5.078275 0.540075 27.895848
0.473641 2.670017 -0.318970 14.388848
0.637791 3.616845 -0.075334 19.514516
0.751634 4.213309 0.127669 22.895401
0.897069 4.912259 0.512249 27.520499
0.724546 3.880356 0.075846 21.615781
0.372162 2.037323 -0.362117 11.056454
0.146879 0.792474 -0.083140 3.855440
0.476947 1.088707 0.049423 11.134755
0.357099 0.554958 -0.094312 7.791347
0.508370 1.274434 0.212869 12.287431
0.174079 0.696346 0.507075 4.603274
0.489239 2.225619 -0.146848 13.383251
0.510851 1.833889 -0.171409 12.876877
0.478195 1.322609 -0.001064 11.437491
0.599531 1.682005 0.151259 14.732430
0.529839 1.360717 0.029762 12.590840
0.587966 1.598882 0.189089 14.417194
0.575660 1.802904 0.178361 14.328588
0.456088 1.815969 0.542098 12.060181
0.602023 2.440697 0.202465 15.934691
1.600441 11.535037 2.698162 53.597637
0.688007 4.024327 0.487947 20.834024
0.694802 4.097705 0.505876 21.100145
0.797249 4.888304 0.733402 24.851834
1.402751 8.928151 2.496074 45.182587
1.402186 8.927945 2.496441 45.178209
0.806705 5.117558 0.893921 25.348469
1.227165 8.320782 1.927251 40.073227
0.916061 5.894529 1.150351 29.123345
0.134306 0.088980 -0.010519 2.469401
0.175688 0.144284 -0.102430 3.416831
0.246893 0.438862 -0.165909 5.223650
0.339743 1.033002 0.485423 8.386701
0.173434 0.858812 -0.379013 4.690133
0.320914 0.992977 -0.276838 7.450619
0.391805 1.252925 -0.275135 9.327693
0.619691 2.766480 0.173644 16.970685
0.579620 2.307473 0.158613 15.217726
0.616279 2.296486 0.125995 15.992044
0.557003 2.375493 0.323389 14.996318
0.609839 2.559973 0.200219 16.299856
0.606753 3.393087 0.486297 18.183016
0.600637 2.741047 0.222156 16.392202
0.770061 3.816793 0.574115 22.123511
0.434966 2.359165 -0.096036 12.927205
1.410762 6.949119 1.997151 42.801187
2.062296 9.135656 4.305119 62.936708
1.481093 6.813955 2.031364 43.702114
1.308175 6.318845 1.632168 39.258096
0.452370 2.567342 -0.339406 13.812236
1.843263 9.162518 3.458751 56.618896
0.632983 3.600903 -0.072862 19.428427
0.892211 4.892568 0.501778 27.389776
0.592657 3.255463 -0.150675 17.848423
0.487679 2.805972 -0.311277 14.939260
4.297415 11.978941 11.242033 124.961035
3.598418 12.946135 9.938585 107.738347
4.189563 14.026375 12.241499 124.827762
0.152771 0.887821 0.014366 4.167831
0.816340 4.261374 0.223244 24.163270
0.580069 3.016186 0.144336 16.931591
0.412268 2.239682 -0.270937 12.231359
3.316120 9.826798 7.865081 96.920353
2.786120 9.533143 6.708947 83.138282
1.394206 6.485519 1.952016 41.786944
3.186073 11.179894 7.901843 94.137773
3.680301 11.650703 5.530521 98.696157
4.605104 13.796017 12.326633 133.366712
2.846621 13.703575 6.498798 84.275172
0.247129 1.315401 -0.435671 7.081736
0.380797 2.088147 -0.377345 11.290563
0.292522 1.165875 -0.327488 7.229549
0.237437 1.261851 -0.447370 6.801388
0.182841 0.914862 -0.404162 4.997182
0.231388 1.205197 -0.397631 6.482733
0.180716 0.820495 -0.304767 4.585357
0.191247 0.894291 -0.339106 4.966344
0.132058 0.660492 -0.284211 3.497997
0.369976 1.151473 0.479423 9.172175
0.423984 0.702090 0.030538 9.528683
0.479410 0.978038 -0.068770 11.050401
0.339449 0.553247 -0.147451 7.295024
0.238389 0.512914 0.118224 5.050340
0.355350 1.992958 -0.426813 10.685747
0.341374 1.890948 -0.409546 10.199362
0.314704 1.765767 -0.447987 9.470354
0.358125 1.475313 -0.302770 9.145759
0.333464 1.817456 -0.455334 9.860746
0.359719 1.633318 -0.310807 9.605617
0.389345 0.916168 -0.201336 8.828843
0.559183 1.683356 -0.029074 13.720364
0.444780 1.072480 -0.145324 10.266080
0.504564 1.649737 0.332920 12.731479
0.405124 2.191370 -0.406098 11.914992
1.470226 10.067330 2.549930 48.380704
1.596867 11.490934 2.686755 53.408457
1.564941 11.378893 2.519561 52.457832
0.640044 3.145230 0.256185 18.023494
0.630547 3.264043 0.330546 18.091837
0.662779 3.631416 0.400756 19.547710
0.675920 4.000534 0.391790 20.598118
0.817368 5.053838 0.796416 25.615264
0.668709 3.966498 0.353346 20.455824
0.649485 3.311127 0.287363 18.614455
0.677804 3.994925 0.367235 20.659026
0.662173 3.274890 0.214246 18.787070
0.654776 3.751497 0.251785 19.724693
0.635052 3.707559 0.225010 19.316138
0.602191 2.568857 0.194778 16.134119
0.601448 2.805043 0.223447 16.504456
0.650921 3.371721 0.261552 18.800065
0.918685 5.594732 1.006730 28.950198
0.921743 5.333012 0.883593 28.331473
0.772459 4.557478 0.513343 23.836280
1.402750 8.199183 2.470656 44.214304
0.550477 2.041893 0.335576 14.317566
0.644472 2.522006 0.178698 17.017350
0.556684 2.741358 0.503873 15.792825
0.471209 2.556797 0.635006 13.948758
0.553109 3.231002 0.583510 17.077425
0.614335 2.553149 0.194416 16.454102
0.612411 2.056649 0.131214 15.543613
0.567701 2.819983 0.030339 16.071551
0.577110 1.729297 0.040317 14.191083
0.591879 2.224563 0.077265 15.396575
0.576624 2.165275 -0.015958 14.950450
0.606969 3.145986 0.165811 17.391819
0.597208 3.434742 0.437234 18.071987
0.568464 3.295498 0.527700 17.353606
0.713285 4.324083 0.308747 22.323992
0.798510 5.221654 0.017217 25.252023
0.754893 4.795123 0.045478 23.601031
0.907998 6.099096 -0.025485 29.136571
1.112415 7.646029 -0.301609 36.217499
0.580517 3.138593 0.313128 16.714050
0.608352 3.222741 0.161488 17.496919
0.576854 2.987077 0.216696 16.330212
0.573535 2.914648 0.236317 16.118899
0.725609 4.537689 0.057359 22.574549
0.231068 1.226126 -0.436989 6.621379
0.362742 2.061523 -0.426643 10.968638
0.419888 2.362249 -0.379481 12.560716
1.193692 6.411880 1.295715 36.594547
1.186426 6.394026 1.262865 36.618911
0.748858 4.204910 0.122837 22.873869
0.584455 3.352813 -0.172200 17.887795
0.907176 5.081024 0.546337 27.894004
0.926787 5.051910 0.514798 28.114403
0.933222 5.675717 1.046011 29.388733
0.770334 4.549836 0.511735 23.791525
0.905555 5.190618 0.785983 28.001606
0.673862 3.905168 0.071231 20.616840
0.604657 3.332865 0.046744 17.887005
0.685562 3.913133 0.431459 20.549080
0.629943 3.198406 0.317466 17.900467
0.669140 3.780518 0.471601 19.868130
2.368778 11.807744 5.753470 72.681591
2.407924 13.732051 6.039858 76.550493
1.402418 8.200402 2.472225 44.217658
1.900471 12.618072 3.823339 62.030857
1.000000 7.969558 0.697246 34.564103
1.902617 12.626561 3.829351 62.083441
0.933893 5.757776 1.095442 29.368758
1.601373 10.989142 2.906512 52.779098
1.000000 7.969558 0.697246 34.564103
2.317652 11.267240 5.468981 71.044764
2.870411 15.038558 7.667491 88.873489
3.280616 15.351727 9.254046 100.067441
3.490003 14.983780 9.623143 104.385535
2.263684 10.092055 4.703955 68.139578
1.944989 10.233595 4.305658 60.152544
1.462444 7.709153 2.300979 44.803809
2.536386 14.342654 6.502609 80.272530
1.526967 8.397910 2.884269 47.635863
1.675610 9.565994 3.353914 52.540624
1.106515 6.133900 1.310444 33.895016
0.583879 3.350688 -0.173567 17.888093
0.611217 3.353665 0.052194 18.029099
0.603855 3.451741 -0.067538 18.308275
0.584835 3.429603 -0.094493 17.956984
0.668134 3.883982 0.015437 20.654115
0.539965 3.122901 -0.239521 16.604424
0.603949 2.693906 -0.148426 16.546100
0.527655 2.587328 -0.183214 14.900554
0.551255 2.176093 0.011953 14.465739
0.549971 2.750280 -0.005453 15.636826
1.652289 10.436549 3.254460 53.174573
1.000000 7.969558 0.697246 34.564103
1.000000 7.969558 0.697246 34.564103
1.000000 7.969558 0.697246 34.564103
1.000000 7.969558 0.697246 34.564103
1.000000 7.969558 0.697246 34.564103
1.000000 7.969558 0.697246 34.564103
1.000000 7.969558 0.697246 34.564103
1.000000 7.969558 0.697246 34.564103
1.000000 7.969558 0.697246 34.564103
0.628030 2.916151 0.329498 17.467350
0.475053 1.794542 -0.215839 12.091553
0.543191 2.798203 0.477210 15.693594
1.566976 10.871260 -1.025141 51.461220
1.736953 12.773358 -0.862330 58.106013
1.567722 10.873024 -1.026397 51.473682
1.684401 11.929299 -1.134424 55.707780
1.504846 10.621279 -0.848105 49.638674
0.612470 3.233571 0.162596 17.567405
0.553693 3.029744 0.155504 15.943791
0.542347 3.000926 0.258391 15.675143
0.782557 4.927390 0.140258 24.833717
0.871815 5.723066 0.010206 27.971874
0.610515 2.992661 0.303522 17.309083
0.612235 3.372611 0.346005 18.135421
0.633323 2.919617 0.224815 17.507222
0.677416 3.840310 0.507594 20.844029
1.818032 10.219527 -2.042179 56.677728
1.268476 7.050376 -0.539574 39.173942
2.172272 11.865801 -3.024758 67.190305
1.444401 9.073390 -1.104360 46.103429
1.060051 6.315028 -0.186992 33.223483
2.323800 14.851189 -2.925250 74.306404
1.293122 7.209628 -0.600701 39.632497
1.531601 10.261224 -1.112124 49.690712
1.997491 12.345014 -2.440075 63.692194
1.959680 11.862133 -2.340087 62.069442
2.262024 15.113168 -2.681007 73.703954
1.000000 7.969558 0.697246 34.564103
1.084353 8.557773 0.573006 37.207552
1.126619 8.746768 0.479679 38.223823
1.127369 8.750934 0.478738 38.242905
2.202229 15.041394 -2.336460 71.944932
1.087018 6.924534 -0.374227 34.797527
1.519716 10.185739 -1.089386 49.329272
0.870585 5.718407 0.011084 27.947211
1.711601 12.324640 -0.965154 56.746669
0.620337 2.923636 0.214058 17.248603
0.614619 3.374776 0.356565 18.197221
0.643699 3.333865 0.252314 18.562030
0.659980 4.005984 0.229184 20.466054
0.709581 4.525770 0.159702 22.431844
0.628974 3.312795 0.223849 18.237886
0.781164 4.922236 0.140730 24.805598
0.662602 4.015752 0.228217 20.520982
0.946203 6.318068 -0.058821 30.444696
1.474762 9.907830 -1.006036 47.977612
0.910682 6.131338 -0.028535 29.258536
0.652301 3.745789 0.174470 19.635974
0.714218 4.518265 0.154148 22.470938
0.660193 3.914389 0.147075 20.138004
0.582617 2.831860 0.206388 16.158806
0.658444 3.799433 0.133675 19.800962
0.662336 3.806937 0.134036 19.864455
0.719396 4.248057 0.399902 22.413280
0.758334 4.614241 0.251428 23.780782
0.568138 3.236786 0.563882 17.292954
0.672300 4.017930 0.586451 20.442769
0.654595 3.951410 0.556358 19.908134
0.865135 5.660513 1.039222 27.563435
1.292045 8.887252 2.082844 42.431282
0.624029 3.135047 0.197809 17.695856
0.664036 3.634258 0.404617 19.554392
0.607177 2.994836 0.298749 17.238887
0.615762 2.865427 0.225959 16.989934
0.623823 2.786426 0.184896 17.054199
0.595947 2.719769 0.215001 16.286624
0.660838 3.334061 0.267179 18.884430
1.233277 8.366236 1.944493 40.283588
0.468866 1.063478 0.283093 11.249250
0.286256 1.114490 0.531096 7.491782
0.347696 1.685219 0.744821 9.834485
0.340240 1.565508 0.660925 9.655531
0.577839 2.346799 0.325263 15.350430
0.598596 2.040775 0.275788 15.307836
0.462570 2.271224 0.639942 13.086597
0.401276 2.109430 0.789128 11.872800
0.474994 2.535152 0.655527 13.987792
0.413054 2.193423 0.748440 12.181838
0.477748 2.653532 0.694933 14.411653
0.323586 1.497908 0.745645 9.003051
0.338226 1.661677 0.756103 9.618699
0.345833 1.048030 0.641886 8.702351
0.385356 1.692479 0.642402 10.508556
0.437955 1.256757 0.311519 10.691989
0.386271 1.595894 0.629359 10.388466
0.370506 1.589467 0.769704 10.120250
0.277872 1.332933 0.743693 7.917009
0.350348 1.573427 0.726015 9.703085
0.421724 2.134276 0.797323 12.287515
0.374683 1.703543 0.668754 10.508496
0.527843 2.924448 0.692468 15.961887
0.417569 2.195341 0.771965 12.305461
0.415090 1.987175 0.663997 11.636074
0.357039 1.794087 0.737936 10.262088
0.548140 3.008859 0.711902 16.594331
0.404097 2.163525 0.776627 12.040100
0.395645 2.025821 0.792301 11.518074
0.362590 1.722397 0.751593 10.152923
0.468965 1.778206 0.584930 12.269255
0.339573 1.580088 0.673557 9.556119
0.534396 2.875682 0.733040 16.092013
0.340388 1.555936 0.672108 9.558934
0.632986 3.703743 0.491465 18.964902
0.807556 5.131861 0.899531 25.406318
1.471389 10.071199 2.552694 48.404686
1.000854 6.487880 1.358967 32.026862
1.599588 10.963163 2.896865 52.672737
1.393807 10.450703 1.891897 47.173827
1.392792 10.445242 1.889015 47.145999
1.252395 9.674589 1.389457 42.819960
1.000000 7.969558 0.697246 34.564103
0.665489 3.769876 0.468897 19.799011
0.747940 4.596367 0.746438 23.166734
0.809523 4.988091 0.772062 25.315350
0.595167 3.436936 -0.002373 17.994410
0.913794 5.886222 1.146726 29.075461
0.976311 6.233277 1.268735 31.128277
0.745313 4.580960 0.740183 23.105918
0.974120 6.225057 1.264995 31.080266
0.572946 2.978216 0.226662 16.218928
0.607473 3.352779 0.372896 17.725900
0.580163 2.920733 0.223758 16.275666
0.613380 3.282045 0.149745 17.751712
0.586201 2.922957 0.239584 16.415032
0.621132 3.187674 0.330744 17.699836
0.596770 2.841717 0.238053 16.466822
0.603733 3.075058 0.174781 17.130479
0.605208 2.827068 0.222494 16.619046
0.607076 2.859533 0.214359 16.782758
0.674285 4.028356 0.590611 20.482305
0.614070 3.360465 0.357854 17.873285
0.573155 3.160883 0.338484 16.616398
0.626372 3.633666 0.078085 18.651766
1.223529 8.525831 -0.437845 40.072696
0.842602 5.547219 0.036928 26.931904
1.150374 7.921479 -0.357804 37.474705
1.616405 11.199801 -1.114135 53.012728
1.151564 7.925849 -0.359121 37.498127
1.397163 9.874614 -0.672209 46.065372
0.976209 6.659126 -0.147976 31.532098
1.224872 8.530823 -0.439762 40.099313
0.798307 5.247148 -0.016455 25.225884
0.753416 4.802813 0.045945 23.606916
0.673284 4.131303 0.057571 20.565713
0.974318 6.651683 -0.145933 31.494153
0.675951 4.140065 0.056408 20.611692
0.626591 3.652733 0.071795 18.717020
0.844210 5.553540 0.036051 26.964949
1.505745 10.624111 -0.849870 49.655534
1.092045 8.622192 0.588257 37.452091
1.027119 8.175791 0.675812 35.461685
1.000000 7.969558 0.697246 34.564103
1.209732 9.499205 0.456216 41.343080
1.767631 13.039517 -0.903322 59.242728
1.594020 11.557782 -0.801652 53.055289
1.539726 10.943203 -0.882131 50.936245
1.197668 9.377820 0.449401 40.828673
1.752957 12.853328 -0.906697 58.547729
1.506385 11.541342 -0.121309 51.020050
1.084499 8.588136 0.610976 37.282174
1.000000 7.969558 0.697246 34.564103
1.145860 8.003425 -0.331363 37.475068
0.076309 0.332354 0.259586 1.997108
0.131330 0.508486 0.365310 3.314310
0.759452 3.954174 0.543180 22.495771
0.579410 3.358868 0.121933 17.123075
0.556281 3.044010 0.146774 16.040887
0.800060 5.220948 0.015985 25.263455
5.790550 6.861893 -8.583547 165.737846
3.049481 15.520869 -6.051821 94.758810
1.455380 10.543982 -0.259295 47.501774
3.016232 16.583727 -5.636884 93.825124
1.413368 10.455704 -0.138585 46.690967
1.000000 7.969558 0.697246 34.564103
1.000000 7.969558 0.697246 34.564103
2.320456 14.838036 -2.917685 74.224019
1.000000 7.969558 0.697246 34.564103
0.761629 4.606439 0.288965 23.939771
0.806034 4.863168 0.233809 25.278941
0.721395 4.259737 0.396150 22.475058
0.844579 4.939079 0.225674 26.196674
0.577451 3.316421 0.574449 17.710844
1.184120 6.994587 -0.419984 36.974506
1.086498 6.923937 -0.374547 34.792103
1.444517 9.071463 -1.103491 46.097278
1.990514 13.435485 -1.986836 64.785400
1.945048 12.945025 -1.703461 61.924117
1.058715 6.320683 -0.201567 33.154802
0.840169 4.898915 0.244623 26.157102
1.746506 9.921980 -1.892466 54.770880
1.055795 6.041618 -0.124898 32.675706
1.055617 6.041090 -0.124506 32.680490
0.325772 1.579667 0.752108 9.221939
2.868684 15.899480 -5.174342 89.643377
0.495326 2.162332 0.619014 13.424812
0.568145 1.693141 0.273031 14.150981
0.425397 1.941732 0.686775 11.716562
0.678249 3.856663 0.491076 20.799156
0.461454 2.280654 0.626900 13.070878
0.576288 3.298174 0.588660 17.730849
0.539506 3.081799 0.602565 16.497342
1.000000 7.969558 0.697246 34.564103
1.000000 7.969558 0.697246 34.564103
1.000000 7.969558 0.697246 34.564103
1.000000 7.969558 0.697246 34.564103
1.000000 7.969558 0.697246 34.564103
1.000000 7.969558 0.697246 34.564103
1.000000 7.969558 0.697246 34.564103
1.000000 7.969558 0.697246 34.564103
1.000000 7.969558 0.697246 34.564103
1.000000 7.969558 0.697246 34.564103
1.000000 7.969558 0.697246 34.564103
1.000000 7.969558 0.697246 34.564103
1.000000 7.969558 0.697246 34.564103
1.000000 7.969558 0.697246 34.564103
1.000000 7.969558 0.697246 34.564103
1.000000 7.969558 0.697246 34.564103
3.309290 11.022613 -1.388125 91.559339
2.065491 10.880714 -0.866032 59.490579
1.000000 7.969558 0.697246 34.564103
1.000000 7.969558 0.697246 34.564103
1.000000 7.969558 0.697246 34.564103
1.000000 7.969558 0.697246 34.564103
1.232027 8.933972 0.489839 39.902154
1.398270 9.878377 -0.674052 46.086128
1.771320 13.152421 -0.850037 59.541049
1.000000 7.969558 0.697246 34.564103
1.025230 8.159304 0.674473 35.391306
1.000000 7.969558 0.697246 34.564103
1.000000 7.969558 0.697246 34.564103
1.000000 7.969558 0.697246 34.564103
1.000000 7.969558 0.697246 34.564103
1.000000 7.969558 0.697246 34.564103
1.000000 7.969558 0.697246 34.564103
1.000000 7.969558 0.697246 34.564103
1.000000 7.969558 0.697246 34.564103
1.000000 7.969558 0.697246 34.564103
1.000000 7.969558 0.697246 34.564103
1.000000 7.969558 0.697246 34.564103
1.000000 7.969558 0.697246 34.564103
1.000000 7.969558 0.697246 34.564103
1.000000 7.969558 0.697246 34.564103
1.000000 7.969558 0.697246 34.564103
1.000000 7.969558 0.697246 34.564103
1.000000 7.969558 0.697246 34.564103
1.000000 7.969558 0.697246 34.564103
1.000000 7.969558 0.697246 34.564103
4.758743 13.841933 -8.697207 134.163631
2.996929 15.438499 -5.022251 90.184957
2.386561 10.323975 -3.603698 71.630279
3.628906 16.509706 -6.863083 107.409002
3.251056 16.685430 -6.477211 99.456945
2.677420 9.289007 -5.086894 80.966186
0.830581 3.513027 -0.734676 22.338605
2.891605 8.412156 -6.204784 87.184912
1.000000 7.969558 0.697246 34.564103
1.000000 7.969558 0.697246 34.564103
1.000000 7.969558 0.697246 34.564103
1.000000 7.969558 0.697246 34.564103
1.990131 12.878895 -1.645549 62.089903
3.333703 16.543084 -6.944633 102.571027
3.171621 14.269354 -5.909684 96.366601
4.251885 10.129878 -8.592888 123.783313
1.601993 11.088344 -0.600776 51.091168
4.172082 14.393146 -8.862015 121.399831
2.706526 12.706677 -3.409343 77.680453
5.357165 9.499357 -8.946415 152.351306
3.441597 9.768813 -6.083862 101.104456
5.035097 8.194947 -9.739910 146.366352
1.000000 7.969558 0.697246 34.564103
1.086864 8.582035 0.572825 37.313486
1.992004 13.440722 -1.990388 64.819262
2.258233 14.850534 -2.735068 73.191924
1.000000 7.969558 0.697246 34.564103
1.000000 7.969558 0.697246 34.564103
1.000000 7.969558 0.697246 34.564103
1.023619 8.147561 0.679938 35.331849
1.000000 7.969558 0.697246 34.564103
1.000000 7.969558 0.697246 34.564103
1.766358 13.033392 -0.900299 59.210934
1.022875 8.140798 0.679774 35.301841
1.002158 7.986155 0.696231 34.635155
1.000000 7.969558 0.697246 34.564103
1.000000 7.969558 0.697246 34.564103
1.000000 7.969558 0.697246 34.564103
1.000000 7.969558 0.697246 34.564103
1.000000 7.969558 0.697246 34.564103
1.000000 7.969558 0.697246 34.564103
1.000000 7.969558 0.697246 34.564103
1.000000 7.969558 0.697246 34.564103
1.000000 7.969558 0.697246 34.564103
1.000000 7.969558 0.697246 34.564103
1.000000 7.969558 0.697246 34.564103
1.000000 7.969558 0.697246 34.564103
1.000000 7.969558 0.697246 34.564103
1.000000 7.969558 0.697246 34.564103
1.000000 7.969558 0.697246 34.564103
1.000000 7.969558 0.697246 34.564103
1.000000 7.969558 0.697246 34.564103
1.000000 7.969558 0.697246 34.564103
1.000000 7.969558 0.697246 34.564103
1.000000 7.969558 0.697246 34.564103
1.000000 7.969558 0.697246 34.564103
1.000000 7.969558 0.697246 34.564103
1.000000 7.969558 0.697246 34.564103
1.000000 7.969558 0.697246 34.564103
1.000000 7.969558 0.697246 34.564103
1.000000 7.969558 0.697246 34.564103
1.000000 7.969558 0.697246 34.564103
1.000000 7.969558 0.697246 34.564103
1.000000 7.969558 0.697246 34.564103
1.000000 7.969558 0.697246 34.564103
1.000000 7.969558 0.697246 34.564103
1.000000 7.969558 0.697246 34.564103
1.000000 7.969558 0.697246 34.564103
1.000000 7.969558 0.697246 34.564103
1.000000 7.969558 0.697246 34.564103
1.000000 7.969558 0.697246 34.564103
1.000000 7.969558 0.697246 34.564103
1.000000 7.969558 0.697246 34.564103
1.000000 7.969558 0.697246 34.564103
1.000000 7.969558 0.697246 34.564103
0.145452 0.715206 0.338179 3.899989
0.525902 2.579049 -0.111681 14.825216
1.494557 6.327966 -1.157989 43.527760
2.447053 9.523816 -4.387618 74.223676
1.530830 6.760132 -1.211290 44.985136
0.210734 1.115054 0.202461 5.713019
0.831254 3.892446 0.249446 23.812037
0.794272 3.790308 0.300461 22.915054
0.117603 0.625228 0.242970 3.205497
0.468507 2.309050 0.703756 13.472423
2.964184 10.264186 -5.393994 87.788460
0.911116 4.480732 0.200243 26.831176
1.441592 6.545270 -1.072127 42.773040
0.973121 4.738304 0.214857 28.405462
0.163287 0.748226 0.391361 4.320466
0.468822 2.309859 0.704081 13.476764
0.243409 1.123096 0.663987 6.822329
0.295380 1.419169 0.746420 8.454042
0.278358 1.360888 0.716431 8.102747
0.431376 2.163847 0.792122 12.562190
0.417751 2.130161 0.802315 12.156678
0.309697 1.454811 0.741794 8.682097
0.439277 2.234510 0.801115 12.731641
0.455085 2.285338 0.796148 13.146284
0.853328 4.348833 0.401737 25.216466
0.756299 3.336711 -0.779824 20.652021
0.106601 0.529961 0.290399 2.888759
0.533108 2.643374 0.774824 15.311420
0.233237 1.182447 0.261924 6.232918
0.810310 4.104793 0.444605 24.064103
4.163381 13.387716 -8.650487 121.813395
0.663672 3.523462 0.627129 19.830310
0.663855 3.516582 0.637163 19.872000
1.429823 6.932748 -0.828938 42.712384
2.293509 11.007123 -3.044586 69.772766
2.092136 10.832697 -2.760549 64.348067
3.740276 11.294982 -8.042687 110.086904
3.610949 13.898335 -7.638088 108.054386
1.612921 7.295270 -1.149069 47.509223
2.763594 10.614719 -4.429756 81.948492
3.536843 12.674225 -7.317011 105.429142
3.040901 12.740283 -6.021528 92.589518
1.369875 6.550607 -0.662840 41.019435
2.283216 9.685142 -3.368735 69.187848
1.999089 9.308641 -2.629166 61.152183
2.038054 10.642301 -2.630117 62.930978
0.344706 1.617600 0.679549 9.772517
0.336810 1.616328 0.748738 9.490640
0.377554 1.667793 0.667315 10.614994
0.479356 2.019400 0.719429 13.017591
0.540859 2.905404 0.729762 16.263470
0.402407 2.118395 0.788157 11.914958
0.418895 2.145238 0.791871 12.162981
1.244707 6.280649 -0.455354 37.705163
0.479578 2.653756 0.714243 14.504939
0.528206 2.910961 0.722072 16.049053
1.349568 6.875880 -0.536042 40.583579
1.138810 6.000542 -0.130935 34.668595
1.127059 5.984157 -0.157699 34.331078
0.804153 4.431990 0.419873 24.648148
0.724909 3.786894 0.546567 21.709694
0.765785 4.256176 0.460935 23.605308
0.768576 4.307985 0.404102 23.489137
0.243098 1.122260 0.663465 6.817090
1.000000 7.969558 0.697246 34.564103
