1.000000 7.969558 0.697246 34.564103
1.000000 7.969558 0.697246 34.564103
1.000000 7.969558 0.697246 34.564103
1.000000 7.969558 0.697246 34.564103
1.000000 7.969558 0.697246 34.564103
1.326328 9.635601 0.092604 43.183880
3.468971 16.414562 -6.207499 103.066571
2.888625 16.560687 -5.224459 90.952375
3.479994 15.309174 -6.639358 105.228037
2.036186 10.318686 -2.488502 63.359659
1.331938 5.974359 -0.945292 39.791670
1.247230 9.192407 0.292466 40.896914
1.000000 7.969558 0.697246 34.564103
1.360420 9.766481 0.068862 43.902198
1.000000 7.969558 0.697246 34.564103
2.272344 11.942022 -2.283914 65.658656
2.999904 14.633549 -4.152628 87.752185
2.393150 11.855728 -1.443793 68.253145
1.000000 7.969558 0.697246 34.564103
1.000000 7.969558 0.697246 34.564103
1.000000 7.969558 0.697246 34.564103
1.000000 7.969558 0.697246 34.564103
1.000000 7.969558 0.697246 34.564103
1.000000 7.969558 0.697246 34.564103
1.000000 7.969558 0.697246 34.564103
1.000000 7.969558 0.697246 34.564103
1.000000 7.969558 0.697246 34.564103
1.000000 7.969558 0.697246 34.564103
1.000000 7.969558 0.697246 34.564103
1.000000 7.969558 0.697246 34.564103
1.000000 7.969558 0.697246 34.564103
1.000000 7.969558 0.697246 34.564103
1.650542 12.026908 -0.785712 55.035264
1.000000 7.969558 0.697246 34.564103
1.000000 7.969558 0.697246 34.564103
1.000000 7.969558 0.697246 34.564103
1.225309 9.521517 0.362291 41.604360
1.000000 7.969558 0.697246 34.564103
5.478398 7.621422 -9.297478 159.738646
5.863353 8.840028 -8.228099 168.544680
4.694116 12.374334 -9.435616 134.214314
5.222349 9.702952 -9.422606 151.914645
5.396433 11.982272 -8.850905 152.317526
1.000000 7.969558 0.697246 34.564103
5.784008 6.789401 -5.967296 164.674800
1.000000 7.969558 0.697246 34.564103
1.000000 7.969558 0.697246 34.564103
1.000000 7.969558 0.697246 34.564103
1.000000 7.969558 0.697246 34.564103
1.000000 7.969558 0.697246 34.564103
1.000000 7.969558 0.697246 34.564103
1.000000 7.969558 0.697246 34.564103
1.436967 9.375087 0.561625 44.252463
6.421576 4.060612 -5.798501 185.864670
5.820262 6.572117 -4.933532 165.026325
6.084254 5.144970 -6.825260 175.142376
6.778854 2.938824 -3.125050 196.631262
6.424798 4.704452 -1.355106 182.227648
6.125054 4.921392 -4.038040 173.637629
4.781889 9.248278 -4.206863 133.412780
1.000000 7.969558 0.697246 34.564103
1.000000 7.969558 0.697246 34.564103
1.000000 7.969558 0.697246 34.564103
6.036695 5.781853 -7.709382 174.916415
5.343817 10.102853 -6.984484 150.547684
3.186151 11.776789 -0.751283 87.207614
4.655228 12.992870 -5.182488 126.360838
4.609041 11.726766 -9.072168 133.787567
5.506387 9.409578 -5.741479 155.991503
3.996863 13.005892 -6.327610 111.883963
6.368379 3.573002 -4.622515 182.454238
6.614654 2.994578 -1.479824 189.362322
1.000000 7.969558 0.697246 34.564103
1.000000 7.969558 0.697246 34.564103
1.000000 7.969558 0.697246 34.564103
1.000000 7.969558 0.697246 34.564103
1.000000 7.969558 0.697246 34.564103
1.000000 7.969558 0.697246 34.564103
1.000000 7.969558 0.697246 34.564103
1.000000 7.969558 0.697246 34.564103
1.000000 7.969558 0.697246 34.564103
1.000000 7.969558 0.697246 34.564103
6.144622 5.538427 -2.597649 172.968056
6.777119 2.267877 0.212038 195.429401
6.161649 4.752207 1.541863 173.207780
6.522375 2.105498 3.714917 186.309126
1.000000 7.969558 0.697246 34.564103
4.537531 9.129729 3.955786 124.101558
5.760214 8.215225 6.155736 160.317996
1.000000 7.969558 0.697246 34.564103
4.398466 10.963778 -0.158557 117.525638
5.158383 8.399051 -1.152474 140.991087
6.758144 1.808350 2.862544 194.927618
6.439211 3.360259 1.812582 182.894940
6.557872 2.162828 1.508512 187.152593
6.437953 4.625845 4.093939 183.469084
6.369943 4.057277 5.007446 181.025325
6.358143 3.430469 3.067824 180.200513
6.445218 2.590838 4.657712 183.653234
6.640640 2.508299 5.768321 191.375703
6.393602 3.233392 7.037723 182.927644
6.355937 4.898290 6.018128 180.282670
6.351244 3.610078 8.113540 182.601707
1.000000 7.969558 0.697246 34.564103
6.366687 6.497446 6.501094 179.975535
1.000000 7.969558 0.697246 34.564103
5.813914 7.362809 10.870387 165.256151
6.354352 4.328687 6.985554 180.881226
5.943750 4.872760 9.706661 170.260020
1.000000 7.969558 0.697246 34.564103
1.000000 7.969558 0.697246 34.564103
1.000000 7.969558 0.697246 34.564103
1.000000 7.969558 0.697246 34.564103
1.000000 7.969558 0.697246 34.564103
1.000000 7.969558 0.697246 34.564103
1.000000 7.969558 0.697246 34.564103
1.000000 7.969558 0.697246 34.564103
1.000000 7.969558 0.697246 34.564103
1.000000 7.969558 0.697246 34.564103
1.000000 7.969558 0.697246 34.564103
1.000000 7.969558 0.697246 34.564103
1.000000 7.969558 0.697246 34.564103
1.000000 7.969558 0.697246 34.564103
1.000000 7.969558 0.697246 34.564103
1.000000 7.969558 0.697246 34.564103
1.000000 7.969558 0.697246 34.564103
1.000000 7.969558 0.697246 34.564103
1.000000 7.969558 0.697246 34.564103
1.000000 7.969558 0.697246 34.564103
1.000000 7.969558 0.697246 34.564103
1.000000 7.969558 0.697246 34.564103
1.000000 7.969558 0.697246 34.564103
1.000000 7.969558 0.697246 34.564103
1.000000 7.969558 0.697246 34.564103
1.000000 7.969558 0.697246 34.564103
1.000000 7.969558 0.697246 34.564103
1.000000 7.969558 0.697246 34.564103
1.000000 7.969558 0.697246 34.564103
1.116069 8.654380 0.479031 37.837367
1.000000 7.969558 0.697246 34.564103
5.751951 5.637736 10.309669 164.403973
1.000000 7.969558 0.697246 34.564103
1.000000 7.969558 0.697246 34.564103
5.387001 9.407054 0.085385 147.602341
5.893178 6.786422 3.829999 165.161264
1.000000 7.969558 0.697246 34.564103
1.000000 7.969558 0.697246 34.564103
1.000000 7.969558 0.697246 34.564103
5.611993 8.805160 11.743466 160.225923
4.916088 7.615833 11.015762 141.131974
1.680922 7.327209 2.735296 49.932461
2.835904 8.483415 7.622294 85.927219
0.843117 4.016759 1.771603 24.715508
5.690513 9.683801 12.139335 161.564760
5.001554 9.396079 11.549596 144.150301
4.717103 8.246773 11.112021 136.342210
4.559470 11.895934 11.593099 133.089443
5.506498 6.231111 10.666701 157.615933
5.355874 7.037638 11.053760 153.406988
6.099442 5.266006 8.831113 173.147084
6.115339 6.370568 9.619263 173.549062
6.100816 4.315591 9.016531 174.358773
5.816847 6.501942 10.245418 165.374718
1.971788 10.470010 2.175046 56.848511
5.098525 10.984069 6.862677 137.250290
1.504046 9.917617 2.178003 46.890009
4.559068 11.382725 9.079356 126.248049
5.101121 11.195022 10.449475 142.447936
1.000000 7.969558 0.697246 34.564103
1.000000 7.969558 0.697246 34.564103
1.000000 7.969558 0.697246 34.564103
1.000000 7.969558 0.697246 34.564103
1.000000 7.969558 0.697246 34.564103
1.000000 7.969558 0.697246 34.564103
1.000000 7.969558 0.697246 34.564103
1.000000 7.969558 0.697246 34.564103
1.000000 7.969558 0.697246 34.564103
1.000000 7.969558 0.697246 34.564103
1.000000 7.969558 0.697246 34.564103
1.000000 7.969558 0.697246 34.564103
1.024596 8.070670 0.724072 35.117971
4.117010 11.704914 7.569259 112.100892
6.191982 6.584347 7.914523 173.934653
6.083422 8.514817 10.618537 170.907517
1.595591 9.692488 1.613960 48.051728
1.000000 7.969558 0.697246 34.564103
1.000000 7.969558 0.697246 34.564103
1.000000 7.969558 0.697246 34.564103
1.000000 7.969558 0.697246 34.564103
1.000000 7.969558 0.697246 34.564103
1.000000 7.969558 0.697246 34.564103
1.000000 7.969558 0.697246 34.564103
1.000000 7.969558 0.697246 34.564103
1.000000 7.969558 0.697246 34.564103
1.000000 7.969558 0.697246 34.564103
1.000000 7.969558 0.697246 34.564103
1.000000 7.969558 0.697246 34.564103
1.000000 7.969558 0.697246 34.564103
1.000000 7.969558 0.697246 34.564103
1.000000 7.969558 0.697246 34.564103
1.000000 7.969558 0.697246 34.564103
1.000000 7.969558 0.697246 34.564103
1.000000 7.969558 0.697246 34.564103
1.000000 7.969558 0.697246 34.564103
1.000000 7.969558 0.697246 34.564103
1.000000 7.969558 0.697246 34.564103
1.000000 7.969558 0.697246 34.564103
1.000000 7.969558 0.697246 34.564103
1.000000 7.969558 0.697246 34.564103
1.000000 7.969558 0.697246 34.564103
1.000000 7.969558 0.697246 34.564103
1.000000 7.969558 0.697246 34.564103
1.000000 7.969558 0.697246 34.564103
1.000000 7.969558 0.697246 34.564103
1.000000 7.969558 0.697246 34.564103
1.000000 7.969558 0.697246 34.564103
1.000000 7.969558 0.697246 34.564103
5.173418 11.666369 12.937870 148.265582
5.177318 11.936243 13.268205 149.551661
4.629112 13.676474 11.599581 131.549903
1.000000 7.969558 0.697246 34.564103
1.000000 7.969558 0.697246 34.564103
1.000000 7.969558 0.697246 34.564103
1.000000 7.969558 0.697246 34.564103
1.000000 7.969558 0.697246 34.564103
1.000000 7.969558 0.697246 34.564103
1.000000 7.969558 0.697246 34.564103
1.000000 7.969558 0.697246 34.564103
1.000000 7.969558 0.697246 34.564103
1.000000 7.969558 0.697246 34.564103
1.000000 7.969558 0.697246 34.564103
1.000000 7.969558 0.697246 34.564103
1.000000 7.969558 0.697246 34.564103
1.000000 7.969558 0.697246 34.564103
1.000000 7.969558 0.697246 34.564103
1.211726 8.758761 0.884417 39.320076
1.000000 7.969558 0.697246 34.564103
1.000000 7.969558 0.697246 34.564103
1.000000 7.969558 0.697246 34.564103
1.000000 7.969558 0.697246 34.564103
1.000000 7.969558 0.697246 34.564103
1.000000 7.969558 0.697246 34.564103
1.318939 9.754348 1.610314 43.806028
1.190115 9.186925 1.210876 40.465067
1.000000 7.969558 0.697246 34.564103
1.000000 7.969558 0.697246 34.564103
1.000000 7.969558 0.697246 34.564103
1.000000 7.969558 0.697246 34.564103
1.000000 7.969558 0.697246 34.564103
1.000000 7.969558 0.697246 34.564103
1.000000 7.969558 0.697246 34.564103
1.000000 7.969558 0.697246 34.564103
1.000000 7.969558 0.697246 34.564103
1.000000 7.969558 0.697246 34.564103
1.000000 7.969558 0.697246 34.564103
5.865790 8.393823 11.105710 165.600313
5.495494 7.740387 11.131206 156.668424
5.745748 11.686419 12.595763 162.676458
5.453704 10.857469 13.041262 156.731528
3.233828 11.267938 8.067477 96.705249
1.837022 11.214577 2.964443 56.144318
4.163184 14.615273 11.573518 121.539209
1.340515 9.557751 1.581548 43.460237
2.249976 11.795871 4.503273 67.204324
2.569780 12.947452 5.444542 76.688954
1.000000 7.969558 0.697246 34.564103
1.149187 8.829783 1.088528 38.787080
1.000000 7.969558 0.697246 34.564103
1.000000 7.969558 0.697246 34.564103
2.492195 14.361922 6.190313 78.563025
1.130590 8.805417 1.066474 38.644410
1.000000 7.969558 0.697246 34.564103
1.000000 7.969558 0.697246 34.564103
1.000000 7.969558 0.697246 34.564103
1.000000 7.969558 0.697246 34.564103
1.000000 7.969558 0.697246 34.564103
1.008160 8.004466 0.731531 34.759236
1.180033 8.767808 1.197119 38.947005
3.978351 13.421123 8.231982 110.471274
1.000000 7.969558 0.697246 34.564103
1.442058 10.045168 2.046801 46.346909
5.849442 9.358378 11.925363 165.566435
4.137175 13.259646 9.085041 116.549055
5.108420 13.438841 12.639128 145.359722
5.151639 9.431671 11.924636 147.511241
4.118607 10.258953 10.664659 120.800973
1.191614 8.980223 1.189538 39.687665
1.000000 7.969558 0.697246 34.564103
1.000000 7.969558 0.697246 34.564103
2.387324 11.633218 3.937100 68.835806
1.000000 7.969558 0.697246 34.564103
1.000000 7.969558 0.697246 34.564103
1.000000 7.969558 0.697246 34.564103
1.000000 7.969558 0.697246 34.564103
1.000000 7.969558 0.697246 34.564103
1.000000 7.969558 0.697246 34.564103
1.000000 7.969558 0.697246 34.564103
1.000000 7.969558 0.697246 34.564103
1.000000 7.969558 0.697246 34.564103
4.066041 11.282459 0.137580 108.254446
6.313766 6.032957 -0.055433 177.712627
4.762136 7.839605 1.454268 128.968031
3.911211 11.313071 3.558876 104.822636
6.275035 8.231459 9.043044 175.551694
6.278549 5.237089 7.997407 178.092125
6.148095 7.717280 9.799244 172.990793
5.391606 10.462885 8.997521 147.843226
1.000000 7.969558 0.697246 34.564103
2.221318 10.356864 1.784580 62.732569
1.447562 9.598622 1.761365 45.065860
3.215319 13.423712 8.767727 98.243049
2.273404 10.238499 4.885523 69.306474
2.582844 11.635592 6.308260 79.325045
1.000000 7.969558 0.697246 34.564103
1.000000 7.969558 0.697246 34.564103
0.885788 4.138876 1.785404 25.696555
1.000000 7.969558 0.697246 34.564103
1.000000 7.969558 0.697246 34.564103
1.000000 7.969558 0.697246 34.564103
1.000000 7.969558 0.697246 34.564103
1.000000 7.969558 0.697246 34.564103
1.000000 7.969558 0.697246 34.564103
1.000000 7.969558 0.697246 34.564103
1.000000 7.969558 0.697246 34.564103
1.000000 7.969558 0.697246 34.564103
1.000000 7.969558 0.697246 34.564103
1.000000 7.969558 0.697246 34.564103
1.000000 7.969558 0.697246 34.564103
1.000000 7.969558 0.697246 34.564103
1.000000 7.969558 0.697246 34.564103
1.000000 7.969558 0.697246 34.564103
1.000000 7.969558 0.697246 34.564103
1.000000 7.969558 0.697246 34.564103
1.000000 7.969558 0.697246 34.564103
1.000000 7.969558 0.697246 34.564103
1.000000 7.969558 0.697246 34.564103
1.000000 7.969558 0.697246 34.564103
1.000000 7.969558 0.697246 34.564103
1.000000 7.969558 0.697246 34.564103
1.000000 7.969558 0.697246 34.564103
1.000000 7.969558 0.697246 34.564103
1.000000 7.969558 0.697246 34.564103
1.000000 7.969558 0.697246 34.564103
1.000000 7.969558 0.697246 34.564103
1.000000 7.969558 0.697246 34.564103
1.000000 7.969558 0.697246 34.564103
1.000000 7.969558 0.697246 34.564103
1.000000 7.969558 0.697246 34.564103
1.551981 11.482760 2.400836 52.435400
1.000000 7.969558 0.697246 34.564103
1.000000 7.969558 0.697246 34.564103
1.000000 7.969558 0.697246 34.564103
1.000000 7.969558 0.697246 34.564103
1.000000 7.969558 0.697246 34.564103
1.000000 7.969558 0.697246 34.564103
1.000000 7.969558 0.697246 34.564103
1.000000 7.969558 0.697246 34.564103
1.000000 7.969558 0.697246 34.564103
1.000000 7.969558 0.697246 34.564103
1.000000 7.969558 0.697246 34.564103
1.000000 7.969558 0.697246 34.564103
1.565795 11.407145 2.549660 52.673265
1.361575 10.435033 1.679585 46.413866
1.253549 9.693031 1.378497 42.839284
1.000000 7.969558 0.697246 34.564103
1.000000 7.969558 0.697246 34.564103
1.000000 7.969558 0.697246 34.564103
1.556024 11.232879 2.507936 52.089809
1.556024 11.232881 2.507937 52.089820
1.000000 7.969558 0.697246 34.564103
1.000000 7.969558 0.697246 34.564103
1.000000 7.969558 0.697246 34.564103
1.000000 7.969558 0.697246 34.564103
1.000000 7.969558 0.697246 34.564103
1.000000 7.969558 0.697246 34.564103
0.099215 0.408796 -0.268023 2.551914
0.060127 0.261938 -0.184559 1.582847
0.136618 0.684921 -0.318734 3.771746
0.154105 0.790402 -0.360132 4.298551
0.009158 0.038603 -0.039309 0.223452
1.142141 8.993127 1.031435 39.304497
1.000000 7.969558 0.697246 34.564103
1.172607 9.176934 1.133976 40.255913
1.172607 9.176935 1.133976 40.255918
0.089509 0.470474 -0.180230 2.371532
0.124890 0.634408 -0.268979 3.356142
0.579114 3.234425 -0.119870 17.708196
0.716381 3.862323 0.083200 21.697516
0.481474 2.590046 -0.162929 14.298635
0.173970 0.923980 -0.229524 4.791585
0.134508 0.740995 -0.081403 3.604438
0.058439 0.336706 -0.091255 1.572792
0.424316 2.316168 -0.283760 12.661712
0.215822 1.126977 -0.323387 6.006917
0.205076 1.077077 -0.325385 5.743687
0.156486 0.778346 -0.286377 4.162710
0.066755 0.314272 -0.214309 1.817272
0.530426 2.846862 0.709240 15.970507
0.078353 0.496672 0.012042 2.216888
0.561697 2.967504 0.178390 16.682672
0.056996 0.329146 -0.089481 1.535127
1.093541 6.111276 1.292146 34.135782
1.954528 10.261391 4.375977 61.107547
2.634910 15.464938 6.830797 84.224395
2.784696 15.269619 7.380312 87.116844
1.861511 9.349760 3.683785 57.442209
1.452810 7.744799 2.340838 45.314293
2.722263 12.862605 7.070981 83.641397
1.460160 10.372302 2.158324 48.018274
3.216524 15.476283 9.075224 98.749186
1.465324 10.354941 2.147863 47.969611
3.680965 13.782107 10.273538 111.000408
2.625500 14.459360 6.280743 80.435971
2.006311 12.659747 4.190144 63.923688
3.506724 14.564160 8.889044 103.521142
3.146248 12.891496 8.491453 96.521219
3.373579 14.606607 9.282994 102.107251
1.417148 7.051426 2.077650 43.425490
1.611066 8.097994 2.618814 49.672657
1.610741 8.108654 2.646463 49.558286
2.582844 11.635592 6.308260 79.325053
2.158637 9.468808 4.670454 66.212638
0.228282 1.202328 -0.379828 6.470793
0.201769 1.055321 -0.217143 5.474146
0.102674 0.530166 -0.198541 2.705158
0.471648 2.756856 -0.283127 14.702396
0.891336 5.062282 0.585317 27.838533
0.462951 2.642235 -0.297887 14.270137
0.624205 3.586248 -0.044029 19.379533
0.735489 4.178844 0.166010 22.733542
0.886127 4.907365 0.550810 27.539439
0.715225 3.872522 0.103268 21.623529
0.362950 2.012107 -0.343697 10.942447
0.142272 0.776744 -0.074922 3.782275
0.381484 1.184954 -0.092141 9.662050
0.176616 0.666476 -0.166514 4.430489
0.447087 1.423131 0.218297 11.740635
0.167056 0.681974 0.497250 4.508748
0.271424 1.545350 -0.418272 8.285190
0.246278 1.265914 -0.403984 7.094435
0.335117 1.313034 -0.089082 8.912500
0.504579 1.822150 0.168184 13.615878
0.375234 1.381904 -0.053070 9.855123
0.485797 1.724934 0.232440 13.022856
0.508658 1.930343 0.223504 13.853336
0.331858 1.554596 0.628992 9.445699
0.554475 2.540559 0.208637 15.876178
1.565442 11.418169 2.551861 52.724320
0.592711 3.684898 0.308355 18.643357
0.597033 3.736587 0.320758 18.817118
0.722192 4.610761 0.607360 23.162260
1.414097 9.108482 2.559699 45.976611
1.414097 9.108483 2.559700 45.976613
0.756279 4.992674 0.799266 24.467784
1.196530 8.271679 1.836347 39.552696
0.863655 5.731924 1.036701 28.052284
0.016193 0.065172 -0.059364 0.382850
0.054099 0.157371 -0.148545 1.288326
0.068909 0.303720 -0.213240 1.809988
0.229432 0.915710 0.507252 6.219813
0.155783 0.796858 -0.360272 4.335370
0.142181 0.714029 -0.341411 3.940701
0.161631 0.834098 -0.388143 4.559898
0.539633 2.711326 0.070084 15.794727
0.511750 2.345832 0.113933 14.632991
0.526642 2.323188 0.103600 14.920814
0.464966 2.241445 0.424457 13.360072
0.561698 2.650975 0.202143 16.221417
0.530427 3.125465 0.531715 16.444684
0.552472 2.793329 0.224181 16.273453
0.763665 3.822507 0.599915 22.226960
0.427645 2.345129 -0.080133 12.886939
1.407261 7.000830 2.071564 43.217237
2.075254 9.275298 4.471803 64.084341
1.477296 6.861020 2.097621 44.125109
1.302885 6.353657 1.687082 39.595043
0.441209 2.536515 -0.318227 13.676570
1.843463 9.259035 3.602416 57.274966
0.620999 3.575365 -0.043371 19.323094
0.880137 4.883780 0.540075 27.384459
0.582945 3.238760 -0.127706 17.797739
0.472805 2.760872 -0.283222 14.720952
4.327270 12.268893 11.630663 127.125692
3.629545 13.345952 10.178237 109.433510
4.092691 14.402097 12.076421 122.870040
0.149043 0.874992 0.020135 4.118568
0.809224 4.266065 0.251750 24.251073
0.572609 3.009355 0.165131 16.943209
0.403926 2.220201 -0.253531 12.153425
3.335594 9.957342 8.047922 98.637469
2.794641 9.641215 6.868281 84.430299
1.392227 6.532592 2.006080 42.251018
3.208543 11.404202 8.170365 95.881837
3.070467 12.005086 5.127948 83.670310
4.534489 14.396747 12.300164 131.838968
2.516612 12.817827 5.461284 75.609053
0.238482 1.286943 -0.417218 6.936850
0.371035 2.061036 -0.357589 11.167087
0.160002 0.823891 -0.382448 4.506704
0.222235 1.206201 -0.427055 6.507318
0.163310 0.842669 -0.385034 4.596667
0.223170 1.178556 -0.380451 6.344549
0.145495 0.729492 -0.281413 3.911764
0.159104 0.797335 -0.335980 4.341317
0.124890 0.634408 -0.268979 3.356144
0.231461 0.976429 0.531476 6.361354
0.300652 0.881280 -0.005901 7.467170
0.257822 1.006767 -0.257590 6.640860
0.099826 0.447391 -0.276331 2.648429
0.109202 0.433679 0.135579 2.628013
0.345047 1.961385 -0.406497 10.538231
0.331468 1.860898 -0.390267 10.057996
0.301707 1.720429 -0.428266 9.245361
0.193879 1.044556 -0.419144 5.668554
0.301707 1.720429 -0.428266 9.245364
0.205887 1.138029 -0.432525 6.155748
0.137321 0.688151 -0.337602 3.813885
0.375107 1.586803 -0.175625 10.186157
0.146414 0.743341 -0.363253 4.101576
0.423871 1.671617 0.382555 11.519321
0.335539 1.965021 -0.414941 10.430754
1.449885 10.062755 2.475359 48.088521
1.562493 11.375851 2.543825 52.548540
1.525963 11.208306 2.370677 51.378312
0.580708 3.120299 0.232245 17.429122
0.575174 3.223769 0.293795 17.505363
0.577227 3.404325 0.267181 17.846990
0.569096 3.568027 0.194394 17.946124
0.760746 4.846491 0.694379 24.357891
0.569065 3.560490 0.174742 17.987353
0.564894 3.144775 0.181150 17.129732
0.569607 3.562384 0.175691 18.000496
0.557197 3.052383 0.082559 16.761220
0.543740 3.321529 0.074150 17.040322
0.535743 3.300270 0.061747 16.862035
0.555894 2.655722 0.198004 16.105530
0.551945 2.843492 0.229454 16.343720
0.550862 3.120383 0.115999 16.791127
0.901897 5.594894 1.017201 28.886712
0.915569 5.362274 0.928171 28.521308
0.742088 4.468187 0.503877 23.326000
1.420838 8.416430 2.584749 45.321995
0.452533 1.989318 0.437235 12.637091
0.549953 2.493314 0.275377 15.622590
0.456941 2.443428 0.576545 13.599664
0.403820 2.286852 0.656740 12.340012
0.517886 3.099221 0.576910 16.298408
0.540685 2.538761 0.267230 15.534111
0.504796 2.077237 0.076354 13.987607
0.415059 2.346685 -0.220065 12.547582
0.431862 1.705610 -0.080933 11.633963
0.491881 2.202559 0.026557 13.985714
0.363510 1.772644 -0.266783 10.411059
0.551646 3.085905 0.202150 16.741189
0.527487 3.170384 0.493310 16.435844
0.514184 3.086462 0.552076 16.092411
0.681508 4.240701 0.312936 21.763536
0.740052 5.020843 0.121477 24.020367
0.694529 4.605083 0.142340 22.389364
0.875020 6.018865 0.037269 28.544565
1.088530 7.634029 -0.239309 35.914780
0.530250 3.101483 0.293021 16.322806
0.554616 3.175692 0.182951 16.959146
0.527598 2.976338 0.212409 16.059394
0.526583 2.919925 0.235830 15.951962
0.668634 4.368595 0.146557 21.461759
0.217507 1.176868 -0.417519 6.361473
0.335539 1.965021 -0.414940 10.430751
0.356829 2.115828 -0.409476 11.118614
1.182573 6.427817 1.361447 36.728585
1.174715 6.405367 1.329096 36.722459
0.733537 4.172607 0.160865 22.722216
0.567622 3.304393 -0.139116 17.649816
0.892335 5.063592 0.590595 27.832521
0.911699 5.032438 0.559818 28.035474
0.923503 5.707207 1.068925 29.504817
0.742088 4.468186 0.503877 23.325997
0.896036 5.198319 0.829695 28.088202
0.659040 3.871616 0.101692 20.464963
0.483307 2.885770 -0.129495 14.976386
0.588455 3.590897 0.264766 18.382763
0.573969 3.174399 0.293191 17.387351
0.593000 3.584424 0.361457 18.471733
2.394194 12.094246 5.979078 74.385205
2.399879 13.993277 5.977290 76.789196
1.420838 8.416430 2.584749 45.321997
1.825270 12.323368 3.551048 59.952016
1.000000 7.969558 0.697246 34.564103
1.825271 12.323370 3.551049 59.952032
0.920776 5.774130 1.103318 29.393754
1.585113 11.002078 2.837453 52.573453
1.000000 7.969558 0.697246 34.564103
2.341031 11.499193 5.669667 72.538161
2.763367 14.958660 7.259727 86.311268
3.177332 15.316401 8.910811 97.697393
3.305849 14.707475 9.098517 99.987166
2.273886 10.248516 4.902668 69.242327
1.965348 10.475268 4.484642 61.585035
1.460167 7.782466 2.395678 45.294510
2.499891 14.490243 6.335016 79.693956
1.537933 8.561827 3.009903 48.614614
1.699586 9.836639 3.491221 53.902420
1.100088 6.169643 1.370179 34.145392
0.567661 3.304304 -0.140835 17.658659
0.483307 2.885772 -0.129495 14.976393
0.540301 3.226438 -0.113616 16.906999
0.559944 3.342497 -0.084417 17.501202
0.652153 3.843996 0.048077 20.463602
0.505765 2.996327 -0.224691 15.912285
0.435410 2.284786 -0.311798 12.874562
0.370861 2.112774 -0.364008 11.332524
0.353702 1.778592 -0.257039 10.247744
0.416759 2.336650 -0.230861 12.581853
1.672751 10.677550 3.342037 54.258555
1.000000 7.969558 0.697246 34.564103
1.000000 7.969558 0.697246 34.564103
1.000000 7.969558 0.697246 34.564103
1.000000 7.969558 0.697246 34.564103
1.000000 7.969558 0.697246 34.564103
1.000000 7.969558 0.697246 34.564103
1.000000 7.969558 0.697246 34.564103
1.000000 7.969558 0.697246 34.564103
1.000000 7.969558 0.697246 34.564103
0.529634 2.707928 0.416171 15.540964
0.250331 1.272332 -0.412556 7.179533
0.448739 2.479713 0.555905 13.535165
1.561128 10.971545 -0.967644 51.632998
1.677384 12.460361 -0.681609 56.362989
1.561128 10.971545 -0.967644 51.633000
1.677360 12.022080 -1.056921 55.825800
1.496018 10.699764 -0.777811 49.720421
0.554616 3.175693 0.182951 16.959156
0.514221 3.036797 0.168124 15.880192
0.501318 2.990935 0.257815 15.523436
0.761963 4.900918 0.141536 24.578531
0.856755 5.728801 0.023798 27.875439
0.520468 2.772651 0.397551 15.504742
0.525639 3.080456 0.430852 16.199296
0.572381 2.896278 0.259357 16.816719
0.668739 3.843511 0.477389 20.804487
1.860577 10.639010 -2.198430 58.564498
1.278428 7.210703 -0.610465 39.850408
2.221882 12.368765 -3.210843 69.407019
1.473727 9.372810 -1.192708 47.453812
1.072397 6.486606 -0.246444 33.950213
2.174083 14.226668 -2.478679 70.127467
1.304188 7.384366 -0.674004 40.362418
1.528903 10.384727 -1.074096 49.980506
2.034931 12.743263 -2.553481 65.448424
1.996001 12.238017 -2.462014 63.719465
2.135401 14.578687 -2.245848 70.041775
1.000000 7.969558 0.697246 34.564103
1.055515 8.362120 0.620709 36.315507
1.085990 8.509146 0.556683 37.068763
1.085990 8.509147 0.556683 37.068770
2.103365 14.626720 -1.998943 69.159864
1.099170 7.099818 -0.425395 35.550622
1.520741 10.334071 -1.058971 49.737265
0.856755 5.728801 0.023798 27.875439
1.650543 12.026911 -0.785713 55.035279
0.561678 2.894785 0.249297 16.609050
0.529143 3.089300 0.439226 16.285237
0.568292 3.167492 0.316812 17.188984
0.594518 3.761862 0.301154 18.971743
0.653696 4.309291 0.237162 21.152039
0.555608 3.143078 0.292189 16.906240
0.761963 4.900918 0.141536 24.578530
0.594518 3.761863 0.301155 18.971749
0.934991 6.348620 -0.040788 30.453567
1.478825 10.073608 -0.983730 48.479623
0.878064 6.041265 0.034188 28.641321
0.577700 3.518920 0.256153 18.098086
0.652316 4.288021 0.237031 21.080026
0.587566 3.674203 0.238377 18.594571
0.533996 2.849569 0.214671 15.975283
0.589516 3.609852 0.211391 18.481504
0.589516 3.609853 0.211391 18.481514
0.711236 4.268950 0.366866 22.433616
0.748420 4.636700 0.232834 23.807363
0.507387 3.011769 0.578514 15.906061
0.618953 3.908036 0.509874 19.639007
0.605897 3.866886 0.494268 19.288465
0.816461 5.526417 0.930165 26.654955
1.261896 8.836500 1.981019 41.895119
0.564402 3.076029 0.229173 16.965433
0.580678 3.426659 0.282009 17.959278
0.516416 2.768242 0.393860 15.422848
0.563512 2.882160 0.239158 16.639419
0.547955 2.746505 0.101796 16.034739
0.551200 2.779817 0.220590 16.230427
0.574744 3.169315 0.166132 17.361614
1.200813 8.299818 1.847361 39.686567
0.375669 1.165443 0.358126 9.740350
0.267769 1.081063 0.528729 7.194041
0.330762 1.633143 0.728704 9.523692
0.329124 1.537971 0.653160 9.498579
0.478165 2.226044 0.427106 13.569094
0.516631 2.085477 0.359012 14.199108
0.371728 1.972947 0.692668 11.040888
0.387773 2.071350 0.768469 11.647486
0.406282 2.275319 0.675405 12.393238
0.380959 2.080823 0.733864 11.501618
0.456744 2.584923 0.673612 14.003255
0.312527 1.466262 0.736163 8.827404
0.324796 1.619658 0.739626 9.377656
0.326708 1.033301 0.646702 8.420513
0.303618 1.458259 0.674700 8.747965
0.331074 1.271354 0.372778 8.899092
0.296006 1.395543 0.648425 8.524612
0.358637 1.557009 0.760840 9.935824
0.271672 1.315270 0.735434 7.835761
0.339002 1.540639 0.718173 9.525736
0.417235 2.131100 0.792224 12.294494
0.362324 1.672181 0.662633 10.327283
0.516600 2.903241 0.667140 15.813415
0.383888 2.083787 0.753017 11.605148
0.335470 1.728559 0.704048 9.864322
0.329031 1.697478 0.728021 9.687070
0.538377 2.994558 0.687905 16.484669
0.390362 2.123089 0.754373 11.800201
0.384768 1.998165 0.774970 11.357437
0.330494 1.631437 0.728459 9.517245
0.343498 1.545499 0.647585 9.664845
0.321526 1.532713 0.660962 9.248680
0.524998 2.862240 0.712072 15.998424
0.323132 1.513046 0.660065 9.269689
0.582750 3.630990 0.441333 18.380254
0.756854 4.996561 0.800633 24.485804
1.449885 10.062755 2.475360 48.088522
0.958811 6.366383 1.265253 31.189652
1.583917 10.976806 2.829896 52.475341
1.347697 10.197043 1.735582 45.779948
1.347697 10.197041 1.735581 45.779941
1.218690 9.465175 1.285546 41.758198
1.000000 7.969558 0.697246 34.564103
0.592999 3.584422 0.361457 18.471723
0.684054 4.405023 0.625419 21.908162
0.745143 4.752812 0.657973 23.880644
0.537517 3.223557 -0.058190 16.699642
0.863654 5.731924 1.036701 28.052281
0.930974 6.098933 1.180917 30.224142
0.683419 4.397483 0.622856 21.889155
0.930974 6.098933 1.180917 30.224141
0.522849 2.963111 0.219168 15.943875
0.554889 3.288558 0.333549 17.168304
0.532293 2.928672 0.226842 16.081741
0.560201 3.225925 0.179026 17.165499
0.538774 2.936927 0.241908 16.233291
0.567495 3.164039 0.301443 17.247837
0.546066 2.864471 0.243041 16.257688
0.549308 3.038501 0.198200 16.604873
0.552902 2.853551 0.229892 16.378089
0.555404 2.871353 0.228889 16.458164
0.618957 3.910613 0.511152 19.641831
0.560165 3.296114 0.323235 17.283117
0.525269 3.122802 0.314443 16.260305
0.581578 3.591428 0.125448 18.240598
1.205851 8.551518 -0.372422 39.940017
0.807337 5.446471 0.091666 26.255547
1.130944 7.924681 -0.299157 37.256030
1.608718 11.287477 -1.050259 53.117917
1.130944 7.924680 -0.299157 37.256030
1.384557 9.934856 -0.598017 46.075532
0.931496 6.533608 -0.051012 30.672793
1.205851 8.551518 -0.372422 39.940016
0.758290 5.179345 0.056315 24.688243
0.694699 4.608706 0.142489 22.399694
0.631021 4.078282 0.114454 20.107888
0.931496 6.533608 -0.051011 30.672791
0.631021 4.078284 0.114453 20.107894
0.583278 3.607348 0.123059 18.301100
0.807337 5.446471 0.091666 26.255548
1.496018 10.699764 -0.777811 49.720421
1.056971 8.377417 0.633955 36.360336
1.016632 8.096711 0.685162 35.116450
1.000000 7.969558 0.697246 34.564103
1.150172 9.073628 0.536642 39.434649
1.715979 12.793874 -0.725568 57.786096
1.567263 11.509022 -0.679461 52.525887
1.530167 11.020534 -0.804205 51.010348
1.140515 8.978850 0.530559 39.032312
1.693004 12.547308 -0.721028 56.814412
1.432834 11.061039 0.030157 48.728529
1.051175 8.346808 0.648270 36.216417
1.000000 7.969558 0.697246 34.564103
1.114994 7.954590 -0.239666 36.983436
0.073961 0.326697 0.255791 1.972644
0.126181 0.499276 0.360241 3.253831
0.753290 3.967124 0.522031 22.537189
0.544573 3.370808 0.142324 17.081129
0.517942 3.053257 0.162559 15.980400
0.740052 5.020844 0.121477 24.020372
5.762562 6.903806 -8.475858 166.474948
3.099889 16.205609 -6.193204 96.837369
1.247729 9.447881 0.226125 41.680866
2.935035 16.728265 -5.306955 92.133323
1.247831 9.560684 0.263305 41.971443
1.000000 7.969558 0.697246 34.564103
1.000000 7.969558 0.697246 34.564103
2.174082 14.226661 -2.478676 70.127430
1.000000 7.969558 0.697246 34.564103
0.750356 4.624115 0.266359 23.926279
0.806760 4.942029 0.200649 25.592180
0.714546 4.285511 0.363688 22.522559
0.843468 5.006633 0.184764 26.445964
0.562321 3.282505 0.548923 17.478973
1.201381 7.206071 -0.489952 37.883685
1.099170 7.099819 -0.425395 35.550626
1.473727 9.372808 -1.192707 47.453806
1.940410 13.305074 -1.795724 63.577130
1.666232 11.726455 -0.864593 54.087262
1.071490 6.491798 -0.256921 33.908441
0.838503 4.961286 0.203104 26.381576
1.791226 10.337943 -2.045797 56.697544
1.060993 6.161588 -0.181472 33.170997
1.060992 6.161588 -0.181472 33.170995
0.314342 1.544590 0.738857 9.025160
2.838796 16.234646 -5.005540 89.369829
0.373108 1.843688 0.690818 10.744546
0.458460 1.728048 0.349904 12.348328
0.338286 1.701096 0.709635 9.849330
0.669213 3.859631 0.460292 20.756323
0.368121 1.967039 0.682105 10.953778
0.561229 3.263953 0.562807 17.497653
0.500411 2.935672 0.592635 15.633761
1.000000 7.969558 0.697246 34.564103
1.000000 7.969558 0.697246 34.564103
1.000000 7.969558 0.697246 34.564103
1.000000 7.969558 0.697246 34.564103
1.000000 7.969558 0.697246 34.564103
1.000000 7.969558 0.697246 34.564103
1.000000 7.969558 0.697246 34.564103
1.000000 7.969558 0.697246 34.564103
1.000000 7.969558 0.697246 34.564103
1.000000 7.969558 0.697246 34.564103
1.000000 7.969558 0.697246 34.564103
1.000000 7.969558 0.697246 34.564103
1.000000 7.969558 0.697246 34.564103
1.000000 7.969558 0.697246 34.564103
1.000000 7.969558 0.697246 34.564103
1.000000 7.969558 0.697246 34.564103
2.906531 10.967773 -1.193209 81.100801
1.729349 10.241823 -0.647710 51.760183
1.000000 7.969558 0.697246 34.564103
1.000000 7.969558 0.697246 34.564103
1.000000 7.969558 0.697246 34.564103
1.000000 7.969558 0.697246 34.564103
1.000000 7.969558 0.697246 34.564103
1.384557 9.934855 -0.598017 46.075531
1.709503 12.818453 -0.658547 57.702054
1.000000 7.969558 0.697246 34.564103
1.015749 8.088823 0.684286 35.082686
1.000000 7.969558 0.697246 34.564103
1.000000 7.969558 0.697246 34.564103
1.000000 7.969558 0.697246 34.564103
1.000000 7.969558 0.697246 34.564103
1.000000 7.969558 0.697246 34.564103
1.000000 7.969558 0.697246 34.564103
1.000000 7.969558 0.697246 34.564103
1.000000 7.969558 0.697246 34.564103
1.000000 7.969558 0.697246 34.564103
1.000000 7.969558 0.697246 34.564103
1.000000 7.969558 0.697246 34.564103
1.000000 7.969558 0.697246 34.564103
1.000000 7.969558 0.697246 34.564103
1.000000 7.969558 0.697246 34.564103
1.000000 7.969558 0.697246 34.564103
1.000000 7.969558 0.697246 34.564103
1.000000 7.969558 0.697246 34.564103
1.000000 7.969558 0.697246 34.564103
1.000000 7.969558 0.697246 34.564103
4.486536 14.569582 -8.292650 126.971290
2.624783 14.608393 -3.796998 80.053343
2.404078 10.555735 -3.775068 72.800000
3.391360 16.303595 -6.063727 101.002904
3.041792 16.508533 -5.672522 93.772874
2.673616 9.338314 -5.169396 81.589968
0.814004 3.486755 -0.745555 22.153554
2.862186 8.434232 -6.228639 87.216702
1.000000 7.969558 0.697246 34.564103
1.000000 7.969558 0.697246 34.564103
1.000000 7.969558 0.697246 34.564103
1.000000 7.969558 0.697246 34.564103
1.686158 11.560206 -0.820206 53.709039
3.343282 17.139882 -6.964493 103.554552
3.242451 14.840659 -6.233077 99.309834
4.210314 10.282519 -8.772204 123.723272
1.270613 9.556321 0.201826 42.224511
4.043725 14.922818 -8.469982 118.401084
2.128706 11.882080 -2.168365 63.630979
5.344732 9.844837 -9.074057 152.987207
3.395193 9.813298 -6.182654 100.744592
5.022987 8.280195 -9.733073 147.360476
1.000000 7.969558 0.697246 34.564103
1.056973 8.376750 0.621144 36.379474
1.940410 13.305076 -1.795725 63.577144
2.191619 14.667678 -2.471937 71.423434
1.000000 7.969558 0.697246 34.564103
1.000000 7.969558 0.697246 34.564103
1.000000 7.969558 0.697246 34.564103
1.013505 8.071921 0.688279 35.004681
1.000000 7.969558 0.697246 34.564103
1.000000 7.969558 0.697246 34.564103
1.715979 12.793872 -0.725567 57.786085
1.013216 8.069120 0.688131 34.992016
1.001159 7.978492 0.696736 34.602329
1.000000 7.969558 0.697246 34.564103
1.000000 7.969558 0.697246 34.564103
1.000000 7.969558 0.697246 34.564103
1.000000 7.969558 0.697246 34.564103
1.000000 7.969558 0.697246 34.564103
1.000000 7.969558 0.697246 34.564103
1.000000 7.969558 0.697246 34.564103
1.000000 7.969558 0.697246 34.564103
1.000000 7.969558 0.697246 34.564103
1.000000 7.969558 0.697246 34.564103
1.000000 7.969558 0.697246 34.564103
1.000000 7.969558 0.697246 34.564103
1.000000 7.969558 0.697246 34.564103
1.000000 7.969558 0.697246 34.564103
1.000000 7.969558 0.697246 34.564103
1.000000 7.969558 0.697246 34.564103
1.000000 7.969558 0.697246 34.564103
1.000000 7.969558 0.697246 34.564103
1.000000 7.969558 0.697246 34.564103
1.000000 7.969558 0.697246 34.564103
1.000000 7.969558 0.697246 34.564103
1.000000 7.969558 0.697246 34.564103
1.000000 7.969558 0.697246 34.564103
1.000000 7.969558 0.697246 34.564103
1.000000 7.969558 0.697246 34.564103
1.000000 7.969558 0.697246 34.564103
1.000000 7.969558 0.697246 34.564103
1.000000 7.969558 0.697246 34.564103
1.000000 7.969558 0.697246 34.564103
1.000000 7.969558 0.697246 34.564103
1.000000 7.969558 0.697246 34.564103
1.000000 7.969558 0.697246 34.564103
1.000000 7.969558 0.697246 34.564103
1.000000 7.969558 0.697246 34.564103
1.000000 7.969558 0.697246 34.564103
1.000000 7.969558 0.697246 34.564103
1.000000 7.969558 0.697246 34.564103
1.000000 7.969558 0.697246 34.564103
1.000000 7.969558 0.697246 34.564103
1.000000 7.969558 0.697246 34.564103
0.139671 0.694493 0.324328 3.787430
0.515394 2.553984 -0.125478 14.701989
1.483822 6.333980 -1.182138 43.624020
2.475123 9.705496 -4.491794 75.666773
1.536510 6.833719 -1.230299 45.538658
0.204261 1.092607 0.191308 5.600170
0.820005 3.875609 0.231666 23.736745
0.785211 3.778415 0.286738 22.888266
0.112462 0.605208 0.230995 3.101158
0.460860 2.291161 0.691329 13.393294
2.996098 10.471182 -5.517570 89.404900
0.910361 4.509155 0.199803 27.070209
1.447470 6.617038 -1.090570 43.321851
0.976928 4.789325 0.219731 28.775186
0.153338 0.715094 0.370895 4.113505
0.460861 2.291161 0.691330 13.393300
0.236098 1.099813 0.652756 6.704270
0.290347 1.405527 0.738236 8.401025
0.272018 1.342179 0.702969 8.009036
0.429433 2.168282 0.795398 12.638473
0.409664 2.114437 0.788652 12.068948
0.300612 1.427943 0.733593 8.544143
0.432577 2.225221 0.788268 12.680349
0.450985 2.284809 0.791814 13.168328
0.850296 4.376104 0.387586 25.369001
0.743476 3.316129 -0.787550 20.536220
0.101446 0.510256 0.277032 2.781799
0.531457 2.652177 0.779798 15.417457
0.225579 1.157078 0.248692 6.098570
0.813444 4.147966 0.449723 24.384615
4.260759 14.017931 -9.016257 125.429201
0.656119 3.525504 0.605670 19.816014
0.657115 3.521165 0.617095 19.874203
1.431980 7.022760 -0.881578 43.152210
2.326475 11.331966 -3.224353 71.401583
2.132361 11.230202 -2.930564 66.160550
3.815995 11.634405 -8.340594 113.042232
3.644076 14.394020 -7.975115 110.216132
1.634067 7.445571 -1.167510 48.496468
2.818751 10.940712 -4.560072 84.134241
3.647172 13.258883 -7.648461 109.341164
3.088359 13.184618 -6.333654 94.972211
1.387679 6.681425 -0.673984 41.883724
2.333391 9.977642 -3.474096 71.182315
2.014903 9.500128 -2.769837 62.177129
2.082054 11.050185 -2.808311 64.839891
0.332225 1.585159 0.668201 9.582348
0.324002 1.578097 0.734955 9.270160
0.367250 1.642767 0.666893 10.487596
0.464314 1.983437 0.720436 12.806589
0.532228 2.894895 0.709620 16.186249
0.391212 2.088862 0.768653 11.740455
0.409944 2.126574 0.775555 12.052870
1.245564 6.353063 -0.500158 38.067197
0.458642 2.586689 0.692338 14.101200
0.517272 2.890703 0.697546 15.908403
1.351400 6.972321 -0.595349 41.000936
1.138084 6.069539 -0.179623 34.960063
1.126498 6.054022 -0.205653 34.634539
0.798441 4.454449 0.388141 24.712748
0.721308 3.804835 0.533697 21.815670
0.758968 4.271545 0.430041 23.634816
0.761676 4.326888 0.371367 23.523074
0.236098 1.099812 0.652756 6.704266
1.000000 7.969558 0.697246 34.564103
