1.000000 7.969558 0.697246 34.564103
1.000000 7.969558 0.697246 34.564103
1.000000 7.969558 0.697246 34.564103
1.000000 7.969558 0.697246 34.564103
1.000000 7.969558 0.697246 34.564103
1.326407 9.635971 0.092437 43.185955
3.469041 16.414597 -6.207735 103.068466
2.888703 16.560808 -5.224771 90.954513
3.479977 15.308961 -6.639236 105.227166
2.036176 10.318577 -2.488439 63.359143
1.331949 5.974394 -0.945280 39.791900
1.247300 9.192718 0.292338 40.898687
1.000000 7.969558 0.697246 34.564103
1.360532 9.766924 0.068649 43.904937
1.000000 7.969558 0.697246 34.564103
2.272443 11.942203 -2.284151 65.661072
3.000052 14.633892 -4.153019 87.756063
2.393269 11.855884 -1.443949 68.256015
1.000000 7.969558 0.697246 34.564103
1.000000 7.969558 0.697246 34.564103
1.000000 7.969558 0.697246 34.564103
1.000000 7.969558 0.697246 34.564103
1.000000 7.969558 0.697246 34.564103
1.000000 7.969558 0.697246 34.564103
1.000000 7.969558 0.697246 34.564103
1.000000 7.969558 0.697246 34.564103
1.000000 7.969558 0.697246 34.564103
1.000000 7.969558 0.697246 34.564103
1.000000 7.969558 0.697246 34.564103
1.000000 7.969558 0.697246 34.564103
1.000000 7.969558 0.697246 34.564103
1.000000 7.969558 0.697246 34.564103
1.650562 12.027009 -0.785771 55.035836
1.000000 7.969558 0.697246 34.564103
1.000000 7.969558 0.697246 34.564103
1.000000 7.969558 0.697246 34.564103
1.225363 9.521865 0.362189 41.606002
1.000000 7.969558 0.697246 34.564103
5.478418 7.621415 -9.297453 159.738812
5.863375 8.839986 -8.228058 168.544889
4.694177 12.374205 -9.435608 134.215736
5.222363 9.702935 -9.422547 151.914611
5.396485 11.982192 -8.850940 152.318829
1.000000 7.969558 0.697246 34.564103
5.784053 6.789340 -5.967268 164.675882
1.000000 7.969558 0.697246 34.564103
1.000000 7.969558 0.697246 34.564103
1.000000 7.969558 0.697246 34.564103
1.000000 7.969558 0.697246 34.564103
1.000000 7.969558 0.697246 34.564103
1.000000 7.969558 0.697246 34.564103
1.000000 7.969558 0.697246 34.564103
1.437085 9.375402 0.561547 44.255076
6.421603 4.060591 -5.798470 185.864962
5.820304 6.572025 -4.933538 165.027448
6.084281 5.144955 -6.825216 175.142755
6.778877 2.938797 -3.125042 196.631281
6.424822 4.704396 -1.355117 182.227794
6.125088 4.921344 -4.038040 173.638263
4.781979 9.248124 -4.206924 133.415453
1.000000 7.969558 0.697246 34.564103
1.000000 7.969558 0.697246 34.564103
1.000000 7.969558 0.697246 34.564103
6.036719 5.781845 -7.709349 174.916679
5.343878 10.102761 -6.984479 150.549101
3.186267 11.776814 -0.751368 87.210557
4.655367 12.992836 -5.182707 126.364414
4.609063 11.726695 -9.072058 133.787782
5.506453 9.409473 -5.741471 155.993213
3.997006 13.005887 -6.327833 111.887670
6.368405 3.572979 -4.622494 182.454509
6.614678 2.994548 -1.479838 189.362390
1.000000 7.969558 0.697246 34.564103
1.000000 7.969558 0.697246 34.564103
1.000000 7.969558 0.697246 34.564103
1.000000 7.969558 0.697246 34.564103
1.000000 7.969558 0.697246 34.564103
1.000000 7.969558 0.697246 34.564103
1.000000 7.969558 0.697246 34.564103
1.000000 7.969558 0.697246 34.564103
1.000000 7.969558 0.697246 34.564103
1.000000 7.969558 0.697246 34.564103
6.144655 5.538366 -2.597685 172.968700
6.777151 2.267879 0.212018 195.429651
6.161697 4.752225 1.541860 173.208688
6.522410 2.105526 3.714948 186.309464
1.000000 7.969558 0.697246 34.564103
4.537629 9.129657 3.955776 124.104126
5.760287 8.215177 6.155704 160.319645
1.000000 7.969558 0.697246 34.564103
4.398583 10.963641 -0.158697 117.528757
5.158468 8.398934 -1.152609 140.993460
6.758183 1.808374 2.862562 194.928057
6.439250 3.360295 1.812593 182.895463
6.557908 2.162854 1.508507 187.152979
6.437989 4.625870 4.093939 183.469523
6.369974 4.057309 5.007469 181.025549
6.358181 3.430503 3.067838 180.200989
6.445249 2.590869 4.657753 183.653439
6.640671 2.508327 5.768382 191.375874
6.393624 3.233419 7.037788 182.927596
6.355965 4.898320 6.018143 180.282843
6.351259 3.610106 8.113618 182.601439
1.000000 7.969558 0.697246 34.564103
6.366718 6.497455 6.501083 179.975862
1.000000 7.969558 0.697246 34.564103
5.813895 7.362717 10.870340 165.255144
6.354372 4.328714 6.985594 180.881164
5.943746 4.872765 9.706719 170.259278
1.000000 7.969558 0.697246 34.564103
1.000000 7.969558 0.697246 34.564103
1.000000 7.969558 0.697246 34.564103
1.000000 7.969558 0.697246 34.564103
1.000000 7.969558 0.697246 34.564103
1.000000 7.969558 0.697246 34.564103
1.000000 7.969558 0.697246 34.564103
1.000000 7.969558 0.697246 34.564103
1.000000 7.969558 0.697246 34.564103
1.000000 7.969558 0.697246 34.564103
1.000000 7.969558 0.697246 34.564103
1.000000 7.969558 0.697246 34.564103
1.000000 7.969558 0.697246 34.564103
1.000000 7.969558 0.697246 34.564103
1.000000 7.969558 0.697246 34.564103
1.000000 7.969558 0.697246 34.564103
1.000000 7.969558 0.697246 34.564103
1.000000 7.969558 0.697246 34.564103
1.000000 7.969558 0.697246 34.564103
1.000000 7.969558 0.697246 34.564103
1.000000 7.969558 0.697246 34.564103
1.000000 7.969558 0.697246 34.564103
1.000000 7.969558 0.697246 34.564103
1.000000 7.969558 0.697246 34.564103
1.000000 7.969558 0.697246 34.564103
1.000000 7.969558 0.697246 34.564103
1.000000 7.969558 0.697246 34.564103
1.000000 7.969558 0.697246 34.564103
1.000000 7.969558 0.697246 34.564103
1.116105 8.654573 0.478957 37.838340
1.000000 7.969558 0.697246 34.564103
5.751942 5.637710 10.309699 164.403153
1.000000 7.969558 0.697246 34.564103
1.000000 7.969558 0.697246 34.564103
5.387067 9.406899 0.085387 147.603941
5.893237 6.786387 3.830001 165.162564
1.000000 7.969558 0.697246 34.564103
1.000000 7.969558 0.697246 34.564103
1.000000 7.969558 0.697246 34.564103
5.611986 8.805106 11.743404 160.225273
4.916079 7.615792 11.015729 141.131199
1.680925 7.327206 2.735284 49.932380
2.835908 8.483407 7.622267 85.926998
0.843120 4.016761 1.771597 24.715485
5.690508 9.683739 12.139281 161.564218
5.001556 9.396073 11.549533 144.149902
4.717107 8.246760 11.111974 136.341826
4.559462 11.895897 11.593046 133.088891
5.506485 6.231083 10.666711 157.614966
5.355865 7.037596 11.053737 153.406198
6.099443 5.265997 8.831144 173.146510
6.115328 6.370501 9.619249 173.548206
6.100821 4.315597 9.016597 174.358273
5.816832 6.501882 10.245410 165.373774
1.971950 10.470344 2.175326 56.852355
5.098610 10.983808 6.862699 137.252579
1.504154 9.917955 2.178309 46.892620
4.559203 11.382606 9.079520 126.251741
5.101172 11.194913 10.449625 142.449272
1.000000 7.969558 0.697246 34.564103
1.000000 7.969558 0.697246 34.564103
1.000000 7.969558 0.697246 34.564103
1.000000 7.969558 0.697246 34.564103
1.000000 7.969558 0.697246 34.564103
1.000000 7.969558 0.697246 34.564103
1.000000 7.969558 0.697246 34.564103
1.000000 7.969558 0.697246 34.564103
1.000000 7.969558 0.697246 34.564103
1.000000 7.969558 0.697246 34.564103
1.000000 7.969558 0.697246 34.564103
1.000000 7.969558 0.697246 34.564103
1.024676 8.070999 0.724158 35.119782
4.117157 11.704667 7.569443 112.104762
6.192000 6.584309 7.914488 173.934687
6.083406 8.514650 10.618424 170.906781
1.595756 9.692865 1.614260 48.055538
1.000000 7.969558 0.697246 34.564103
1.000000 7.969558 0.697246 34.564103
1.000000 7.969558 0.697246 34.564103
1.000000 7.969558 0.697246 34.564103
1.000000 7.969558 0.697246 34.564103
1.000000 7.969558 0.697246 34.564103
1.000000 7.969558 0.697246 34.564103
1.000000 7.969558 0.697246 34.564103
1.000000 7.969558 0.697246 34.564103
1.000000 7.969558 0.697246 34.564103
1.000000 7.969558 0.697246 34.564103
1.000000 7.969558 0.697246 34.564103
1.000000 7.969558 0.697246 34.564103
1.000000 7.969558 0.697246 34.564103
1.000000 7.969558 0.697246 34.564103
1.000000 7.969558 0.697246 34.564103
1.000000 7.969558 0.697246 34.564103
1.000000 7.969558 0.697246 34.564103
1.000000 7.969558 0.697246 34.564103
1.000000 7.969558 0.697246 34.564103
1.000000 7.969558 0.697246 34.564103
1.000000 7.969558 0.697246 34.564103
1.000000 7.969558 0.697246 34.564103
1.000000 7.969558 0.697246 34.564103
1.000000 7.969558 0.697246 34.564103
1.000000 7.969558 0.697246 34.564103
1.000000 7.969558 0.697246 34.564103
1.000000 7.969558 0.697246 34.564103
1.000000 7.969558 0.697246 34.564103
1.000000 7.969558 0.697246 34.564103
1.000000 7.969558 0.697246 34.564103
1.000000 7.969558 0.697246 34.564103
5.173480 11.666418 12.937976 148.267029
5.177316 11.936195 13.268166 149.551317
4.629202 13.676341 11.599792 131.552267
1.000000 7.969558 0.697246 34.564103
1.000000 7.969558 0.697246 34.564103
1.000000 7.969558 0.697246 34.564103
1.000000 7.969558 0.697246 34.564103
1.000000 7.969558 0.697246 34.564103
1.000000 7.969558 0.697246 34.564103
1.000000 7.969558 0.697246 34.564103
1.000000 7.969558 0.697246 34.564103
1.000000 7.969558 0.697246 34.564103
1.000000 7.969558 0.697246 34.564103
1.000000 7.969558 0.697246 34.564103
1.000000 7.969558 0.697246 34.564103
1.000000 7.969558 0.697246 34.564103
1.000000 7.969558 0.697246 34.564103
1.000000 7.969558 0.697246 34.564103
1.211805 8.759027 0.884489 39.321824
1.000000 7.969558 0.697246 34.564103
1.000000 7.969558 0.697246 34.564103
1.000000 7.969558 0.697246 34.564103
1.000000 7.969558 0.697246 34.564103
1.000000 7.969558 0.697246 34.564103
1.000000 7.969558 0.697246 34.564103
1.318970 9.754502 1.610411 43.806903
1.190136 9.187052 1.210938 40.465712
1.000000 7.969558 0.697246 34.564103
1.000000 7.969558 0.697246 34.564103
1.000000 7.969558 0.697246 34.564103
1.000000 7.969558 0.697246 34.564103
1.000000 7.969558 0.697246 34.564103
1.000000 7.969558 0.697246 34.564103
1.000000 7.969558 0.697246 34.564103
1.000000 7.969558 0.697246 34.564103
1.000000 7.969558 0.697246 34.564103
1.000000 7.969558 0.697246 34.564103
1.000000 7.969558 0.697246 34.564103
5.865763 8.393691 11.105618 165.599166
5.495481 7.740314 11.131156 156.667553
5.745793 11.686486 12.595900 162.677474
5.453729 10.857529 13.041249 156.731859
3.233830 11.267904 8.067425 96.704969
1.837160 11.214928 2.964839 56.147773
4.163277 14.615167 11.573775 121.541640
1.340586 9.558017 1.581735 43.462012
2.250110 11.796065 4.503624 67.207610
2.569862 12.947693 5.444794 76.691127
1.000000 7.969558 0.697246 34.564103
1.149240 8.830056 1.088675 38.788518
1.000000 7.969558 0.697246 34.564103
1.000000 7.969558 0.697246 34.564103
2.492265 14.362125 6.190592 78.564992
1.130603 8.805489 1.066514 38.644790
1.000000 7.969558 0.697246 34.564103
1.000000 7.969558 0.697246 34.564103
1.000000 7.969558 0.697246 34.564103
1.000000 7.969558 0.697246 34.564103
1.000000 7.969558 0.697246 34.564103
1.008187 8.004579 0.731645 34.759872
1.180103 8.768079 1.197305 38.948679
3.978497 13.421307 8.232443 110.475106
1.000000 7.969558 0.697246 34.564103
1.442160 10.045575 2.047119 46.349555
5.849431 9.358283 11.925308 165.565797
4.137303 13.259795 9.085457 116.552501
5.108446 13.438690 12.639216 145.360415
5.151645 9.431658 11.924573 147.510957
4.118604 10.258935 10.664607 120.800507
1.191678 8.980513 1.189710 39.689299
1.000000 7.969558 0.697246 34.564103
1.000000 7.969558 0.697246 34.564103
2.387412 11.633352 3.937318 68.838013
1.000000 7.969558 0.697246 34.564103
1.000000 7.969558 0.697246 34.564103
1.000000 7.969558 0.697246 34.564103
1.000000 7.969558 0.697246 34.564103
1.000000 7.969558 0.697246 34.564103
1.000000 7.969558 0.697246 34.564103
1.000000 7.969558 0.697246 34.564103
1.000000 7.969558 0.697246 34.564103
1.000000 7.969558 0.697246 34.564103
4.066158 11.282414 0.137664 108.257445
6.313797 6.032882 -0.055437 177.713060
4.762232 7.839602 1.454313 128.970507
3.911334 11.313058 3.558938 104.825616
6.275043 8.231296 9.042935 175.551597
6.278560 5.237092 7.997416 178.091861
6.148077 7.717150 9.799166 172.989887
5.391666 10.462617 8.997594 147.844965
1.000000 7.969558 0.697246 34.564103
2.221413 10.356963 1.784595 62.734779
1.447656 9.598879 1.761480 45.067928
3.215323 13.423668 8.767676 98.242877
2.273404 10.238466 4.885477 69.306249
2.582844 11.635554 6.308206 79.324808
1.000000 7.969558 0.697246 34.564103
1.000000 7.969558 0.697246 34.564103
0.885791 4.138882 1.785398 25.696558
1.000000 7.969558 0.697246 34.564103
1.000000 7.969558 0.697246 34.564103
1.000000 7.969558 0.697246 34.564103
1.000000 7.969558 0.697246 34.564103
1.000000 7.969558 0.697246 34.564103
1.000000 7.969558 0.697246 34.564103
1.000000 7.969558 0.697246 34.564103
1.000000 7.969558 0.697246 34.564103
1.000000 7.969558 0.697246 34.564103
1.000000 7.969558 0.697246 34.564103
1.000000 7.969558 0.697246 34.564103
1.000000 7.969558 0.697246 34.564103
1.000000 7.969558 0.697246 34.564103
1.000000 7.969558 0.697246 34.564103
1.000000 7.969558 0.697246 34.564103
1.000000 7.969558 0.697246 34.564103
1.000000 7.969558 0.697246 34.564103
1.000000 7.969558 0.697246 34.564103
1.000000 7.969558 0.697246 34.564103
1.000000 7.969558 0.697246 34.564103
1.000000 7.969558 0.697246 34.564103
1.000000 7.969558 0.697246 34.564103
1.000000 7.969558 0.697246 34.564103
1.000000 7.969558 0.697246 34.564103
1.000000 7.969558 0.697246 34.564103
1.000000 7.969558 0.697246 34.564103
1.000000 7.969558 0.697246 34.564103
1.000000 7.969558 0.697246 34.564103
1.000000 7.969558 0.697246 34.564103
1.000000 7.969558 0.697246 34.564103
1.000000 7.969558 0.697246 34.564103
1.000000 7.969558 0.697246 34.564103
1.551992 11.482811 2.400879 52.435715
1.000000 7.969558 0.697246 34.564103
1.000000 7.969558 0.697246 34.564103
1.000000 7.969558 0.697246 34.564103
1.000000 7.969558 0.697246 34.564103
1.000000 7.969558 0.697246 34.564103
1.000000 7.969558 0.697246 34.564103
1.000000 7.969558 0.697246 34.564103
1.000000 7.969558 0.697246 34.564103
1.000000 7.969558 0.697246 34.564103
1.000000 7.969558 0.697246 34.564103
1.000000 7.969558 0.697246 34.564103
1.000000 7.969558 0.697246 34.564103
1.565803 11.407170 2.549693 52.673456
1.361587 10.435105 1.679624 46.414236
1.253561 9.693105 1.378533 42.839657
1.000000 7.969558 0.697246 34.564103
1.000000 7.969558 0.697246 34.564103
1.000000 7.969558 0.697246 34.564103
1.556041 11.232961 2.507997 52.090306
1.556042 11.232965 2.507999 52.090328
1.000000 7.969558 0.697246 34.564103
1.000000 7.969558 0.697246 34.564103
1.000000 7.969558 0.697246 34.564103
1.000000 7.969558 0.697246 34.564103
1.000000 7.969558 0.697246 34.564103
1.000000 7.969558 0.697246 34.564103
0.099219 0.408805 -0.268029 2.551977
0.060129 0.261944 -0.184563 1.582886
0.136621 0.684933 -0.318739 3.771808
0.154108 0.790412 -0.360138 4.298605
0.009159 0.038604 -0.039310 0.223458
1.142149 8.993183 1.031456 39.304761
1.000000 7.969558 0.697246 34.564103
1.172616 9.176992 1.134001 40.256194
1.172616 9.176994 1.134002 40.256204
0.089511 0.470481 -0.180234 2.371568
0.124893 0.634418 -0.268984 3.356192
0.579118 3.234436 -0.119876 17.708240
0.716385 3.862331 0.083194 21.697537
0.481478 2.590056 -0.162934 14.298678
0.173972 0.923989 -0.229528 4.791629
0.134510 0.741002 -0.081406 3.604471
0.058441 0.336712 -0.091257 1.572819
0.424320 2.316179 -0.283765 12.661762
0.215825 1.126987 -0.323391 6.006965
0.205078 1.077087 -0.325390 5.743737
0.156489 0.778360 -0.286382 4.162784
0.066756 0.314278 -0.214313 1.817307
0.530429 2.846869 0.709237 15.970528
0.078354 0.496677 0.012041 2.216906
0.561700 2.967512 0.178386 16.682697
0.056997 0.329151 -0.089483 1.535149
1.093545 6.111277 1.292131 34.135772
1.954524 10.261336 4.375932 61.107220
2.634943 15.464992 6.830941 84.225263
2.784749 15.269734 7.380519 87.118249
1.861512 9.349736 3.683749 57.442046
1.452812 7.744789 2.340814 45.314221
2.722256 12.862533 7.070918 83.640952
1.460194 10.372445 2.158444 48.019234
3.216568 15.476340 9.075376 98.750270
1.465359 10.355084 2.147981 47.970569
3.680975 13.782047 10.273512 111.000430
2.625578 14.459588 6.281029 80.438091
2.006379 12.660004 4.190395 63.925599
3.506783 14.564279 8.889191 103.522607
3.146247 12.891432 8.491397 96.520936
3.373607 14.606637 9.283049 102.107843
1.417152 7.051423 2.077634 43.425439
1.611070 8.097985 2.618788 49.672586
1.610745 8.108646 2.646437 49.558220
2.582845 11.635555 6.308205 79.324823
2.158635 9.468777 4.670414 66.212368
0.228285 1.202338 -0.379833 6.470845
0.201772 1.055330 -0.217147 5.474190
0.102676 0.530175 -0.198545 2.705206
0.471653 2.756872 -0.283134 14.702467
0.891341 5.062295 0.585306 27.838589
0.462955 2.642248 -0.297893 14.270190
0.624209 3.586262 -0.044036 19.379593
0.735495 4.178861 0.166001 22.733620
0.886131 4.907372 0.550802 27.539460
0.715228 3.872531 0.103262 21.623558
0.362954 2.012119 -0.343702 10.942500
0.142274 0.776751 -0.074925 3.782307
0.381495 1.184972 -0.092140 9.662272
0.176620 0.666489 -0.166518 4.430581
0.447099 1.423150 0.218297 11.740878
0.167060 0.681984 0.497256 4.508810
0.271429 1.545372 -0.418277 8.285305
0.246284 1.265934 -0.403989 7.094551
0.335126 1.313055 -0.089079 8.912681
0.504593 1.822171 0.168189 13.616141
0.375246 1.381927 -0.053065 9.855376
0.485810 1.724955 0.232443 13.023101
0.508670 1.930365 0.223507 13.853567
0.331867 1.554626 0.628999 9.445892
0.554489 2.540590 0.208643 15.876438
1.565450 11.418191 2.551895 52.724502
0.592723 3.684944 0.308372 18.643625
0.597046 3.736634 0.320775 18.817390
0.722197 4.610773 0.607361 23.162330
1.414092 9.108425 2.559679 45.976351
1.414092 9.108426 2.559679 45.976355
0.756286 4.992687 0.799277 24.467880
1.196531 8.271655 1.836351 39.552625
0.863659 5.731923 1.036705 28.052304
0.016194 0.065174 -0.059366 0.382864
0.054101 0.157376 -0.148550 1.288372
0.068911 0.303727 -0.213245 1.810029
0.229437 0.915724 0.507258 6.219910
0.155786 0.796870 -0.360278 4.335428
0.142184 0.714041 -0.341417 3.940765
0.161634 0.834110 -0.388149 4.559961
0.539647 2.711364 0.070095 15.795010
0.511764 2.345865 0.113940 14.633259
0.526658 2.323221 0.103606 14.921109
0.464980 2.241487 0.424459 13.360378
0.561712 2.651006 0.202150 16.221673
0.530437 3.125494 0.531721 16.444885
0.552485 2.793363 0.224189 16.273697
0.763669 3.822514 0.599909 22.226978
0.427649 2.345139 -0.080137 12.886982
1.407263 7.000824 2.071548 43.217167
2.075253 9.275269 4.471766 64.084087
1.477299 6.861018 2.097608 44.125055
1.302889 6.353658 1.687072 39.595007
0.441213 2.536528 -0.318232 13.676627
1.843465 9.259018 3.602380 57.274850
0.621003 3.575377 -0.043377 19.323145
0.880141 4.883788 0.540066 27.384486
0.582949 3.238771 -0.127712 17.797779
0.472810 2.760888 -0.283229 14.721029
4.327270 12.268829 11.630587 127.125320
3.629542 13.345851 10.178199 109.433233
4.092728 14.402010 12.076514 122.870889
0.149045 0.874999 0.020133 4.118595
0.809227 4.266072 0.251744 24.251084
0.572613 3.009365 0.165126 16.943245
0.403930 2.220212 -0.253535 12.153473
3.335595 9.957326 8.047888 98.637152
2.794644 9.641203 6.868253 84.430079
1.392231 6.532591 2.006070 42.250963
3.208542 11.404155 8.170310 95.881493
3.070619 12.005075 5.128073 83.673885
4.534520 14.396590 12.300224 131.839708
2.516696 12.818074 5.461539 75.611267
0.238485 1.286955 -0.417223 6.936906
0.371039 2.061048 -0.357594 11.167142
0.160005 0.823903 -0.382454 4.506765
0.222238 1.206213 -0.427061 6.507377
0.163312 0.842681 -0.385039 4.596725
0.223173 1.178567 -0.380456 6.344604
0.145499 0.729505 -0.281418 3.911833
0.159108 0.797348 -0.335985 4.341387
0.124893 0.634418 -0.268985 3.356195
0.231469 0.976448 0.531484 6.361502
0.300661 0.881294 -0.005901 7.467348
0.257830 1.006786 -0.257592 6.641015
0.099829 0.447401 -0.276336 2.648489
0.109205 0.433688 0.135580 2.628067
0.345051 1.961398 -0.406502 10.538289
0.331471 1.860910 -0.390273 10.058054
0.301710 1.720442 -0.428271 9.245421
0.193883 1.044569 -0.419150 5.668616
0.301710 1.720443 -0.428272 9.245427
0.205890 1.138042 -0.432531 6.155811
0.137324 0.688164 -0.337608 3.813950
0.375121 1.586834 -0.175617 10.186434
0.146417 0.743354 -0.363259 4.101642
0.423885 1.671647 0.382555 11.519597
0.335544 1.965037 -0.414948 10.430832
1.449886 10.062733 2.475367 48.088477
1.562501 11.375872 2.543858 52.548719
1.525974 11.208354 2.370718 51.378612
0.580722 3.120340 0.232258 17.429409
0.575188 3.223811 0.293810 17.505641
0.577241 3.404376 0.267199 17.847308
0.569104 3.568055 0.194399 17.946279
0.760748 4.846488 0.694375 24.357877
0.569073 3.560517 0.174745 17.987497
0.564910 3.144826 0.181166 17.130062
0.569616 3.562414 0.175696 18.000660
0.557213 3.052433 0.082572 16.761551
0.543750 3.321564 0.074154 17.040511
0.535750 3.300299 0.061748 16.862181
0.555908 2.655754 0.198011 16.105785
0.551958 2.843527 0.229462 16.343966
0.550877 3.120434 0.116014 16.791451
0.901897 5.594874 1.017187 28.886605
0.915572 5.362271 0.928160 28.521282
0.742092 4.468193 0.503870 23.326026
1.420833 8.416370 2.584718 45.321695
0.452547 1.989355 0.437236 12.637392
0.549970 2.493354 0.275376 15.622922
0.456954 2.443473 0.576551 13.599956
0.403829 2.286885 0.656750 12.340210
0.517892 3.099237 0.576921 16.298518
0.540701 2.538802 0.267230 15.534431
0.504811 2.077266 0.076361 13.987897
0.415071 2.346731 -0.220059 12.547861
0.431878 1.705640 -0.080923 11.634275
0.491895 2.202592 0.026562 13.985991
0.363522 1.772678 -0.266781 10.411312
0.551658 3.085937 0.202149 16.741414
0.527496 3.170408 0.493314 16.436010
0.514190 3.086482 0.552085 16.092546
0.681510 4.240687 0.312946 21.763504
0.740058 5.020847 0.121467 24.020432
0.694536 4.605091 0.142331 22.389454
0.875020 6.018828 0.037269 28.544427
1.088528 7.633975 -0.239312 35.914584
0.530261 3.101510 0.293030 16.322981
0.554627 3.175718 0.182951 16.959337
0.527609 2.976363 0.212414 16.059568
0.526595 2.919954 0.235837 15.952155
0.668641 4.368604 0.146550 21.461848
0.217510 1.176880 -0.417524 6.361531
0.335543 1.965036 -0.414947 10.430826
0.356834 2.115847 -0.409484 11.118707
1.182578 6.427822 1.361432 36.728595
1.174720 6.405372 1.329080 36.722474
0.733542 4.172622 0.160856 22.722290
0.567628 3.304413 -0.139124 17.649911
0.892340 5.063605 0.590584 27.832579
0.911705 5.032451 0.559807 28.035531
0.923503 5.707184 1.068910 29.504697
0.742092 4.468192 0.503870 23.326020
0.896040 5.198322 0.829684 28.088210
0.659046 3.871631 0.101684 20.465038
0.483316 2.885808 -0.129493 14.976590
0.588468 3.590944 0.264782 18.383044
0.573982 3.174438 0.293204 17.387616
0.593013 3.584470 0.361476 18.472017
2.394189 12.094170 5.979020 74.384774
2.399884 13.993217 5.977320 76.789216
1.420833 8.416371 2.584719 45.321698
1.825291 12.323455 3.551125 59.952615
1.000000 7.969558 0.697246 34.564103
1.825293 12.323460 3.551128 59.952646
0.920775 5.774105 1.103304 29.393626
1.585118 11.002072 2.837472 52.573498
1.000000 7.969558 0.697246 34.564103
2.341026 11.499132 5.669614 72.537786
2.763401 14.958703 7.259856 86.312100
3.177368 15.316438 8.910934 97.698261
3.305904 14.707571 9.098678 99.988520
2.273887 10.248484 4.902621 69.242107
1.965343 10.475203 4.484595 61.584660
1.460169 7.782454 2.395654 45.294422
2.499905 14.490216 6.335076 79.694210
1.537931 8.561784 3.009870 48.614360
1.699580 9.836565 3.491185 53.902053
1.100091 6.169640 1.370165 34.145359
0.567667 3.304323 -0.140843 17.658750
0.483317 2.885811 -0.129493 14.976605
0.540308 3.226463 -0.113621 16.907123
0.559949 3.342515 -0.084424 17.501288
0.652159 3.844014 0.048069 20.463689
0.505770 2.996348 -0.224700 15.912388
0.435423 2.284825 -0.311800 12.874827
0.370870 2.112806 -0.364011 11.332708
0.353713 1.778627 -0.257035 10.247984
0.416769 2.336686 -0.230858 12.582069
1.672746 10.677487 3.342017 54.258285
1.000000 7.969558 0.697246 34.564103
1.000000 7.969558 0.697246 34.564103
1.000000 7.969558 0.697246 34.564103
1.000000 7.969558 0.697246 34.564103
1.000000 7.969558 0.697246 34.564103
1.000000 7.969558 0.697246 34.564103
1.000000 7.969558 0.697246 34.564103
1.000000 7.969558 0.697246 34.564103
1.000000 7.969558 0.697246 34.564103
0.529650 2.707977 0.416172 15.541317
0.250337 1.272351 -0.412561 7.179650
0.448751 2.479759 0.555911 13.535453
1.561128 10.971496 -0.967660 51.632868
1.677405 12.460471 -0.681670 56.363589
1.561129 10.971496 -0.967660 51.632870
1.677360 12.022036 -1.056944 55.825694
1.496016 10.699706 -0.777825 49.720240
0.554628 3.175721 0.182951 16.959358
0.514229 3.036813 0.168124 15.880299
0.501327 2.990954 0.257819 15.523557
0.761962 4.900886 0.141547 24.578407
0.856753 5.728758 0.023805 27.875262
0.520483 2.772700 0.397551 15.505077
0.525651 3.080494 0.430852 16.199544
0.572396 2.896317 0.259359 16.817010
0.668744 3.843515 0.477401 20.804538
1.860560 10.638843 -2.198369 58.563746
1.278425 7.210642 -0.610438 39.850166
2.221862 12.368565 -3.210769 69.406131
1.473715 9.372694 -1.192675 47.453290
1.072393 6.486538 -0.246420 33.949929
2.174136 14.226892 -2.478830 70.128928
1.304184 7.384298 -0.673976 40.362146
1.528903 10.384677 -1.074107 49.980363
2.034918 12.743115 -2.553441 65.447773
1.995988 12.237876 -2.461970 63.718839
2.135445 14.578879 -2.245995 70.043052
1.000000 7.969558 0.697246 34.564103
1.055525 8.362185 0.620695 36.315800
1.086004 8.509226 0.556659 37.069148
1.086004 8.509229 0.556658 37.069163
2.103400 14.626869 -1.999058 69.160837
1.099163 7.099738 -0.425372 35.550265
1.520739 10.334011 -1.058979 49.737076
0.856753 5.728759 0.023805 27.875263
1.650564 12.027015 -0.785773 55.035867
0.561692 2.894825 0.249298 16.609334
0.529155 3.089338 0.439227 16.285487
0.568306 3.167532 0.316810 17.189265
0.594525 3.761876 0.301155 18.971854
0.653700 4.309288 0.237161 21.152059
0.555621 3.143118 0.292186 16.906512
0.761962 4.900886 0.141546 24.578406
0.594525 3.761877 0.301155 18.971865
0.934989 6.348570 -0.040783 30.453360
1.478822 10.073537 -0.983735 48.479385
0.878064 6.041231 0.034188 28.641196
0.577712 3.518952 0.256149 18.098307
0.652321 4.288021 0.237029 21.080064
0.587576 3.674233 0.238370 18.594771
0.534008 2.849600 0.214676 15.975490
0.589527 3.609881 0.211385 18.481713
0.589528 3.609885 0.211385 18.481733
0.711239 4.268939 0.366880 22.433603
0.748420 4.636671 0.232846 23.807253
0.507395 3.011794 0.578524 15.906228
0.618964 3.908067 0.509889 19.639201
0.605907 3.866914 0.494283 19.288641
0.816467 5.526427 0.930176 26.655033
1.261896 8.836473 1.981023 41.895035
0.564415 3.076063 0.229172 16.965677
0.580693 3.426711 0.282029 17.959606
0.516431 2.768292 0.393860 15.423186
0.563526 2.882194 0.239162 16.639667
0.547970 2.746544 0.101808 16.035036
0.551213 2.779850 0.220598 16.230670
0.574760 3.169365 0.166147 17.361946
1.200815 8.299798 1.847366 39.686513
0.375679 1.165459 0.358129 9.740536
0.267774 1.081079 0.528735 7.194147
0.330770 1.633173 0.728712 9.523865
0.329130 1.537995 0.653166 9.498719
0.478180 2.226086 0.427107 13.569406
0.516645 2.085508 0.359013 14.199391
0.371738 1.972986 0.692677 11.041125
0.387780 2.071372 0.768478 11.647619
0.406290 2.275353 0.675415 12.393436
0.380966 2.080849 0.733874 11.501774
0.456750 2.584944 0.673623 14.003383
0.312534 1.466290 0.736170 8.827561
0.324803 1.619688 0.739634 9.377828
0.326714 1.033314 0.646707 8.420624
0.303625 1.458285 0.674708 8.748126
0.331083 1.271374 0.372782 8.899264
0.296013 1.395567 0.648433 8.524765
0.358646 1.557043 0.760852 9.936037
0.271676 1.315290 0.735441 7.835865
0.339010 1.540672 0.718182 9.525928
0.417238 2.131113 0.792228 12.294559
0.362331 1.672209 0.662639 10.327445
0.516605 2.903256 0.667150 15.813518
0.383894 2.083813 0.753027 11.605303
0.335479 1.728594 0.704057 9.864527
0.329039 1.697509 0.728030 9.687252
0.538382 2.994572 0.687915 16.484764
0.390369 2.123113 0.754383 11.800339
0.384774 1.998186 0.774978 11.357563
0.330502 1.631467 0.728468 9.517422
0.343508 1.545528 0.647592 9.665043
0.321533 1.532738 0.660969 9.248830
0.525003 2.862254 0.712081 15.998514
0.323139 1.513070 0.660072 9.269834
0.582760 3.631018 0.441345 18.380433
0.756861 4.996575 0.800644 24.485907
1.449886 10.062734 2.475368 48.088480
0.958812 6.366363 1.265248 31.189565
1.583921 10.976800 2.829914 52.475386
1.347710 10.197115 1.735625 45.780339
1.347710 10.197112 1.735623 45.780324
1.218700 9.465233 1.285574 41.758492
1.000000 7.969558 0.697246 34.564103
0.593012 3.584467 0.361475 18.471997
0.684064 4.405053 0.625435 21.908352
0.745147 4.752815 0.657971 23.880663
0.537523 3.223578 -0.058194 16.699748
0.863658 5.731922 1.036704 28.052299
0.930975 6.098916 1.180911 30.224073
0.683428 4.397512 0.622871 21.889340
0.930975 6.098915 1.180911 30.224071
0.522860 2.963137 0.219173 15.944048
0.554900 3.288591 0.333562 17.168516
0.532305 2.928701 0.226848 16.081938
0.560212 3.225953 0.179023 17.165698
0.538786 2.936958 0.241915 16.233495
0.567509 3.164078 0.301457 17.248099
0.546079 2.864503 0.243048 16.257916
0.549320 3.038530 0.198200 16.605082
0.552915 2.853584 0.229898 16.378323
0.555417 2.871387 0.228893 16.458407
0.618968 3.910645 0.511167 19.642030
0.560177 3.296147 0.323247 17.283331
0.525279 3.122829 0.314452 16.260475
0.581586 3.591443 0.125442 18.240721
1.205848 8.551455 -0.372427 39.939784
0.807337 5.446443 0.091668 26.255446
1.130941 7.924628 -0.299160 37.255839
1.608720 11.287439 -1.050279 53.117842
1.130942 7.924627 -0.299160 37.255839
1.384554 9.934788 -0.598028 46.075295
0.931498 6.533580 -0.051020 30.672717
1.205848 8.551454 -0.372427 39.939783
0.758295 5.179337 0.056306 24.688255
0.694706 4.608715 0.142480 22.399782
0.631028 4.078292 0.114445 20.107979
0.931497 6.533580 -0.051020 30.672713
0.631029 4.078294 0.114445 20.107992
0.583286 3.607364 0.123052 18.301223
0.807337 5.446443 0.091668 26.255449
1.496016 10.699706 -0.777826 49.720240
1.056982 8.377498 0.633941 36.360694
1.016635 8.096736 0.685159 35.116559
1.000000 7.969558 0.697246 34.564103
1.150192 9.073772 0.536616 39.435288
1.715996 12.793953 -0.725626 57.786564
1.567266 11.509006 -0.679492 52.525903
1.530166 11.020475 -0.804222 51.010163
1.140534 8.978982 0.530533 39.032906
1.693025 12.547416 -0.721091 56.815013
1.432859 11.061200 0.030108 48.729291
1.051185 8.346886 0.648259 36.216762
1.000000 7.969558 0.697246 34.564103
1.114992 7.954538 -0.239674 36.983258
0.073962 0.326702 0.255794 1.972670
0.126183 0.499283 0.360245 3.253871
0.753294 3.967130 0.522038 22.537242
0.544580 3.370815 0.142322 17.081195
0.517950 3.053273 0.162559 15.980508
0.740058 5.020848 0.121467 24.020443
5.762584 6.903792 -8.475824 166.475131
3.099874 16.205350 -6.193167 96.836664
1.247794 9.448247 0.225983 41.682722
2.935070 16.728240 -5.307093 92.134071
1.247883 9.560984 0.263189 41.972949
1.000000 7.969558 0.697246 34.564103
1.000000 7.969558 0.697246 34.564103
2.174133 14.226880 -2.478824 70.128854
1.000000 7.969558 0.697246 34.564103
0.750356 4.624089 0.266372 23.926188
0.806759 4.941995 0.200664 25.592046
0.714548 4.285499 0.363702 22.522542
0.843468 5.006607 0.184781 26.445882
0.562326 3.282516 0.548934 17.479060
1.201374 7.205986 -0.489924 37.883331
1.099163 7.099740 -0.425373 35.550272
1.473715 9.372691 -1.192674 47.453278
1.940427 13.305122 -1.795789 63.577548
1.666326 11.726896 -0.864862 54.089919
1.071485 6.491729 -0.256899 33.908144
0.838504 4.961262 0.203121 26.381507
1.791209 10.337774 -2.045735 56.696777
1.060991 6.161541 -0.181449 33.170819
1.060991 6.161541 -0.181450 33.170815
0.314349 1.544618 0.738865 9.025319
2.838812 16.234547 -5.005620 89.370071
0.373121 1.843731 0.690826 10.744832
0.458474 1.728078 0.349903 12.348621
0.338295 1.701130 0.709644 9.849531
0.669217 3.859635 0.460304 20.756376
0.368131 1.967079 0.682113 10.954018
0.561234 3.263964 0.562819 17.497741
0.500418 2.935692 0.592646 15.633891
1.000000 7.969558 0.697246 34.564103
1.000000 7.969558 0.697246 34.564103
1.000000 7.969558 0.697246 34.564103
1.000000 7.969558 0.697246 34.564103
1.000000 7.969558 0.697246 34.564103
1.000000 7.969558 0.697246 34.564103
1.000000 7.969558 0.697246 34.564103
1.000000 7.969558 0.697246 34.564103
1.000000 7.969558 0.697246 34.564103
1.000000 7.969558 0.697246 34.564103
1.000000 7.969558 0.697246 34.564103
1.000000 7.969558 0.697246 34.564103
1.000000 7.969558 0.697246 34.564103
1.000000 7.969558 0.697246 34.564103
1.000000 7.969558 0.697246 34.564103
1.000000 7.969558 0.697246 34.564103
2.906634 10.967761 -1.193295 81.103565
1.729406 10.241925 -0.647801 51.761517
1.000000 7.969558 0.697246 34.564103
1.000000 7.969558 0.697246 34.564103
1.000000 7.969558 0.697246 34.564103
1.000000 7.969558 0.697246 34.564103
1.000000 7.969558 0.697246 34.564103
1.384554 9.934787 -0.598028 46.075294
1.709525 12.818571 -0.658612 57.702692
1.000000 7.969558 0.697246 34.564103
1.015752 8.088846 0.684283 35.082784
1.000000 7.969558 0.697246 34.564103
1.000000 7.969558 0.697246 34.564103
1.000000 7.969558 0.697246 34.564103
1.000000 7.969558 0.697246 34.564103
1.000000 7.969558 0.697246 34.564103
1.000000 7.969558 0.697246 34.564103
1.000000 7.969558 0.697246 34.564103
1.000000 7.969558 0.697246 34.564103
1.000000 7.969558 0.697246 34.564103
1.000000 7.969558 0.697246 34.564103
1.000000 7.969558 0.697246 34.564103
1.000000 7.969558 0.697246 34.564103
1.000000 7.969558 0.697246 34.564103
1.000000 7.969558 0.697246 34.564103
1.000000 7.969558 0.697246 34.564103
1.000000 7.969558 0.697246 34.564103
1.000000 7.969558 0.697246 34.564103
1.000000 7.969558 0.697246 34.564103
1.000000 7.969558 0.697246 34.564103
4.486627 14.569227 -8.292794 126.973592
2.624904 14.608680 -3.797389 80.056618
2.404071 10.555638 -3.775005 72.799544
3.391445 16.303675 -6.064003 101.005162
3.041866 16.508603 -5.672810 93.774867
2.673629 9.338340 -5.169365 81.590094
0.814018 3.486792 -0.745546 22.153828
2.862208 8.434260 -6.228621 87.217069
1.000000 7.969558 0.697246 34.564103
1.000000 7.969558 0.697246 34.564103
1.000000 7.969558 0.697246 34.564103
1.000000 7.969558 0.697246 34.564103
1.686261 11.560678 -0.820469 53.711865
3.343284 17.139666 -6.964508 103.554307
3.242426 14.840433 -6.232949 99.308735
4.210344 10.282521 -8.772143 123.723722
1.270704 9.556785 0.201627 42.226969
4.043773 14.922564 -8.470123 118.402170
2.128883 11.882321 -2.168725 63.635064
5.344757 9.844796 -9.074002 152.987531
3.395222 9.813325 -6.182613 100.745101
5.023005 8.280194 -9.733045 147.360603
1.000000 7.969558 0.697246 34.564103
1.056983 8.376819 0.621129 36.379783
1.940428 13.305126 -1.795792 63.577576
2.191643 14.667748 -2.472029 71.424069
1.000000 7.969558 0.697246 34.564103
1.000000 7.969558 0.697246 34.564103
1.000000 7.969558 0.697246 34.564103
1.013508 8.071943 0.688276 35.004778
1.000000 7.969558 0.697246 34.564103
1.000000 7.969558 0.697246 34.564103
1.715995 12.793949 -0.725624 57.786543
1.013219 8.069142 0.688128 34.992108
1.001159 7.978494 0.696736 34.602338
1.000000 7.969558 0.697246 34.564103
1.000000 7.969558 0.697246 34.564103
1.000000 7.969558 0.697246 34.564103
1.000000 7.969558 0.697246 34.564103
1.000000 7.969558 0.697246 34.564103
1.000000 7.969558 0.697246 34.564103
1.000000 7.969558 0.697246 34.564103
1.000000 7.969558 0.697246 34.564103
1.000000 7.969558 0.697246 34.564103
1.000000 7.969558 0.697246 34.564103
1.000000 7.969558 0.697246 34.564103
1.000000 7.969558 0.697246 34.564103
1.000000 7.969558 0.697246 34.564103
1.000000 7.969558 0.697246 34.564103
1.000000 7.969558 0.697246 34.564103
1.000000 7.969558 0.697246 34.564103
1.000000 7.969558 0.697246 34.564103
1.000000 7.969558 0.697246 34.564103
1.000000 7.969558 0.697246 34.564103
1.000000 7.969558 0.697246 34.564103
1.000000 7.969558 0.697246 34.564103
1.000000 7.969558 0.697246 34.564103
1.000000 7.969558 0.697246 34.564103
1.000000 7.969558 0.697246 34.564103
1.000000 7.969558 0.697246 34.564103
1.000000 7.969558 0.697246 34.564103
1.000000 7.969558 0.697246 34.564103
1.000000 7.969558 0.697246 34.564103
1.000000 7.969558 0.697246 34.564103
1.000000 7.969558 0.697246 34.564103
1.000000 7.969558 0.697246 34.564103
1.000000 7.969558 0.697246 34.564103
1.000000 7.969558 0.697246 34.564103
1.000000 7.969558 0.697246 34.564103
1.000000 7.969558 0.697246 34.564103
1.000000 7.969558 0.697246 34.564103
1.000000 7.969558 0.697246 34.564103
1.000000 7.969558 0.697246 34.564103
1.000000 7.969558 0.697246 34.564103
1.000000 7.969558 0.697246 34.564103
0.139676 0.694513 0.324340 3.787552
0.515404 2.554020 -0.125468 14.702211
1.483833 6.334013 -1.182125 43.624240
2.475122 9.705466 -4.491760 75.666513
1.536515 6.833723 -1.230292 45.538674
0.204266 1.092631 0.191317 5.600306
0.820016 3.875646 0.231680 23.736987
0.785221 3.778449 0.286750 22.888483
0.112466 0.605228 0.231005 3.101267
0.460868 2.291190 0.691343 13.393473
2.996096 10.471144 -5.517528 89.404596
0.910367 4.509171 0.199807 27.070297
1.447475 6.617043 -1.090563 43.321873
0.976930 4.789325 0.219728 28.775172
0.153346 0.715124 0.370912 4.113697
0.460868 2.291192 0.691344 13.393486
0.236105 1.099838 0.652769 6.704419
0.290352 1.405548 0.738247 8.401142
0.272024 1.342202 0.702984 8.009182
0.429436 2.168294 0.795400 12.638528
0.409669 2.114454 0.788659 12.069047
0.300619 1.427968 0.733600 8.544285
0.432581 2.225235 0.788274 12.680432
0.450989 2.284821 0.791818 13.168392
0.850299 4.376106 0.387590 25.369020
0.743487 3.316162 -0.787544 20.536434
0.101450 0.510275 0.277044 2.781907
0.531460 2.652190 0.779798 15.417515
0.225585 1.157105 0.248703 6.098729
0.813446 4.147967 0.449722 24.384602
4.260724 14.017652 -9.016120 125.427878
0.656124 3.525513 0.605679 19.816081
0.657120 3.521173 0.617103 19.874263
1.431980 7.022731 -0.881563 43.152086
2.326464 11.331839 -3.224281 71.400994
2.132346 11.230043 -2.930498 66.159842
3.815982 11.634322 -8.340499 113.041537
3.644062 14.393808 -7.974985 110.215252
1.634061 7.445525 -1.167509 48.496170
2.818731 10.940587 -4.560029 84.133449
3.647127 13.258621 -7.648329 109.339567
3.088338 13.184425 -6.333531 94.971221
1.387674 6.681385 -0.673985 41.883463
2.333373 9.977529 -3.474061 71.181570
2.014896 9.500047 -2.769785 62.176716
2.082037 11.050019 -2.808240 64.839132
0.332232 1.585185 0.668208 9.582498
0.324009 1.578126 0.734963 9.270326
0.367257 1.642793 0.666898 10.487752
0.464324 1.983472 0.720441 12.806801
0.532233 2.894908 0.709628 16.186334
0.391218 2.088884 0.768662 11.740583
0.409949 2.126592 0.775563 12.052976
1.245564 6.353039 -0.500145 38.067092
0.458648 2.586709 0.692348 14.101327
0.517278 2.890718 0.697556 15.908507
1.351401 6.972290 -0.595327 41.000835
1.138085 6.069519 -0.179605 34.960004
1.126500 6.054001 -0.205635 34.634472
0.798444 4.454447 0.388154 24.712771
0.721312 3.804839 0.533701 21.815695
0.758972 4.271546 0.430053 23.634851
0.761679 4.326886 0.371380 23.523100
0.236104 1.099837 0.652768 6.704411
1.000000 7.969558 0.697246 34.564103
