1.000000 7.969558 0.697246 34.564103
1.000000 7.969558 0.697246 34.564103
1.000000 7.969558 0.697246 34.564103
1.000000 7.969558 0.697246 34.564103
1.000000 7.969558 0.697246 34.564103
1.326259 9.635282 0.092747 43.182087
3.468909 16.414532 -6.207295 103.064935
2.888557 16.560581 -5.224191 90.950529
3.480009 15.309358 -6.639463 105.228789
2.036194 10.318780 -2.488555 63.360104
1.331927 5.974329 -0.945302 39.791471
1.247169 9.192138 0.292576 40.895383
1.000000 7.969558 0.697246 34.564103
1.360323 9.766098 0.069046 43.899832
1.000000 7.969558 0.697246 34.564103
2.272259 11.941865 -2.283710 65.656570
2.999777 14.633253 -4.152290 87.748836
2.393048 11.855593 -1.443659 68.250666
1.000000 7.969558 0.697246 34.564103
1.000000 7.969558 0.697246 34.564103
1.000000 7.969558 0.697246 34.564103
1.000000 7.969558 0.697246 34.564103
1.000000 7.969558 0.697246 34.564103
1.000000 7.969558 0.697246 34.564103
1.000000 7.969558 0.697246 34.564103
1.000000 7.969558 0.697246 34.564103
1.000000 7.969558 0.697246 34.564103
1.000000 7.969558 0.697246 34.564103
1.000000 7.969558 0.697246 34.564103
1.000000 7.969558 0.697246 34.564103
1.000000 7.969558 0.697246 34.564103
1.000000 7.969558 0.697246 34.564103
1.650524 12.026821 -0.785661 55.034770
1.000000 7.969558 0.697246 34.564103
1.000000 7.969558 0.697246 34.564103
1.000000 7.969558 0.697246 34.564103
1.225262 9.521217 0.362379 41.602942
1.000000 7.969558 0.697246 34.564103
5.478380 7.621429 -9.297500 159.738502
5.863334 8.840064 -8.228135 168.544499
4.694063 12.374445 -9.435623 134.213087
5.222337 9.702966 -9.422656 151.914674
5.396388 11.982341 -8.850875 152.316401
1.000000 7.969558 0.697246 34.564103
5.783970 6.789452 -5.967321 164.673866
1.000000 7.969558 0.697246 34.564103
1.000000 7.969558 0.697246 34.564103
1.000000 7.969558 0.697246 34.564103
1.000000 7.969558 0.697246 34.564103
1.000000 7.969558 0.697246 34.564103
1.000000 7.969558 0.697246 34.564103
1.000000 7.969558 0.697246 34.564103
1.436866 9.374815 0.561692 44.250208
6.421553 4.060630 -5.798528 185.864418
5.820226 6.572197 -4.933527 165.025356
6.084231 5.144982 -6.825298 175.142050
6.778834 2.938846 -3.125056 196.631246
6.424778 4.704499 -1.355096 182.227523
6.125026 4.921434 -4.038041 173.637082
4.781812 9.248410 -4.206809 133.410471
1.000000 7.969558 0.697246 34.564103
1.000000 7.969558 0.697246 34.564103
1.000000 7.969558 0.697246 34.564103
6.036675 5.781860 -7.709411 174.916188
5.343764 10.102931 -6.984489 150.546461
3.186050 11.776767 -0.751210 87.205073
4.655108 12.992900 -5.182300 126.357749
4.609022 11.726826 -9.072262 133.787382
5.506331 9.409668 -5.741487 155.990026
3.996739 13.005897 -6.327418 111.880762
6.368356 3.573022 -4.622533 182.454004
6.614633 2.994604 -1.479813 189.362263
1.000000 7.969558 0.697246 34.564103
1.000000 7.969558 0.697246 34.564103
1.000000 7.969558 0.697246 34.564103
1.000000 7.969558 0.697246 34.564103
1.000000 7.969558 0.697246 34.564103
1.000000 7.969558 0.697246 34.564103
1.000000 7.969558 0.697246 34.564103
1.000000 7.969558 0.697246 34.564103
1.000000 7.969558 0.697246 34.564103
1.000000 7.969558 0.697246 34.564103
6.144593 5.538481 -2.597617 172.967500
6.777091 2.267875 0.212056 195.429185
6.161608 4.752192 1.541866 173.206996
6.522344 2.105474 3.714891 186.308833
1.000000 7.969558 0.697246 34.564103
4.537446 9.129791 3.955794 124.099341
5.760151 8.215266 6.155764 160.316572
1.000000 7.969558 0.697246 34.564103
4.398364 10.963897 -0.158437 117.522944
5.158310 8.399153 -1.152357 140.989039
6.758110 1.808330 2.862528 194.927239
6.439177 3.360227 1.812572 182.894488
6.557840 2.162806 1.508517 187.152259
6.437922 4.625823 4.093939 183.468706
6.369917 4.057250 5.007426 181.025132
6.358111 3.430440 3.067811 180.200102
6.445191 2.590812 4.657676 183.653056
6.640613 2.508274 5.768268 191.375556
6.393583 3.233369 7.037667 182.927686
6.355913 4.898264 6.018115 180.282520
6.351232 3.610054 8.113472 182.601939
1.000000 7.969558 0.697246 34.564103
6.366660 6.497439 6.501103 179.975252
1.000000 7.969558 0.697246 34.564103
5.813930 7.362889 10.870427 165.257020
6.354334 4.328664 6.985520 180.881279
5.943753 4.872755 9.706610 170.260661
1.000000 7.969558 0.697246 34.564103
1.000000 7.969558 0.697246 34.564103
1.000000 7.969558 0.697246 34.564103
1.000000 7.969558 0.697246 34.564103
1.000000 7.969558 0.697246 34.564103
1.000000 7.969558 0.697246 34.564103
1.000000 7.969558 0.697246 34.564103
1.000000 7.969558 0.697246 34.564103
1.000000 7.969558 0.697246 34.564103
1.000000 7.969558 0.697246 34.564103
1.000000 7.969558 0.697246 34.564103
1.000000 7.969558 0.697246 34.564103
1.000000 7.969558 0.697246 34.564103
1.000000 7.969558 0.697246 34.564103
1.000000 7.969558 0.697246 34.564103
1.000000 7.969558 0.697246 34.564103
1.000000 7.969558 0.697246 34.564103
1.000000 7.969558 0.697246 34.564103
1.000000 7.969558 0.697246 34.564103
1.000000 7.969558 0.697246 34.564103
1.000000 7.969558 0.697246 34.564103
1.000000 7.969558 0.697246 34.564103
1.000000 7.969558 0.697246 34.564103
1.000000 7.969558 0.697246 34.564103
1.000000 7.969558 0.697246 34.564103
1.000000 7.969558 0.697246 34.564103
1.000000 7.969558 0.697246 34.564103
1.000000 7.969558 0.697246 34.564103
1.000000 7.969558 0.697246 34.564103
1.116039 8.654213 0.479095 37.836526
1.000000 7.969558 0.697246 34.564103
5.751958 5.637758 10.309643 164.404681
1.000000 7.969558 0.697246 34.564103
1.000000 7.969558 0.697246 34.564103
5.386944 9.407187 0.085384 147.600959
5.893128 6.786451 3.829998 165.160141
1.000000 7.969558 0.697246 34.564103
1.000000 7.969558 0.697246 34.564103
1.000000 7.969558 0.697246 34.564103
5.611999 8.805207 11.743519 160.226484
4.916095 7.615868 11.015790 141.132644
1.680919 7.327212 2.735308 49.932531
2.835901 8.483421 7.622318 85.927409
0.843115 4.016756 1.771608 24.715528
5.690517 9.683855 12.139382 161.565229
5.001551 9.396084 11.549650 144.150646
4.717100 8.246784 11.112062 136.342541
4.559476 11.895967 11.593146 133.089920
5.506510 6.231134 10.666693 157.616768
5.355881 7.037674 11.053779 153.407670
6.099442 5.266014 8.831086 173.147581
6.115349 6.370626 9.619275 173.549801
6.100812 4.315585 9.016475 174.359206
5.816859 6.501994 10.245425 165.375534
1.971648 10.469722 2.174805 56.845191
5.098452 10.984295 6.862658 137.248313
1.503953 9.917326 2.177739 46.887755
4.558950 11.382827 9.079214 126.244861
5.101076 11.195116 10.449346 142.446782
1.000000 7.969558 0.697246 34.564103
1.000000 7.969558 0.697246 34.564103
1.000000 7.969558 0.697246 34.564103
1.000000 7.969558 0.697246 34.564103
1.000000 7.969558 0.697246 34.564103
1.000000 7.969558 0.697246 34.564103
1.000000 7.969558 0.697246 34.564103
1.000000 7.969558 0.697246 34.564103
1.000000 7.969558 0.697246 34.564103
1.000000 7.969558 0.697246 34.564103
1.000000 7.969558 0.697246 34.564103
1.000000 7.969558 0.697246 34.564103
1.024526 8.070386 0.723999 35.116407
4.116883 11.705127 7.569101 112.097551
6.191966 6.584380 7.914552 173.934624
6.083436 8.514962 10.618634 170.908152
1.595448 9.692163 1.613700 48.048438
1.000000 7.969558 0.697246 34.564103
1.000000 7.969558 0.697246 34.564103
1.000000 7.969558 0.697246 34.564103
1.000000 7.969558 0.697246 34.564103
1.000000 7.969558 0.697246 34.564103
1.000000 7.969558 0.697246 34.564103
1.000000 7.969558 0.697246 34.564103
1.000000 7.969558 0.697246 34.564103
1.000000 7.969558 0.697246 34.564103
1.000000 7.969558 0.697246 34.564103
1.000000 7.969558 0.697246 34.564103
1.000000 7.969558 0.697246 34.564103
1.000000 7.969558 0.697246 34.564103
1.000000 7.969558 0.697246 34.564103
1.000000 7.969558 0.697246 34.564103
1.000000 7.969558 0.697246 34.564103
1.000000 7.969558 0.697246 34.564103
1.000000 7.969558 0.697246 34.564103
1.000000 7.969558 0.697246 34.564103
1.000000 7.969558 0.697246 34.564103
1.000000 7.969558 0.697246 34.564103
1.000000 7.969558 0.697246 34.564103
1.000000 7.969558 0.697246 34.564103
1.000000 7.969558 0.697246 34.564103
1.000000 7.969558 0.697246 34.564103
1.000000 7.969558 0.697246 34.564103
1.000000 7.969558 0.697246 34.564103
1.000000 7.969558 0.697246 34.564103
1.000000 7.969558 0.697246 34.564103
1.000000 7.969558 0.697246 34.564103
1.000000 7.969558 0.697246 34.564103
1.000000 7.969558 0.697246 34.564103
5.173364 11.666327 12.937778 148.264332
5.177319 11.936284 13.268238 149.551957
4.629036 13.676590 11.599400 131.547862
1.000000 7.969558 0.697246 34.564103
1.000000 7.969558 0.697246 34.564103
1.000000 7.969558 0.697246 34.564103
1.000000 7.969558 0.697246 34.564103
1.000000 7.969558 0.697246 34.564103
1.000000 7.969558 0.697246 34.564103
1.000000 7.969558 0.697246 34.564103
1.000000 7.969558 0.697246 34.564103
1.000000 7.969558 0.697246 34.564103
1.000000 7.969558 0.697246 34.564103
1.000000 7.969558 0.697246 34.564103
1.000000 7.969558 0.697246 34.564103
1.000000 7.969558 0.697246 34.564103
1.000000 7.969558 0.697246 34.564103
1.000000 7.969558 0.697246 34.564103
1.211658 8.758531 0.884354 39.318567
1.000000 7.969558 0.697246 34.564103
1.000000 7.969558 0.697246 34.564103
1.000000 7.969558 0.697246 34.564103
1.000000 7.969558 0.697246 34.564103
1.000000 7.969558 0.697246 34.564103
1.000000 7.969558 0.697246 34.564103
1.318912 9.754216 1.610230 43.805274
1.190097 9.186815 1.210821 40.464511
1.000000 7.969558 0.697246 34.564103
1.000000 7.969558 0.697246 34.564103
1.000000 7.969558 0.697246 34.564103
1.000000 7.969558 0.697246 34.564103
1.000000 7.969558 0.697246 34.564103
1.000000 7.969558 0.697246 34.564103
1.000000 7.969558 0.697246 34.564103
1.000000 7.969558 0.697246 34.564103
1.000000 7.969558 0.697246 34.564103
1.000000 7.969558 0.697246 34.564103
1.000000 7.969558 0.697246 34.564103
5.865813 8.393938 11.105789 165.601305
5.495505 7.740449 11.131249 156.669177
5.745709 11.686361 12.595645 162.675580
5.453682 10.857416 13.041273 156.731243
3.233827 11.267967 8.067522 96.705491
1.836902 11.214274 2.964101 56.141335
4.163104 14.615364 11.573297 121.537109
1.340454 9.557521 1.581385 43.458705
2.249861 11.795703 4.502970 67.201486
2.569710 12.947243 5.444324 76.687078
1.000000 7.969558 0.697246 34.564103
1.149142 8.829548 1.088401 38.785839
1.000000 7.969558 0.697246 34.564103
1.000000 7.969558 0.697246 34.564103
2.492134 14.361746 6.190071 78.561327
1.130579 8.805354 1.066440 38.644082
1.000000 7.969558 0.697246 34.564103
1.000000 7.969558 0.697246 34.564103
1.000000 7.969558 0.697246 34.564103
1.000000 7.969558 0.697246 34.564103
1.000000 7.969558 0.697246 34.564103
1.008137 8.004369 0.731433 34.758688
1.179973 8.767573 1.196960 38.945560
3.978224 13.420963 8.231584 110.467966
1.000000 7.969558 0.697246 34.564103
1.441971 10.044817 2.046526 46.344625
5.849452 9.358460 11.925411 165.566986
4.137065 13.259517 9.084682 116.546080
5.108397 13.438971 12.639051 145.359123
5.151633 9.431683 11.924691 147.511487
4.118609 10.258969 10.664703 120.801375
1.191560 8.979973 1.189390 39.686254
1.000000 7.969558 0.697246 34.564103
1.000000 7.969558 0.697246 34.564103
2.387249 11.633101 3.936912 68.833901
1.000000 7.969558 0.697246 34.564103
1.000000 7.969558 0.697246 34.564103
1.000000 7.969558 0.697246 34.564103
1.000000 7.969558 0.697246 34.564103
1.000000 7.969558 0.697246 34.564103
1.000000 7.969558 0.697246 34.564103
1.000000 7.969558 0.697246 34.564103
1.000000 7.969558 0.697246 34.564103
1.000000 7.969558 0.697246 34.564103
4.065940 11.282498 0.137508 108.251856
6.313739 6.033022 -0.055429 177.712254
4.762053 7.839608 1.454228 128.965894
3.911105 11.313083 3.558823 104.820063
6.275028 8.231600 9.043138 175.551777
6.278539 5.237087 7.997399 178.092353
6.148110 7.717392 9.799311 172.991576
5.391555 10.463116 8.997459 147.841724
1.000000 7.969558 0.697246 34.564103
2.221236 10.356778 1.784568 62.730660
1.447481 9.598400 1.761265 45.064074
3.215315 13.423750 8.767770 98.243197
2.273404 10.238527 4.885563 69.306668
2.582844 11.635625 6.308307 79.325250
1.000000 7.969558 0.697246 34.564103
1.000000 7.969558 0.697246 34.564103
0.885784 4.138871 1.785409 25.696553
1.000000 7.969558 0.697246 34.564103
1.000000 7.969558 0.697246 34.564103
1.000000 7.969558 0.697246 34.564103
1.000000 7.969558 0.697246 34.564103
1.000000 7.969558 0.697246 34.564103
1.000000 7.969558 0.697246 34.564103
1.000000 7.969558 0.697246 34.564103
1.000000 7.969558 0.697246 34.564103
1.000000 7.969558 0.697246 34.564103
1.000000 7.969558 0.697246 34.564103
1.000000 7.969558 0.697246 34.564103
1.000000 7.969558 0.697246 34.564103
1.000000 7.969558 0.697246 34.564103
1.000000 7.969558 0.697246 34.564103
1.000000 7.969558 0.697246 34.564103
1.000000 7.969558 0.697246 34.564103
1.000000 7.969558 0.697246 34.564103
1.000000 7.969558 0.697246 34.564103
1.000000 7.969558 0.697246 34.564103
1.000000 7.969558 0.697246 34.564103
1.000000 7.969558 0.697246 34.564103
1.000000 7.969558 0.697246 34.564103
1.000000 7.969558 0.697246 34.564103
1.000000 7.969558 0.697246 34.564103
1.000000 7.969558 0.697246 34.564103
1.000000 7.969558 0.697246 34.564103
1.000000 7.969558 0.697246 34.564103
1.000000 7.969558 0.697246 34.564103
1.000000 7.969558 0.697246 34.564103
1.000000 7.969558 0.697246 34.564103
1.000000 7.969558 0.697246 34.564103
1.000000 7.969558 0.697246 34.564103
1.551971 11.482716 2.400798 52.435127
1.000000 7.969558 0.697246 34.564103
1.000000 7.969558 0.697246 34.564103
1.000000 7.969558 0.697246 34.564103
1.000000 7.969558 0.697246 34.564103
1.000000 7.969558 0.697246 34.564103
1.000000 7.969558 0.697246 34.564103
1.000000 7.969558 0.697246 34.564103
1.000000 7.969558 0.697246 34.564103
1.000000 7.969558 0.697246 34.564103
1.000000 7.969558 0.697246 34.564103
1.000000 7.969558 0.697246 34.564103
1.000000 7.969558 0.697246 34.564103
1.565789 11.407124 2.549631 52.673101
1.361564 10.434971 1.679552 46.413547
1.253539 9.692967 1.378465 42.838962
1.000000 7.969558 0.697246 34.564103
1.000000 7.969558 0.697246 34.564103
1.000000 7.969558 0.697246 34.564103
1.556009 11.232808 2.507883 52.089380
1.556009 11.232808 2.507883 52.089381
1.000000 7.969558 0.697246 34.564103
1.000000 7.969558 0.697246 34.564103
1.000000 7.969558 0.697246 34.564103
1.000000 7.969558 0.697246 34.564103
1.000000 7.969558 0.697246 34.564103
1.000000 7.969558 0.697246 34.564103
0.099213 0.408788 -0.268018 2.551859
0.060126 0.261933 -0.184555 1.582814
0.136616 0.684911 -0.318729 3.771691
0.154103 0.790393 -0.360128 4.298505
0.009158 0.038602 -0.039308 0.223446
1.142134 8.993079 1.031417 39.304270
1.000000 7.969558 0.697246 34.564103
1.172599 9.176884 1.133955 40.255670
1.172599 9.176884 1.133955 40.255671
0.089508 0.470468 -0.180227 2.371501
0.124888 0.634400 -0.268975 3.356099
0.579111 3.234415 -0.119865 17.708158
0.716378 3.862317 0.083204 21.697498
0.481471 2.590037 -0.162925 14.298597
0.173968 0.923973 -0.229520 4.791547
0.134506 0.740988 -0.081401 3.604409
0.058438 0.336701 -0.091253 1.572768
0.424313 2.316158 -0.283756 12.661668
0.215820 1.126969 -0.323382 6.006876
0.205073 1.077068 -0.325381 5.743643
0.156483 0.778334 -0.286372 4.162645
0.066753 0.314267 -0.214305 1.817242
0.530424 2.846855 0.709243 15.970488
0.078352 0.496668 0.012043 2.216872
0.561694 2.967497 0.178394 16.682650
0.056995 0.329142 -0.089479 1.535109
1.093538 6.111275 1.292159 34.135790
1.954531 10.261440 4.376015 61.107829
2.634882 15.464892 6.830673 84.223646
2.784650 15.269519 7.380133 87.115630
1.861511 9.349781 3.683815 57.442349
1.452808 7.744808 2.340859 45.314354
2.722268 12.862668 7.071036 83.641781
1.460130 10.372178 2.158221 48.017446
3.216487 15.476233 9.075093 98.748250
1.465294 10.354817 2.147761 47.968784
3.680956 13.782160 10.273561 111.000388
2.625433 14.459163 6.280495 80.434141
2.006252 12.659525 4.189927 63.922038
3.506674 14.564058 8.888917 103.519876
3.146249 12.891552 8.491501 96.521463
3.373554 14.606581 9.282948 102.106740
1.417145 7.051429 2.077664 43.425534
1.611063 8.098001 2.618836 49.672718
1.610738 8.108660 2.646486 49.558343
2.582844 11.635625 6.308307 79.325251
2.158639 9.468834 4.670487 66.212872
0.228280 1.202319 -0.379823 6.470748
0.201767 1.055314 -0.217139 5.474108
0.102672 0.530158 -0.198537 2.705116
0.471644 2.756843 -0.283122 14.702335
0.891331 5.062272 0.585327 27.838485
0.462948 2.642225 -0.297883 14.270092
0.624201 3.586237 -0.044023 19.379482
0.735484 4.178830 0.166018 22.733474
0.886123 4.907358 0.550817 27.539421
0.715221 3.872514 0.103273 21.623504
0.362947 2.012097 -0.343693 10.942401
0.142271 0.776738 -0.074920 3.782248
0.381474 1.184939 -0.092142 9.661858
0.176611 0.666465 -0.166511 4.430409
0.447076 1.423114 0.218297 11.740425
0.167053 0.681965 0.497245 4.508695
0.271419 1.545331 -0.418267 8.285091
0.246273 1.265897 -0.403980 7.094335
0.335109 1.313016 -0.089085 8.912343
0.504567 1.822132 0.168180 13.615650
0.375223 1.381884 -0.053074 9.854903
0.485786 1.724917 0.232437 13.022645
0.508647 1.930324 0.223501 13.853137
0.331850 1.554571 0.628986 9.445532
0.554463 2.540532 0.208632 15.875953
1.565436 11.418150 2.551832 52.724163
0.592700 3.684859 0.308340 18.643124
0.597023 3.736546 0.320743 18.816881
0.722187 4.610751 0.607360 23.162199
1.414101 9.108532 2.559717 45.976835
1.414101 9.108532 2.559717 45.976835
0.756273 4.992662 0.799257 24.467699
1.196529 8.271699 1.836345 39.552757
0.863651 5.731924 1.036697 28.052266
0.016192 0.065170 -0.059362 0.382838
0.054097 0.157368 -0.148541 1.288286
0.068907 0.303714 -0.213236 1.809953
0.229428 0.915698 0.507247 6.219730
0.155781 0.796849 -0.360267 4.335320
0.142178 0.714019 -0.341406 3.940645
0.161628 0.834087 -0.388138 4.559844
0.539621 2.711294 0.070074 15.794483
0.511738 2.345804 0.113926 14.632759
0.526629 2.323159 0.103595 14.920559
0.464953 2.241408 0.424456 13.359807
0.561686 2.650948 0.202137 16.221195
0.530419 3.125439 0.531709 16.444509
0.552460 2.793300 0.224174 16.273242
0.763662 3.822500 0.599919 22.226944
0.427643 2.345120 -0.080129 12.886902
1.407258 7.000835 2.071577 43.217298
2.075255 9.275322 4.471835 64.084561
1.477293 6.861021 2.097631 44.125156
1.302882 6.353656 1.687091 39.595075
0.441205 2.536504 -0.318222 13.676521
1.843461 9.259050 3.602446 57.275066
0.620995 3.575355 -0.043365 19.323051
0.880133 4.883773 0.540082 27.384436
0.582942 3.238751 -0.127702 17.797705
0.472801 2.760857 -0.283216 14.720886
4.327270 12.268947 11.630729 127.126013
3.629547 13.346040 10.178269 109.433749
4.092660 14.402172 12.076341 122.869307
0.149042 0.874987 0.020136 4.118545
0.809221 4.266060 0.251755 24.251063
0.572606 3.009347 0.165135 16.943178
0.403923 2.220192 -0.253527 12.153384
3.335594 9.957356 8.047950 98.637743
2.794639 9.641225 6.868306 84.430488
1.392224 6.532592 2.006088 42.251066
3.208544 11.404243 8.170413 95.882133
3.070336 12.005096 5.127839 83.667222
4.534462 14.396882 12.300112 131.838330
2.516540 12.817614 5.461064 75.607142
0.238480 1.286933 -0.417213 6.936802
0.371032 2.061025 -0.357584 11.167039
0.160000 0.823881 -0.382443 4.506651
0.222232 1.206190 -0.427050 6.507267
0.163307 0.842660 -0.385029 4.596617
0.223167 1.178546 -0.380447 6.344502
0.145493 0.729481 -0.281408 3.911704
0.159101 0.797323 -0.335975 4.341256
0.124888 0.634400 -0.268975 3.356099
0.231455 0.976412 0.531469 6.361226
0.300644 0.881267 -0.005902 7.467015
0.257815 1.006750 -0.257588 6.640726
0.099824 0.447382 -0.276326 2.648377
0.109200 0.433672 0.135578 2.627965
0.345044 1.961374 -0.406492 10.538180
0.331465 1.860887 -0.390263 10.057946
0.301704 1.720418 -0.428261 9.245309
0.193877 1.044546 -0.419139 5.668501
0.301704 1.720418 -0.428261 9.245310
0.205884 1.138018 -0.432520 6.155694
0.137319 0.688141 -0.337597 3.813829
0.375096 1.586777 -0.175631 10.185917
0.146411 0.743330 -0.363248 4.101519
0.423860 1.671591 0.382554 11.519083
0.335536 1.965007 -0.414935 10.430687
1.449883 10.062773 2.475352 48.088558
1.562487 11.375832 2.543796 52.548385
1.525954 11.208264 2.370641 51.378052
0.580695 3.120263 0.232234 17.428873
0.575162 3.223733 0.293782 17.505122
0.577214 3.404280 0.267165 17.846715
0.569089 3.568002 0.194390 17.945989
0.760743 4.846494 0.694383 24.357903
0.569059 3.560467 0.174739 17.987228
0.564881 3.144731 0.181136 17.129446
0.569600 3.562358 0.175687 18.000353
0.557184 3.052340 0.082547 16.760934
0.543732 3.321499 0.074147 17.040157
0.535736 3.300246 0.061746 16.861908
0.555882 2.655694 0.197998 16.105309
0.551933 2.843462 0.229447 16.343506
0.550849 3.120338 0.115987 16.790847
0.901897 5.594912 1.017213 28.886804
0.915567 5.362277 0.928181 28.521330
0.742085 4.468181 0.503884 23.325978
1.420842 8.416481 2.584775 45.322254
0.452521 1.989286 0.437235 12.636830
0.549939 2.493279 0.275377 15.622303
0.456930 2.443389 0.576540 13.599412
0.403813 2.286823 0.656731 12.339841
0.517881 3.099208 0.576901 16.298312
0.540672 2.538726 0.267229 15.533835
0.504783 2.077211 0.076349 13.987356
0.415048 2.346645 -0.220070 12.547340
0.431849 1.705583 -0.080941 11.633692
0.491869 2.202531 0.026553 13.985475
0.363500 1.772614 -0.266786 10.410841
0.551635 3.085877 0.202152 16.740994
0.527480 3.170363 0.493307 16.435700
0.514178 3.086445 0.552069 16.092293
0.681506 4.240712 0.312929 21.763564
0.740047 5.020839 0.121486 24.020309
0.694523 4.605075 0.142347 22.389285
0.875021 6.018896 0.037269 28.544683
1.088532 7.634075 -0.239307 35.914949
0.530241 3.101460 0.293013 16.322654
0.554606 3.175669 0.182952 16.958981
0.527588 2.976316 0.212406 16.059244
0.526573 2.919899 0.235825 15.951794
0.668628 4.368588 0.146564 21.461682
0.217504 1.176858 -0.417514 6.361423
0.335536 1.965007 -0.414935 10.430687
0.356825 2.115811 -0.409468 11.118534
1.182569 6.427814 1.361461 36.728577
1.174711 6.405362 1.329109 36.722446
0.733532 4.172593 0.160873 22.722152
0.567617 3.304377 -0.139108 17.649735
0.892330 5.063580 0.590604 27.832470
0.911695 5.032427 0.559827 28.035425
0.923504 5.707227 1.068938 29.504921
0.742085 4.468181 0.503884 23.325978
0.896033 5.198315 0.829705 28.088195
0.659036 3.871602 0.101699 20.464899
0.483299 2.885738 -0.129496 14.976209
0.588443 3.590857 0.264752 18.382520
0.573957 3.174365 0.293180 17.387122
0.592988 3.584384 0.361441 18.471486
2.394199 12.094311 5.979128 74.385578
2.399875 13.993329 5.977265 76.789178
1.420842 8.416481 2.584775 45.322254
1.825251 12.323293 3.550981 59.951499
1.000000 7.969558 0.697246 34.564103
1.825251 12.323293 3.550981 59.951501
0.920776 5.774151 1.103329 29.393865
1.585110 11.002083 2.837438 52.573414
1.000000 7.969558 0.697246 34.564103
2.341035 11.499245 5.669713 72.538485
2.763338 14.958622 7.259616 86.310549
3.177301 15.316369 8.910705 97.696643
3.305801 14.707392 9.098379 99.985998
2.273886 10.248543 4.902708 69.242517
1.965352 10.475324 4.484683 61.585358
1.460165 7.782477 2.395698 45.294586
2.499880 14.490265 6.334964 79.693737
1.537935 8.561865 3.009932 48.614834
1.699591 9.836703 3.491252 53.902737
1.100085 6.169646 1.370192 34.145420
0.567656 3.304288 -0.140827 17.658581
0.483299 2.885738 -0.129496 14.976210
0.540295 3.226417 -0.113611 16.906891
0.559939 3.342481 -0.084411 17.501127
0.652148 3.843981 0.048085 20.463528
0.505760 2.996309 -0.224684 15.912197
0.435399 2.284752 -0.311796 12.874332
0.370854 2.112746 -0.364005 11.332365
0.353692 1.778562 -0.257042 10.247536
0.416750 2.336618 -0.230863 12.581665
1.672755 10.677604 3.342055 54.258789
1.000000 7.969558 0.697246 34.564103
1.000000 7.969558 0.697246 34.564103
1.000000 7.969558 0.697246 34.564103
1.000000 7.969558 0.697246 34.564103
1.000000 7.969558 0.697246 34.564103
1.000000 7.969558 0.697246 34.564103
1.000000 7.969558 0.697246 34.564103
1.000000 7.969558 0.697246 34.564103
1.000000 7.969558 0.697246 34.564103
0.529620 2.707885 0.416170 15.540659
0.250326 1.272315 -0.412552 7.179431
0.448728 2.479673 0.555901 13.534916
1.561128 10.971587 -0.967630 51.633111
1.677366 12.460267 -0.681556 56.362472
1.561128 10.971587 -0.967630 51.633111
1.677359 12.022119 -1.056901 55.825891
1.496019 10.699813 -0.777798 49.720577
0.554606 3.175669 0.182952 16.958982
0.514213 3.036784 0.168123 15.880101
0.501310 2.990919 0.257811 15.523332
0.761963 4.900945 0.141527 24.578637
0.856757 5.728838 0.023792 27.875591
0.520455 2.772608 0.397551 15.504452
0.525629 3.080423 0.430852 16.199081
0.572369 2.896245 0.259355 16.816466
0.668736 3.843508 0.477379 20.804442
1.860591 10.639155 -2.198483 58.565148
1.278431 7.210756 -0.610489 39.850617
2.221899 12.368937 -3.210906 69.407786
1.473736 9.372910 -1.192736 47.454263
1.072401 6.486666 -0.246465 33.950458
2.174038 14.226474 -2.478549 70.126205
1.304191 7.384425 -0.674028 40.362652
1.528903 10.384771 -1.074087 49.980629
2.034943 12.743390 -2.553516 65.448986
1.996013 12.238140 -2.462052 63.720006
2.135363 14.578522 -2.245720 70.040672
1.000000 7.969558 0.697246 34.564103
1.055507 8.362064 0.620722 36.315254
1.085978 8.509076 0.556704 37.068430
1.085978 8.509076 0.556704 37.068431
2.103335 14.626591 -1.998844 69.159024
1.099176 7.099888 -0.425414 35.550931
1.520742 10.334123 -1.058964 49.737427
0.856757 5.728838 0.023792 27.875591
1.650524 12.026821 -0.785661 55.034772
0.561665 2.894752 0.249296 16.608804
0.529133 3.089268 0.439226 16.285020
0.568280 3.167458 0.316814 17.188742
0.594512 3.761849 0.301154 18.971647
0.653693 4.309293 0.237163 21.152021
0.555597 3.143044 0.292192 16.906005
0.761963 4.900945 0.141527 24.578637
0.594512 3.761849 0.301154 18.971647
0.934994 6.348663 -0.040793 30.453745
1.478828 10.073668 -0.983726 48.479828
0.878064 6.041293 0.034189 28.641427
0.577691 3.518892 0.256157 18.097895
0.652312 4.288021 0.237032 21.079992
0.587557 3.674178 0.238383 18.594397
0.533985 2.849543 0.214667 15.975104
0.589506 3.609826 0.211397 18.481322
0.589506 3.609826 0.211397 18.481323
0.711234 4.268960 0.366853 22.433628
0.748420 4.636724 0.232824 23.807457
0.507380 3.011747 0.578505 15.905917
0.618944 3.908010 0.509861 19.638839
0.605888 3.866862 0.494256 19.288312
0.816456 5.526409 0.930155 26.654886
1.261895 8.836523 1.981015 41.895190
0.564391 3.076000 0.229173 16.965223
0.580665 3.426614 0.281992 17.958993
0.516403 2.768198 0.393860 15.422555
0.563501 2.882131 0.239154 16.639204
0.547942 2.746471 0.101786 16.034483
0.551189 2.779788 0.220583 16.230217
0.574731 3.169271 0.166119 17.361327
1.200812 8.299836 1.847357 39.686613
0.375661 1.165429 0.358124 9.740189
0.267764 1.081049 0.528724 7.193949
0.330756 1.633118 0.728697 9.523543
0.329118 1.537950 0.653155 9.498459
0.478153 2.226008 0.427105 13.568825
0.516619 2.085450 0.359011 14.198863
0.371719 1.972913 0.692661 11.040683
0.387768 2.071331 0.768461 11.647371
0.406274 2.275291 0.675396 12.393066
0.380953 2.080801 0.733855 11.501483
0.456738 2.584906 0.673603 14.003145
0.312521 1.466238 0.736157 8.827268
0.324789 1.619632 0.739618 9.377508
0.326702 1.033289 0.646697 8.420418
0.303611 1.458236 0.674693 8.747826
0.331067 1.271337 0.372775 8.898944
0.295999 1.395522 0.648418 8.524479
0.358629 1.556980 0.760830 9.935639
0.271668 1.315254 0.735428 7.835672
0.338994 1.540612 0.718165 9.525571
0.417232 2.131089 0.792221 12.294437
0.362317 1.672157 0.662629 10.327143
0.516595 2.903227 0.667131 15.813326
0.383881 2.083765 0.753008 11.605015
0.335462 1.728529 0.704040 9.864145
0.329024 1.697451 0.728013 9.686913
0.538373 2.994546 0.687896 16.484587
0.390357 2.123070 0.754364 11.800082
0.384762 1.998146 0.774963 11.357327
0.330487 1.631411 0.728452 9.517092
0.343490 1.545474 0.647578 9.664674
0.321520 1.532692 0.660955 9.248550
0.524994 2.862228 0.712065 15.998347
0.323126 1.513025 0.660059 9.269564
0.582741 3.630966 0.441322 18.380098
0.756848 4.996548 0.800624 24.485713
1.449883 10.062773 2.475352 48.088558
0.958811 6.366401 1.265257 31.189726
1.583914 10.976810 2.829881 52.475302
1.347686 10.196981 1.735544 45.779611
1.347686 10.196981 1.735544 45.779610
1.218682 9.465124 1.285522 41.757945
1.000000 7.969558 0.697246 34.564103
0.592988 3.584384 0.361441 18.471485
0.684046 4.404997 0.625406 21.907997
0.745139 4.752810 0.657975 23.880626
0.537512 3.223538 -0.058186 16.699551
0.863651 5.731924 1.036697 28.052266
0.930973 6.098947 1.180923 30.224201
0.683411 4.397457 0.622843 21.888995
0.930973 6.098947 1.180923 30.224201
0.522839 2.963089 0.219164 15.943725
0.554878 3.288529 0.333538 17.168121
0.532283 2.928646 0.226837 16.081572
0.560191 3.225901 0.179027 17.165326
0.538764 2.936901 0.241902 16.233115
0.567483 3.164005 0.301431 17.247610
0.546055 2.864442 0.243036 16.257491
0.549298 3.038476 0.198200 16.604691
0.552890 2.853523 0.229886 16.377888
0.555392 2.871324 0.228886 16.457953
0.618948 3.910585 0.511139 19.641657
0.560155 3.296085 0.323224 17.282933
0.525260 3.122779 0.314435 16.260158
0.581570 3.591415 0.125453 18.240492
1.205854 8.551573 -0.372417 39.940217
0.807336 5.446495 0.091665 26.255633
1.130945 7.924726 -0.299153 37.256195
1.608717 11.287509 -1.050242 53.117983
1.130945 7.924726 -0.299153 37.256195
1.384560 9.934913 -0.598007 46.075735
0.931494 6.533632 -0.051004 30.672857
1.205854 8.551573 -0.372417 39.940217
0.758286 5.179352 0.056323 24.688232
0.694693 4.608698 0.142496 22.399617
0.631014 4.078275 0.114461 20.107809
0.931494 6.533632 -0.051004 30.672857
0.631014 4.078275 0.114461 20.107809
0.583270 3.607335 0.123065 18.300993
0.807336 5.446495 0.091665 26.255633
1.496019 10.699813 -0.777798 49.720577
1.056961 8.377348 0.633968 36.360027
1.016629 8.096690 0.685164 35.116356
1.000000 7.969558 0.697246 34.564103
1.150155 9.073505 0.536663 39.434098
1.715965 12.793805 -0.725518 57.785691
1.567259 11.509036 -0.679434 52.525873
1.530169 11.020584 -0.804191 51.010508
1.140499 8.978735 0.530581 39.031800
1.692986 12.547214 -0.720974 56.813892
1.432813 11.060900 0.030198 48.727871
1.051165 8.346740 0.648280 36.216119
1.000000 7.969558 0.697246 34.564103
1.114995 7.954634 -0.239658 36.983589
0.073960 0.326693 0.255788 1.972622
0.126179 0.499270 0.360238 3.253797
0.753286 3.967119 0.522024 22.537144
0.544567 3.370802 0.142326 17.081072
0.517934 3.053244 0.162559 15.980308
0.740047 5.020839 0.121486 24.020310
5.762544 6.903818 -8.475886 166.474790
3.099903 16.205832 -6.193236 96.837977
1.247672 9.447565 0.226248 41.679264
2.935005 16.728287 -5.306836 92.132676
1.247786 9.560425 0.263406 41.970143
1.000000 7.969558 0.697246 34.564103
1.000000 7.969558 0.697246 34.564103
2.174038 14.226473 -2.478549 70.126201
1.000000 7.969558 0.697246 34.564103
0.750355 4.624137 0.266347 23.926358
0.806760 4.942060 0.200637 25.592296
0.714544 4.285521 0.363675 22.522575
0.843467 5.006655 0.184750 26.446035
0.562316 3.282495 0.548913 17.478898
1.201387 7.206143 -0.489976 37.883990
1.099176 7.099888 -0.425414 35.550931
1.473736 9.372909 -1.192736 47.454263
1.940394 13.305033 -1.795667 63.576770
1.666151 11.726074 -0.864360 54.084968
1.071494 6.491858 -0.256941 33.908697
0.838502 4.961306 0.203089 26.381635
1.791241 10.338088 -2.045851 56.698206
1.060994 6.161629 -0.181491 33.171151
1.060994 6.161629 -0.181491 33.171151
0.314336 1.544566 0.738851 9.025023
2.838782 16.234731 -5.005470 89.369620
0.373097 1.843650 0.690811 10.744299
0.458447 1.728023 0.349904 12.348074
0.338278 1.701068 0.709627 9.849156
0.669209 3.859628 0.460281 20.756277
0.368112 1.967005 0.682098 10.953571
0.561224 3.263943 0.562797 17.497576
0.500405 2.935655 0.592626 15.633649
1.000000 7.969558 0.697246 34.564103
1.000000 7.969558 0.697246 34.564103
1.000000 7.969558 0.697246 34.564103
1.000000 7.969558 0.697246 34.564103
1.000000 7.969558 0.697246 34.564103
1.000000 7.969558 0.697246 34.564103
1.000000 7.969558 0.697246 34.564103
1.000000 7.969558 0.697246 34.564103
1.000000 7.969558 0.697246 34.564103
1.000000 7.969558 0.697246 34.564103
1.000000 7.969558 0.697246 34.564103
1.000000 7.969558 0.697246 34.564103
1.000000 7.969558 0.697246 34.564103
1.000000 7.969558 0.697246 34.564103
1.000000 7.969558 0.697246 34.564103
1.000000 7.969558 0.697246 34.564103
2.906441 10.967782 -1.193134 81.098415
1.729301 10.241734 -0.647632 51.759032
1.000000 7.969558 0.697246 34.564103
1.000000 7.969558 0.697246 34.564103
1.000000 7.969558 0.697246 34.564103
1.000000 7.969558 0.697246 34.564103
1.000000 7.969558 0.697246 34.564103
1.384560 9.934913 -0.598007 46.075735
1.709485 12.818351 -0.658491 57.701503
1.000000 7.969558 0.697246 34.564103
1.015746 8.088804 0.684288 35.082601
1.000000 7.969558 0.697246 34.564103
1.000000 7.969558 0.697246 34.564103
1.000000 7.969558 0.697246 34.564103
1.000000 7.969558 0.697246 34.564103
1.000000 7.969558 0.697246 34.564103
1.000000 7.969558 0.697246 34.564103
1.000000 7.969558 0.697246 34.564103
1.000000 7.969558 0.697246 34.564103
1.000000 7.969558 0.697246 34.564103
1.000000 7.969558 0.697246 34.564103
1.000000 7.969558 0.697246 34.564103
1.000000 7.969558 0.697246 34.564103
1.000000 7.969558 0.697246 34.564103
1.000000 7.969558 0.697246 34.564103
1.000000 7.969558 0.697246 34.564103
1.000000 7.969558 0.697246 34.564103
1.000000 7.969558 0.697246 34.564103
1.000000 7.969558 0.697246 34.564103
1.000000 7.969558 0.697246 34.564103
4.486458 14.569889 -8.292527 126.969303
2.624678 14.608144 -3.796661 80.050515
2.404084 10.555818 -3.775122 72.800395
3.391287 16.303527 -6.063488 101.000954
3.041728 16.508473 -5.672272 93.771152
2.673605 9.338292 -5.169422 81.589860
0.813993 3.486722 -0.745563 22.153317
2.862167 8.434207 -6.228654 87.216386
1.000000 7.969558 0.697246 34.564103
1.000000 7.969558 0.697246 34.564103
1.000000 7.969558 0.697246 34.564103
1.000000 7.969558 0.697246 34.564103
1.686070 11.559798 -0.819980 53.706599
3.343281 17.140069 -6.964480 103.554764
3.242473 14.840855 -6.233189 99.310783
4.210289 10.282517 -8.772256 123.722883
1.270534 9.555920 0.201998 42.222389
4.043684 14.923037 -8.469860 118.400145
2.128554 11.881872 -2.168054 63.627452
5.344710 9.844873 -9.074105 152.986927
3.395168 9.813274 -6.182690 100.744153
5.022972 8.280196 -9.733098 147.360367
1.000000 7.969558 0.697246 34.564103
1.056964 8.376691 0.621157 36.379207
1.940394 13.305034 -1.795667 63.576771
2.191598 14.667617 -2.471858 71.422886
1.000000 7.969558 0.697246 34.564103
1.000000 7.969558 0.697246 34.564103
1.000000 7.969558 0.697246 34.564103
1.013502 8.071902 0.688281 35.004598
1.000000 7.969558 0.697246 34.564103
1.000000 7.969558 0.697246 34.564103
1.715964 12.793805 -0.725518 57.785689
1.013214 8.069102 0.688133 34.991937
1.001159 7.978490 0.696736 34.602321
1.000000 7.969558 0.697246 34.564103
1.000000 7.969558 0.697246 34.564103
1.000000 7.969558 0.697246 34.564103
1.000000 7.969558 0.697246 34.564103
1.000000 7.969558 0.697246 34.564103
1.000000 7.969558 0.697246 34.564103
1.000000 7.969558 0.697246 34.564103
1.000000 7.969558 0.697246 34.564103
1.000000 7.969558 0.697246 34.564103
1.000000 7.969558 0.697246 34.564103
1.000000 7.969558 0.697246 34.564103
1.000000 7.969558 0.697246 34.564103
1.000000 7.969558 0.697246 34.564103
1.000000 7.969558 0.697246 34.564103
1.000000 7.969558 0.697246 34.564103
1.000000 7.969558 0.697246 34.564103
1.000000 7.969558 0.697246 34.564103
1.000000 7.969558 0.697246 34.564103
1.000000 7.969558 0.697246 34.564103
1.000000 7.969558 0.697246 34.564103
1.000000 7.969558 0.697246 34.564103
1.000000 7.969558 0.697246 34.564103
1.000000 7.969558 0.697246 34.564103
1.000000 7.969558 0.697246 34.564103
1.000000 7.969558 0.697246 34.564103
1.000000 7.969558 0.697246 34.564103
1.000000 7.969558 0.697246 34.564103
1.000000 7.969558 0.697246 34.564103
1.000000 7.969558 0.697246 34.564103
1.000000 7.969558 0.697246 34.564103
1.000000 7.969558 0.697246 34.564103
1.000000 7.969558 0.697246 34.564103
1.000000 7.969558 0.697246 34.564103
1.000000 7.969558 0.697246 34.564103
1.000000 7.969558 0.697246 34.564103
1.000000 7.969558 0.697246 34.564103
1.000000 7.969558 0.697246 34.564103
1.000000 7.969558 0.697246 34.564103
1.000000 7.969558 0.697246 34.564103
1.000000 7.969558 0.697246 34.564103
0.139666 0.694475 0.324317 3.787325
0.515386 2.553954 -0.125487 14.701798
1.483811 6.333952 -1.182150 43.623830
2.475124 9.705522 -4.491823 75.666997
1.536506 6.833715 -1.230306 45.538643
0.204256 1.092586 0.191299 5.600052
0.819995 3.875578 0.231654 23.736537
0.785203 3.778385 0.286727 22.888079
0.112458 0.605191 0.230986 3.101064
0.460854 2.291135 0.691317 13.393140
2.996099 10.471215 -5.517606 89.405162
0.910356 4.509141 0.199801 27.070133
1.447465 6.617033 -1.090576 43.321833
0.976926 4.789324 0.219733 28.775198
0.153331 0.715068 0.370879 4.113338
0.460854 2.291135 0.691318 13.393141
0.236093 1.099791 0.652746 6.704141
0.290342 1.405510 0.738227 8.400924
0.272013 1.342158 0.702956 8.008909
0.429430 2.168271 0.795396 12.638426
0.409660 2.114422 0.788646 12.068862
0.300607 1.427921 0.733588 8.544021
0.432573 2.225208 0.788262 12.680276
0.450982 2.284798 0.791811 13.168273
0.850293 4.376103 0.387583 25.368985
0.743467 3.316102 -0.787556 20.536035
0.101442 0.510240 0.277022 2.781707
0.531454 2.652165 0.779797 15.417408
0.225573 1.157055 0.248682 6.098433
0.813443 4.147965 0.449725 24.384626
4.260789 14.018172 -9.016375 125.430344
0.656116 3.525497 0.605663 19.815956
0.657112 3.521158 0.617088 19.874151
1.431980 7.022786 -0.881591 43.152318
2.326485 11.332075 -3.224416 71.402091
2.132375 11.230340 -2.930622 66.161161
3.816006 11.634477 -8.340676 113.042833
3.644089 14.394204 -7.975227 110.216892
1.634072 7.445611 -1.167510 48.496725
2.818768 10.940819 -4.560109 84.134924
3.647212 13.259109 -7.648574 109.342544
3.088377 13.184785 -6.333761 94.973066
1.387683 6.681459 -0.673983 41.883949
2.333408 9.977739 -3.474127 71.182958
2.014909 9.500198 -2.769883 62.177485
2.082069 11.050328 -2.808372 64.840546
0.332219 1.585137 0.668195 9.582219
0.323995 1.578072 0.734949 9.270017
0.367244 1.642744 0.666888 10.487461
0.464306 1.983407 0.720432 12.806406
0.532224 2.894884 0.709612 16.186175
0.391207 2.088844 0.768646 11.740345
0.409939 2.126559 0.775548 12.052779
1.245563 6.353083 -0.500170 38.067287
0.458637 2.586672 0.692328 14.101091
0.517267 2.890689 0.697537 15.908314
1.351399 6.972347 -0.595367 41.001023
1.138082 6.069557 -0.179639 34.960113
1.126497 6.054041 -0.205668 34.634596
0.798438 4.454450 0.388131 24.712727
0.721306 3.804831 0.533694 21.815648
0.758965 4.271545 0.430030 23.634786
0.761672 4.326890 0.371356 23.523052
0.236093 1.099791 0.652746 6.704141
1.000000 7.969558 0.697246 34.564103
