1.000000 7.969558 0.697246 34.564103
1.000000 7.969558 0.697246 34.564103
1.000000 7.969558 0.697246 34.564103
1.000000 7.969558 0.697246 34.564103
1.000000 7.969558 0.697246 34.564103
1.326269 9.635327 0.092727 43.182340
3.468918 16.414536 -6.207324 103.065166
2.888567 16.560596 -5.224228 90.950790
3.480007 15.309332 -6.639448 105.228683
2.036193 10.318766 -2.488548 63.360041
1.331929 5.974334 -0.945301 39.791499
1.247178 9.192176 0.292561 40.895599
1.000000 7.969558 0.697246 34.564103
1.360336 9.766152 0.069020 43.900166
1.000000 7.969558 0.697246 34.564103
2.272271 11.941887 -2.283739 65.656864
2.999795 14.633295 -4.152337 87.749309
2.393062 11.855612 -1.443678 68.251016
1.000000 7.969558 0.697246 34.564103
1.000000 7.969558 0.697246 34.564103
1.000000 7.969558 0.697246 34.564103
1.000000 7.969558 0.697246 34.564103
1.000000 7.969558 0.697246 34.564103
1.000000 7.969558 0.697246 34.564103
1.000000 7.969558 0.697246 34.564103
1.000000 7.969558 0.697246 34.564103
1.000000 7.969558 0.697246 34.564103
1.000000 7.969558 0.697246 34.564103
1.000000 7.969558 0.697246 34.564103
1.000000 7.969558 0.697246 34.564103
1.000000 7.969558 0.697246 34.564103
1.000000 7.969558 0.697246 34.564103
1.650527 12.026833 -0.785668 55.034840
1.000000 7.969558 0.697246 34.564103
1.000000 7.969558 0.697246 34.564103
1.000000 7.969558 0.697246 34.564103
1.225269 9.521260 0.362367 41.603142
1.000000 7.969558 0.697246 34.564103
5.478383 7.621428 -9.297497 159.738522
5.863337 8.840059 -8.228130 168.544524
4.694070 12.374429 -9.435622 134.213260
5.222339 9.702964 -9.422649 151.914670
5.396395 11.982331 -8.850880 152.316560
1.000000 7.969558 0.697246 34.564103
5.783975 6.789445 -5.967317 164.673998
1.000000 7.969558 0.697246 34.564103
1.000000 7.969558 0.697246 34.564103
1.000000 7.969558 0.697246 34.564103
1.000000 7.969558 0.697246 34.564103
1.000000 7.969558 0.697246 34.564103
1.000000 7.969558 0.697246 34.564103
1.000000 7.969558 0.697246 34.564103
1.436880 9.374854 0.561682 44.250526
6.421556 4.060628 -5.798524 185.864453
5.820231 6.572185 -4.933528 165.025493
6.084234 5.144980 -6.825293 175.142096
6.778837 2.938843 -3.125055 196.631248
6.424781 4.704493 -1.355098 182.227540
6.125030 4.921428 -4.038041 173.637159
4.781823 9.248391 -4.206817 133.410797
1.000000 7.969558 0.697246 34.564103
1.000000 7.969558 0.697246 34.564103
1.000000 7.969558 0.697246 34.564103
6.036678 5.781859 -7.709407 174.916220
5.343771 10.102920 -6.984488 150.546633
3.186064 11.776770 -0.751220 87.205432
4.655125 12.992895 -5.182327 126.358185
4.609025 11.726818 -9.072249 133.787408
5.506339 9.409655 -5.741486 155.990235
3.996756 13.005896 -6.327445 111.881214
6.368360 3.573019 -4.622530 182.454037
6.614636 2.994601 -1.479815 189.362271
1.000000 7.969558 0.697246 34.564103
1.000000 7.969558 0.697246 34.564103
1.000000 7.969558 0.697246 34.564103
1.000000 7.969558 0.697246 34.564103
1.000000 7.969558 0.697246 34.564103
1.000000 7.969558 0.697246 34.564103
1.000000 7.969558 0.697246 34.564103
1.000000 7.969558 0.697246 34.564103
1.000000 7.969558 0.697246 34.564103
1.000000 7.969558 0.697246 34.564103
6.144597 5.538473 -2.597622 172.967578
6.777095 2.267876 0.212053 195.429216
6.161613 4.752194 1.541866 173.207107
6.522348 2.105477 3.714895 186.308874
1.000000 7.969558 0.697246 34.564103
4.537458 9.129782 3.955793 124.099653
5.760160 8.215260 6.155760 160.316773
1.000000 7.969558 0.697246 34.564103
4.398379 10.963880 -0.158454 117.523324
5.158320 8.399139 -1.152373 140.989328
6.758115 1.808333 2.862530 194.927293
6.439182 3.360232 1.812574 182.894551
6.557845 2.162809 1.508516 187.152306
6.437926 4.625826 4.093939 183.468759
6.369921 4.057253 5.007428 181.025160
6.358115 3.430444 3.067813 180.200160
6.445195 2.590816 4.657681 183.653081
6.640617 2.508278 5.768276 191.375577
6.393586 3.233372 7.037675 182.927680
6.355916 4.898267 6.018116 180.282541
6.351233 3.610057 8.113482 182.601906
1.000000 7.969558 0.697246 34.564103
6.366664 6.497440 6.501102 179.975292
1.000000 7.969558 0.697246 34.564103
5.813928 7.362878 10.870421 165.256897
6.354336 4.328667 6.985525 180.881272
5.943752 4.872756 9.706617 170.260571
1.000000 7.969558 0.697246 34.564103
1.000000 7.969558 0.697246 34.564103
1.000000 7.969558 0.697246 34.564103
1.000000 7.969558 0.697246 34.564103
1.000000 7.969558 0.697246 34.564103
1.000000 7.969558 0.697246 34.564103
1.000000 7.969558 0.697246 34.564103
1.000000 7.969558 0.697246 34.564103
1.000000 7.969558 0.697246 34.564103
1.000000 7.969558 0.697246 34.564103
1.000000 7.969558 0.697246 34.564103
1.000000 7.969558 0.697246 34.564103
1.000000 7.969558 0.697246 34.564103
1.000000 7.969558 0.697246 34.564103
1.000000 7.969558 0.697246 34.564103
1.000000 7.969558 0.697246 34.564103
1.000000 7.969558 0.697246 34.564103
1.000000 7.969558 0.697246 34.564103
1.000000 7.969558 0.697246 34.564103
1.000000 7.969558 0.697246 34.564103
1.000000 7.969558 0.697246 34.564103
1.000000 7.969558 0.697246 34.564103
1.000000 7.969558 0.697246 34.564103
1.000000 7.969558 0.697246 34.564103
1.000000 7.969558 0.697246 34.564103
1.000000 7.969558 0.697246 34.564103
1.000000 7.969558 0.697246 34.564103
1.000000 7.969558 0.697246 34.564103
1.000000 7.969558 0.697246 34.564103
1.116043 8.654237 0.479086 37.836645
1.000000 7.969558 0.697246 34.564103
5.751957 5.637755 10.309646 164.404581
1.000000 7.969558 0.697246 34.564103
1.000000 7.969558 0.697246 34.564103
5.386952 9.407168 0.085384 147.601154
5.893135 6.786447 3.829998 165.160300
1.000000 7.969558 0.697246 34.564103
1.000000 7.969558 0.697246 34.564103
1.000000 7.969558 0.697246 34.564103
5.611998 8.805201 11.743512 160.226405
4.916094 7.615863 11.015786 141.132549
1.680919 7.327211 2.735306 49.932522
2.835901 8.483420 7.622314 85.927382
0.843116 4.016757 1.771607 24.715525
5.690516 9.683847 12.139375 161.565162
5.001552 9.396083 11.549642 144.150597
4.717101 8.246783 11.112057 136.342494
4.559475 11.895962 11.593139 133.089853
5.506508 6.231131 10.666694 157.616650
5.355880 7.037669 11.053776 153.407574
6.099442 5.266013 8.831090 173.147510
6.115348 6.370618 9.619273 173.549696
6.100813 4.315586 9.016483 174.359145
5.816857 6.501986 10.245424 165.375419
1.971668 10.469763 2.174839 56.845660
5.098462 10.984263 6.862661 137.248592
1.503966 9.917367 2.177776 46.888073
4.558967 11.382813 9.079234 126.245311
5.101083 11.195102 10.449364 142.446945
1.000000 7.969558 0.697246 34.564103
1.000000 7.969558 0.697246 34.564103
1.000000 7.969558 0.697246 34.564103
1.000000 7.969558 0.697246 34.564103
1.000000 7.969558 0.697246 34.564103
1.000000 7.969558 0.697246 34.564103
1.000000 7.969558 0.697246 34.564103
1.000000 7.969558 0.697246 34.564103
1.000000 7.969558 0.697246 34.564103
1.000000 7.969558 0.697246 34.564103
1.000000 7.969558 0.697246 34.564103
1.000000 7.969558 0.697246 34.564103
1.024536 8.070426 0.724009 35.116628
4.116901 11.705097 7.569123 112.098022
6.191969 6.584375 7.914548 173.934628
6.083434 8.514941 10.618621 170.908063
1.595468 9.692209 1.613737 48.048902
1.000000 7.969558 0.697246 34.564103
1.000000 7.969558 0.697246 34.564103
1.000000 7.969558 0.697246 34.564103
1.000000 7.969558 0.697246 34.564103
1.000000 7.969558 0.697246 34.564103
1.000000 7.969558 0.697246 34.564103
1.000000 7.969558 0.697246 34.564103
1.000000 7.969558 0.697246 34.564103
1.000000 7.969558 0.697246 34.564103
1.000000 7.969558 0.697246 34.564103
1.000000 7.969558 0.697246 34.564103
1.000000 7.969558 0.697246 34.564103
1.000000 7.969558 0.697246 34.564103
1.000000 7.969558 0.697246 34.564103
1.000000 7.969558 0.697246 34.564103
1.000000 7.969558 0.697246 34.564103
1.000000 7.969558 0.697246 34.564103
1.000000 7.969558 0.697246 34.564103
1.000000 7.969558 0.697246 34.564103
1.000000 7.969558 0.697246 34.564103
1.000000 7.969558 0.697246 34.564103
1.000000 7.969558 0.697246 34.564103
1.000000 7.969558 0.697246 34.564103
1.000000 7.969558 0.697246 34.564103
1.000000 7.969558 0.697246 34.564103
1.000000 7.969558 0.697246 34.564103
1.000000 7.969558 0.697246 34.564103
1.000000 7.969558 0.697246 34.564103
1.000000 7.969558 0.697246 34.564103
1.000000 7.969558 0.697246 34.564103
1.000000 7.969558 0.697246 34.564103
1.000000 7.969558 0.697246 34.564103
5.173372 11.666333 12.937791 148.264508
5.177319 11.936278 13.268233 149.551916
4.629046 13.676573 11.599425 131.548150
1.000000 7.969558 0.697246 34.564103
1.000000 7.969558 0.697246 34.564103
1.000000 7.969558 0.697246 34.564103
1.000000 7.969558 0.697246 34.564103
1.000000 7.969558 0.697246 34.564103
1.000000 7.969558 0.697246 34.564103
1.000000 7.969558 0.697246 34.564103
1.000000 7.969558 0.697246 34.564103
1.000000 7.969558 0.697246 34.564103
1.000000 7.969558 0.697246 34.564103
1.000000 7.969558 0.697246 34.564103
1.000000 7.969558 0.697246 34.564103
1.000000 7.969558 0.697246 34.564103
1.000000 7.969558 0.697246 34.564103
1.000000 7.969558 0.697246 34.564103
1.211668 8.758564 0.884363 39.318780
1.000000 7.969558 0.697246 34.564103
1.000000 7.969558 0.697246 34.564103
1.000000 7.969558 0.697246 34.564103
1.000000 7.969558 0.697246 34.564103
1.000000 7.969558 0.697246 34.564103
1.000000 7.969558 0.697246 34.564103
1.318916 9.754234 1.610241 43.805380
1.190099 9.186831 1.210829 40.464589
1.000000 7.969558 0.697246 34.564103
1.000000 7.969558 0.697246 34.564103
1.000000 7.969558 0.697246 34.564103
1.000000 7.969558 0.697246 34.564103
1.000000 7.969558 0.697246 34.564103
1.000000 7.969558 0.697246 34.564103
1.000000 7.969558 0.697246 34.564103
1.000000 7.969558 0.697246 34.564103
1.000000 7.969558 0.697246 34.564103
1.000000 7.969558 0.697246 34.564103
1.000000 7.969558 0.697246 34.564103
5.865810 8.393921 11.105778 165.601165
5.495504 7.740440 11.131243 156.669070
5.745715 11.686370 12.595662 162.675704
5.453685 10.857424 13.041271 156.731283
3.233827 11.267963 8.067515 96.705457
1.836919 11.214317 2.964149 56.141756
4.163115 14.615352 11.573328 121.537405
1.340462 9.557553 1.581408 43.458922
2.249877 11.795726 4.503013 67.201886
2.569720 12.947273 5.444355 76.687343
1.000000 7.969558 0.697246 34.564103
1.149149 8.829581 1.088419 38.786014
1.000000 7.969558 0.697246 34.564103
1.000000 7.969558 0.697246 34.564103
2.492143 14.361771 6.190105 78.561567
1.130581 8.805363 1.066444 38.644128
1.000000 7.969558 0.697246 34.564103
1.000000 7.969558 0.697246 34.564103
1.000000 7.969558 0.697246 34.564103
1.000000 7.969558 0.697246 34.564103
1.000000 7.969558 0.697246 34.564103
1.008140 8.004382 0.731447 34.758765
1.179982 8.767607 1.196982 38.945764
3.978242 13.420986 8.231640 110.468433
1.000000 7.969558 0.697246 34.564103
1.441983 10.044867 2.046565 46.344947
5.849451 9.358448 11.925404 165.566908
4.137081 13.259535 9.084732 116.546500
5.108400 13.438953 12.639062 145.359207
5.151634 9.431681 11.924683 147.511452
4.118609 10.258967 10.664697 120.801318
1.191567 8.980008 1.189411 39.686453
1.000000 7.969558 0.697246 34.564103
1.000000 7.969558 0.697246 34.564103
2.387259 11.633118 3.936938 68.834170
1.000000 7.969558 0.697246 34.564103
1.000000 7.969558 0.697246 34.564103
1.000000 7.969558 0.697246 34.564103
1.000000 7.969558 0.697246 34.564103
1.000000 7.969558 0.697246 34.564103
1.000000 7.969558 0.697246 34.564103
1.000000 7.969558 0.697246 34.564103
1.000000 7.969558 0.697246 34.564103
1.000000 7.969558 0.697246 34.564103
4.065955 11.282493 0.137518 108.252222
6.313742 6.033013 -0.055430 177.712306
4.762065 7.839608 1.454234 128.966195
3.911120 11.313082 3.558830 104.820427
6.275029 8.231580 9.043124 175.551765
6.278540 5.237087 7.997400 178.092321
6.148108 7.717376 9.799301 172.991466
5.391562 10.463083 8.997468 147.841936
1.000000 7.969558 0.697246 34.564103
2.221248 10.356790 1.784570 62.730930
1.447492 9.598431 1.761279 45.064326
3.215316 13.423744 8.767764 98.243176
2.273404 10.238523 4.885558 69.306640
2.582844 11.635620 6.308300 79.325221
1.000000 7.969558 0.697246 34.564103
1.000000 7.969558 0.697246 34.564103
0.885785 4.138872 1.785408 25.696554
1.000000 7.969558 0.697246 34.564103
1.000000 7.969558 0.697246 34.564103
1.000000 7.969558 0.697246 34.564103
1.000000 7.969558 0.697246 34.564103
1.000000 7.969558 0.697246 34.564103
1.000000 7.969558 0.697246 34.564103
1.000000 7.969558 0.697246 34.564103
1.000000 7.969558 0.697246 34.564103
1.000000 7.969558 0.697246 34.564103
1.000000 7.969558 0.697246 34.564103
1.000000 7.969558 0.697246 34.564103
1.000000 7.969558 0.697246 34.564103
1.000000 7.969558 0.697246 34.564103
1.000000 7.969558 0.697246 34.564103
1.000000 7.969558 0.697246 34.564103
1.000000 7.969558 0.697246 34.564103
1.000000 7.969558 0.697246 34.564103
1.000000 7.969558 0.697246 34.564103
1.000000 7.969558 0.697246 34.564103
1.000000 7.969558 0.697246 34.564103
1.000000 7.969558 0.697246 34.564103
1.000000 7.969558 0.697246 34.564103
1.000000 7.969558 0.697246 34.564103
1.000000 7.969558 0.697246 34.564103
1.000000 7.969558 0.697246 34.564103
1.000000 7.969558 0.697246 34.564103
1.000000 7.969558 0.697246 34.564103
1.000000 7.969558 0.697246 34.564103
1.000000 7.969558 0.697246 34.564103
1.000000 7.969558 0.697246 34.564103
1.000000 7.969558 0.697246 34.564103
1.000000 7.969558 0.697246 34.564103
1.551973 11.482722 2.400804 52.435166
1.000000 7.969558 0.697246 34.564103
1.000000 7.969558 0.697246 34.564103
1.000000 7.969558 0.697246 34.564103
1.000000 7.969558 0.697246 34.564103
1.000000 7.969558 0.697246 34.564103
1.000000 7.969558 0.697246 34.564103
1.000000 7.969558 0.697246 34.564103
1.000000 7.969558 0.697246 34.564103
1.000000 7.969558 0.697246 34.564103
1.000000 7.969558 0.697246 34.564103
1.000000 7.969558 0.697246 34.564103
1.000000 7.969558 0.697246 34.564103
1.565790 11.407127 2.549635 52.673124
1.361566 10.434980 1.679557 46.413592
1.253540 9.692976 1.378470 42.839007
1.000000 7.969558 0.697246 34.564103
1.000000 7.969558 0.697246 34.564103
1.000000 7.969558 0.697246 34.564103
1.556011 11.232818 2.507890 52.089440
1.556012 11.232818 2.507891 52.089443
1.000000 7.969558 0.697246 34.564103
1.000000 7.969558 0.697246 34.564103
1.000000 7.969558 0.697246 34.564103
1.000000 7.969558 0.697246 34.564103
1.000000 7.969558 0.697246 34.564103
1.000000 7.969558 0.697246 34.564103
0.099213 0.408789 -0.268019 2.551867
0.060126 0.261933 -0.184556 1.582819
0.136616 0.684912 -0.318730 3.771699
0.154103 0.790394 -0.360128 4.298512
0.009158 0.038602 -0.039308 0.223446
1.142135 8.993086 1.031419 39.304302
1.000000 7.969558 0.697246 34.564103
1.172600 9.176891 1.133958 40.255704
1.172600 9.176891 1.133958 40.255705
0.089508 0.470469 -0.180227 2.371505
0.124888 0.634401 -0.268976 3.356105
0.579111 3.234417 -0.119866 17.708163
0.716378 3.862318 0.083204 21.697501
0.481472 2.590038 -0.162926 14.298602
0.173968 0.923974 -0.229521 4.791553
0.134507 0.740989 -0.081402 3.604413
0.058438 0.336701 -0.091253 1.572772
0.424313 2.316159 -0.283756 12.661675
0.215820 1.126970 -0.323383 6.006881
0.205074 1.077070 -0.325381 5.743649
0.156483 0.778336 -0.286373 4.162654
0.066753 0.314268 -0.214305 1.817246
0.530424 2.846856 0.709243 15.970490
0.078352 0.496669 0.012043 2.216874
0.561695 2.967498 0.178393 16.682653
0.056995 0.329143 -0.089479 1.535111
1.093538 6.111275 1.292157 34.135789
1.954531 10.261433 4.376010 61.107789
2.634886 15.464898 6.830690 84.223752
2.784656 15.269533 7.380158 87.115801
1.861511 9.349778 3.683811 57.442329
1.452808 7.744807 2.340856 45.314346
2.722268 12.862659 7.071029 83.641726
1.460135 10.372196 2.158235 48.017563
3.216492 15.476240 9.075111 98.748383
1.465298 10.354835 2.147775 47.968901
3.680957 13.782152 10.273558 111.000391
2.625442 14.459191 6.280530 80.434399
2.006260 12.659556 4.189958 63.922271
3.506681 14.564072 8.888935 103.520055
3.146249 12.891544 8.491494 96.521429
3.373558 14.606584 9.282954 102.106812
1.417145 7.051429 2.077662 43.425528
1.611064 8.098000 2.618833 49.672709
1.610738 8.108659 2.646483 49.558335
2.582844 11.635620 6.308300 79.325223
2.158638 9.468831 4.670483 66.212839
0.228280 1.202320 -0.379824 6.470754
0.201767 1.055315 -0.217140 5.474113
0.102672 0.530159 -0.198537 2.705122
0.471645 2.756845 -0.283122 14.702344
0.891332 5.062273 0.585325 27.838492
0.462949 2.642226 -0.297884 14.270098
0.624201 3.586238 -0.044024 19.379489
0.735485 4.178832 0.166017 22.733483
0.886124 4.907359 0.550816 27.539424
0.715222 3.872516 0.103272 21.623508
0.362948 2.012098 -0.343693 10.942408
0.142271 0.776739 -0.074920 3.782252
0.381475 1.184941 -0.092142 9.661885
0.176612 0.666467 -0.166511 4.430420
0.447078 1.423117 0.218297 11.740455
0.167054 0.681966 0.497245 4.508702
0.271419 1.545333 -0.418268 8.285105
0.246274 1.265900 -0.403981 7.094349
0.335110 1.313019 -0.089085 8.912365
0.504569 1.822134 0.168181 13.615682
0.375224 1.381886 -0.053073 9.854934
0.485788 1.724919 0.232437 13.022675
0.508648 1.930326 0.223502 13.853165
0.331851 1.554574 0.628986 9.445555
0.554465 2.540536 0.208633 15.875984
1.565437 11.418152 2.551836 52.724185
0.592702 3.684864 0.308342 18.643157
0.597024 3.736552 0.320745 18.816915
0.722187 4.610752 0.607360 23.162207
1.414100 9.108525 2.559715 45.976803
1.414100 9.108525 2.559715 45.976804
0.756274 4.992664 0.799259 24.467711
1.196529 8.271696 1.836345 39.552748
0.863652 5.731924 1.036698 28.052269
0.016193 0.065170 -0.059363 0.382840
0.054098 0.157368 -0.148541 1.288292
0.068907 0.303715 -0.213236 1.809958
0.229428 0.915699 0.507247 6.219742
0.155781 0.796850 -0.360268 4.335327
0.142179 0.714020 -0.341407 3.940653
0.161628 0.834089 -0.388138 4.559852
0.539623 2.711298 0.070076 15.794517
0.511739 2.345808 0.113927 14.632792
0.526631 2.323163 0.103596 14.920595
0.464955 2.241413 0.424456 13.359845
0.561688 2.650951 0.202138 16.221226
0.530420 3.125443 0.531710 16.444534
0.552462 2.793304 0.224175 16.273272
0.763663 3.822501 0.599919 22.226946
0.427643 2.345121 -0.080129 12.886907
1.407259 7.000835 2.071575 43.217290
2.075255 9.275319 4.471831 64.084530
1.477293 6.861021 2.097630 44.125149
1.302883 6.353656 1.687090 39.595070
0.441206 2.536505 -0.318223 13.676528
1.843461 9.259048 3.602442 57.275052
0.620996 3.575356 -0.043366 19.323057
0.880134 4.883774 0.540081 27.384439
0.582942 3.238752 -0.127702 17.797710
0.472802 2.760859 -0.283217 14.720895
4.327270 12.268940 11.630720 127.125968
3.629546 13.346028 10.178264 109.433715
4.092664 14.402162 12.076352 122.869410
0.149042 0.874987 0.020136 4.118548
0.809221 4.266061 0.251754 24.251065
0.572607 3.009348 0.165135 16.943182
0.403924 2.220193 -0.253527 12.153390
3.335594 9.957354 8.047946 98.637704
2.794639 9.641223 6.868302 84.430462
1.392225 6.532592 2.006087 42.251059
3.208544 11.404237 8.170406 95.882092
3.070354 12.005094 5.127855 83.667658
4.534466 14.396863 12.300120 131.838420
2.516550 12.817644 5.461095 75.607412
0.238480 1.286935 -0.417214 6.936809
0.371033 2.061027 -0.357585 11.167046
0.160000 0.823883 -0.382444 4.506658
0.222233 1.206192 -0.427051 6.507274
0.163307 0.842661 -0.385029 4.596624
0.223168 1.178548 -0.380447 6.344509
0.145493 0.729483 -0.281409 3.911713
0.159102 0.797325 -0.335976 4.341265
0.124888 0.634401 -0.268976 3.356105
0.231456 0.976414 0.531470 6.361244
0.300645 0.881269 -0.005902 7.467037
0.257816 1.006752 -0.257588 6.640745
0.099824 0.447383 -0.276326 2.648385
0.109200 0.433673 0.135578 2.627972
0.345044 1.961376 -0.406493 10.538187
0.331465 1.860888 -0.390263 10.057953
0.301704 1.720419 -0.428261 9.245317
0.193877 1.044547 -0.419139 5.668509
0.301704 1.720419 -0.428261 9.245317
0.205884 1.138019 -0.432520 6.155702
0.137319 0.688142 -0.337597 3.813837
0.375097 1.586780 -0.175630 10.185950
0.146411 0.743332 -0.363249 4.101527
0.423861 1.671595 0.382554 11.519117
0.335536 1.965009 -0.414936 10.430697
1.449884 10.062770 2.475353 48.088553
1.562488 11.375834 2.543800 52.548407
1.525955 11.208270 2.370646 51.378089
0.580697 3.120268 0.232236 17.428908
0.575164 3.223738 0.293784 17.505156
0.577216 3.404287 0.267167 17.846754
0.569090 3.568006 0.194390 17.946008
0.760744 4.846493 0.694383 24.357901
0.569059 3.560471 0.174739 17.987246
0.564883 3.144737 0.181138 17.129487
0.569601 3.562362 0.175688 18.000373
0.557186 3.052346 0.082549 16.760974
0.543734 3.321503 0.074148 17.040180
0.535737 3.300249 0.061746 16.861926
0.555884 2.655698 0.197999 16.105340
0.551934 2.843466 0.229448 16.343536
0.550851 3.120344 0.115988 16.790886
0.901897 5.594909 1.017212 28.886791
0.915567 5.362276 0.928180 28.521327
0.742085 4.468182 0.503883 23.325981
1.420841 8.416474 2.584771 45.322217
0.452523 1.989290 0.437235 12.636867
0.549941 2.493284 0.275377 15.622344
0.456932 2.443395 0.576540 13.599448
0.403814 2.286827 0.656732 12.339865
0.517882 3.099210 0.576902 16.298326
0.540673 2.538731 0.267229 15.533874
0.504785 2.077215 0.076349 13.987391
0.415049 2.346651 -0.220070 12.547374
0.431851 1.705587 -0.080940 11.633730
0.491871 2.202535 0.026554 13.985509
0.363501 1.772618 -0.266786 10.410872
0.551636 3.085881 0.202152 16.741021
0.527481 3.170366 0.493307 16.435720
0.514178 3.086448 0.552070 16.092310
0.681506 4.240711 0.312930 21.763560
0.740047 5.020840 0.121484 24.020317
0.694524 4.605076 0.142346 22.389296
0.875021 6.018892 0.037269 28.544667
1.088532 7.634069 -0.239307 35.914925
0.530242 3.101463 0.293015 16.322676
0.554607 3.175672 0.182952 16.959004
0.527590 2.976319 0.212406 16.059265
0.526575 2.919903 0.235826 15.951818
0.668629 4.368589 0.146563 21.461693
0.217505 1.176859 -0.417514 6.361430
0.335536 1.965009 -0.414935 10.430696
0.356825 2.115814 -0.409469 11.118545
1.182570 6.427814 1.361459 36.728578
1.174712 6.405363 1.329108 36.722448
0.733533 4.172595 0.160872 22.722161
0.567618 3.304379 -0.139109 17.649747
0.892331 5.063582 0.590603 27.832477
0.911695 5.032429 0.559826 28.035432
0.923504 5.707224 1.068936 29.504906
0.742085 4.468182 0.503883 23.325980
0.896034 5.198316 0.829703 28.088196
0.659036 3.871604 0.101698 20.464908
0.483300 2.885743 -0.129496 14.976234
0.588445 3.590862 0.264754 18.382554
0.573958 3.174370 0.293182 17.387154
0.592990 3.584390 0.361443 18.471521
2.394199 12.094302 5.979121 74.385526
2.399876 13.993321 5.977268 76.789181
1.420841 8.416474 2.584772 45.322218
1.825254 12.323304 3.550990 59.951572
1.000000 7.969558 0.697246 34.564103
1.825254 12.323304 3.550991 59.951576
0.920776 5.774148 1.103328 29.393849
1.585110 11.002082 2.837440 52.573420
1.000000 7.969558 0.697246 34.564103
2.341035 11.499238 5.669707 72.538440
2.763343 14.958627 7.259632 86.310651
3.177306 15.316374 8.910720 97.696748
3.305808 14.707404 9.098398 99.986163
2.273886 10.248539 4.902702 69.242490
1.965351 10.475317 4.484677 61.585312
1.460165 7.782475 2.395695 45.294575
2.499882 14.490262 6.334972 79.693768
1.537935 8.561860 3.009928 48.614803
1.699590 9.836694 3.491248 53.902692
1.100086 6.169646 1.370190 34.145416
0.567657 3.304290 -0.140828 17.658592
0.483300 2.885743 -0.129496 14.976236
0.540296 3.226420 -0.113612 16.906906
0.559940 3.342483 -0.084412 17.501138
0.652149 3.843983 0.048084 20.463539
0.505760 2.996311 -0.224685 15.912210
0.435401 2.284756 -0.311796 12.874365
0.370855 2.112750 -0.364005 11.332388
0.353693 1.778566 -0.257042 10.247566
0.416751 2.336622 -0.230863 12.581692
1.672754 10.677596 3.342052 54.258756
1.000000 7.969558 0.697246 34.564103
1.000000 7.969558 0.697246 34.564103
1.000000 7.969558 0.697246 34.564103
1.000000 7.969558 0.697246 34.564103
1.000000 7.969558 0.697246 34.564103
1.000000 7.969558 0.697246 34.564103
1.000000 7.969558 0.697246 34.564103
1.000000 7.969558 0.697246 34.564103
1.000000 7.969558 0.697246 34.564103
0.529622 2.707891 0.416170 15.540702
0.250326 1.272317 -0.412552 7.179445
0.448729 2.479679 0.555901 13.534951
1.561128 10.971581 -0.967632 51.633095
1.677369 12.460280 -0.681564 56.362545
1.561128 10.971581 -0.967632 51.633095
1.677359 12.022114 -1.056903 55.825879
1.496019 10.699806 -0.777800 49.720555
0.554608 3.175673 0.182952 16.959007
0.514214 3.036786 0.168123 15.880114
0.501312 2.990921 0.257811 15.523346
0.761963 4.900941 0.141528 24.578622
0.856757 5.728833 0.023793 27.875570
0.520457 2.772614 0.397551 15.504493
0.525630 3.080428 0.430852 16.199111
0.572370 2.896249 0.259356 16.816502
0.668736 3.843508 0.477380 20.804448
1.860589 10.639134 -2.198476 58.565056
1.278431 7.210749 -0.610486 39.850588
2.221897 12.368913 -3.210897 69.407678
1.473735 9.372895 -1.192732 47.454200
1.072401 6.486658 -0.246462 33.950423
2.174044 14.226501 -2.478568 70.126383
1.304191 7.384416 -0.674025 40.362619
1.528903 10.384765 -1.074088 49.980611
2.034941 12.743372 -2.553511 65.448906
1.996011 12.238123 -2.462047 63.719930
2.135368 14.578545 -2.245738 70.040827
1.000000 7.969558 0.697246 34.564103
1.055508 8.362072 0.620720 36.315289
1.085980 8.509086 0.556701 37.068477
1.085980 8.509086 0.556701 37.068479
2.103339 14.626609 -1.998858 69.159143
1.099175 7.099878 -0.425411 35.550887
1.520742 10.334116 -1.058965 49.737405
0.856757 5.728833 0.023793 27.875570
1.650527 12.026834 -0.785668 55.034844
0.561667 2.894756 0.249296 16.608839
0.529134 3.089272 0.439226 16.285051
0.568282 3.167463 0.316814 17.188776
0.594513 3.761851 0.301154 18.971660
0.653693 4.309292 0.237163 21.152024
0.555598 3.143049 0.292192 16.906038
0.761963 4.900941 0.141528 24.578622
0.594513 3.761851 0.301154 18.971662
0.934994 6.348657 -0.040792 30.453720
1.478828 10.073660 -0.983726 48.479799
0.878064 6.041289 0.034189 28.641412
0.577692 3.518896 0.256156 18.097922
0.652313 4.288021 0.237032 21.079997
0.587558 3.674181 0.238382 18.594422
0.533987 2.849547 0.214668 15.975130
0.589508 3.609829 0.211396 18.481348
0.589508 3.609830 0.211396 18.481350
0.711234 4.268959 0.366855 22.433626
0.748420 4.636721 0.232826 23.807444
0.507381 3.011750 0.578506 15.905938
0.618945 3.908014 0.509863 19.638863
0.605890 3.866865 0.494258 19.288334
0.816456 5.526410 0.930156 26.654896
1.261895 8.836520 1.981016 41.895180
0.564393 3.076005 0.229173 16.965252
0.580667 3.426620 0.281995 17.959033
0.516404 2.768204 0.393860 15.422596
0.563503 2.882135 0.239154 16.639234
0.547944 2.746476 0.101788 16.034519
0.551190 2.779792 0.220584 16.230246
0.574733 3.169277 0.166121 17.361368
1.200812 8.299833 1.847358 39.686607
0.375662 1.165431 0.358124 9.740212
0.267764 1.081051 0.528725 7.193962
0.330756 1.633121 0.728698 9.523564
0.329119 1.537953 0.653155 9.498476
0.478154 2.226014 0.427105 13.568863
0.516620 2.085454 0.359011 14.198897
0.371720 1.972918 0.692662 11.040712
0.387769 2.071333 0.768462 11.647387
0.406275 2.275295 0.675397 12.393090
0.380954 2.080804 0.733856 11.501502
0.456739 2.584908 0.673604 14.003160
0.312522 1.466242 0.736158 8.827288
0.324790 1.619636 0.739619 9.377529
0.326703 1.033291 0.646698 8.420431
0.303612 1.458239 0.674694 8.747846
0.331068 1.271339 0.372776 8.898965
0.296000 1.395525 0.648419 8.524498
0.358630 1.556984 0.760832 9.935665
0.271668 1.315256 0.735429 7.835685
0.338996 1.540616 0.718166 9.525594
0.417232 2.131090 0.792221 12.294445
0.362318 1.672161 0.662629 10.327163
0.516596 2.903229 0.667132 15.813338
0.383882 2.083768 0.753009 11.605034
0.335463 1.728534 0.704041 9.864170
0.329025 1.697454 0.728014 9.686935
0.538373 2.994548 0.687897 16.484599
0.390358 2.123072 0.754366 11.800099
0.384763 1.998149 0.774964 11.357343
0.330488 1.631414 0.728453 9.517113
0.343491 1.545478 0.647579 9.664698
0.321521 1.532695 0.660956 9.248568
0.524995 2.862230 0.712066 15.998358
0.323127 1.513028 0.660059 9.269582
0.582742 3.630969 0.441323 18.380120
0.756849 4.996550 0.800625 24.485726
1.449884 10.062770 2.475353 48.088553
0.958811 6.366398 1.265257 31.189716
1.583914 10.976810 2.829883 52.475308
1.347688 10.196990 1.735550 45.779658
1.347688 10.196989 1.735550 45.779656
1.218684 9.465131 1.285525 41.757981
1.000000 7.969558 0.697246 34.564103
0.592990 3.584389 0.361443 18.471518
0.684047 4.405000 0.625408 21.908021
0.745140 4.752810 0.657975 23.880629
0.537513 3.223541 -0.058187 16.699564
0.863651 5.731924 1.036698 28.052268
0.930973 6.098945 1.180922 30.224193
0.683412 4.397461 0.622845 21.889017
0.930973 6.098945 1.180922 30.224192
0.522841 2.963092 0.219164 15.943746
0.554880 3.288533 0.333540 17.168147
0.532285 2.928650 0.226838 16.081596
0.560192 3.225905 0.179027 17.165351
0.538765 2.936905 0.241903 16.233140
0.567485 3.164010 0.301433 17.247642
0.546057 2.864446 0.243036 16.257519
0.549300 3.038479 0.198200 16.604717
0.552892 2.853527 0.229887 16.377916
0.555394 2.871328 0.228887 16.457983
0.618950 3.910589 0.511141 19.641682
0.560156 3.296090 0.323226 17.282959
0.525261 3.122782 0.314436 16.260179
0.581571 3.591416 0.125453 18.240507
1.205853 8.551565 -0.372418 39.940189
0.807336 5.446492 0.091665 26.255621
1.130945 7.924720 -0.299154 37.256172
1.608717 11.287505 -1.050244 53.117974
1.130945 7.924720 -0.299154 37.256172
1.384560 9.934905 -0.598009 46.075706
0.931495 6.533629 -0.051005 30.672848
1.205853 8.551565 -0.372418 39.940189
0.758286 5.179351 0.056322 24.688234
0.694694 4.608699 0.142495 22.399628
0.631015 4.078276 0.114460 20.107820
0.931495 6.533629 -0.051005 30.672848
0.631015 4.078276 0.114460 20.107821
0.583271 3.607337 0.123064 18.301008
0.807336 5.446492 0.091665 26.255621
1.496019 10.699806 -0.777800 49.720555
1.056962 8.377358 0.633966 36.360071
1.016629 8.096693 0.685164 35.116369
1.000000 7.969558 0.697246 34.564103
1.150157 9.073522 0.536660 39.434176
1.715967 12.793815 -0.725525 57.785748
1.567260 11.509034 -0.679438 52.525875
1.530169 11.020577 -0.804193 51.010486
1.140501 8.978751 0.530577 39.031872
1.692989 12.547227 -0.720981 56.813966
1.432816 11.060920 0.030192 48.727964
1.051167 8.346750 0.648279 36.216161
1.000000 7.969558 0.697246 34.564103
1.114995 7.954628 -0.239659 36.983568
0.073960 0.326693 0.255789 1.972625
0.126179 0.499271 0.360238 3.253802
0.753287 3.967120 0.522025 22.537150
0.544567 3.370803 0.142325 17.081080
0.517935 3.053246 0.162559 15.980321
0.740047 5.020840 0.121484 24.020318
5.762547 6.903817 -8.475882 166.474813
3.099901 16.205800 -6.193232 96.837891
1.247680 9.447609 0.226230 41.679490
2.935010 16.728284 -5.306853 92.132768
1.247792 9.560461 0.263392 41.970326
1.000000 7.969558 0.697246 34.564103
1.000000 7.969558 0.697246 34.564103
2.174044 14.226500 -2.478567 70.126374
1.000000 7.969558 0.697246 34.564103
0.750355 4.624134 0.266349 23.926347
0.806760 4.942055 0.200639 25.592279
0.714544 4.285520 0.363677 22.522572
0.843467 5.006652 0.184752 26.446025
0.562317 3.282497 0.548914 17.478909
1.201386 7.206133 -0.489973 37.883947
1.099175 7.099878 -0.425412 35.550888
1.473735 9.372895 -1.192732 47.454198
1.940396 13.305039 -1.795675 63.576820
1.666162 11.726127 -0.864393 54.085292
1.071494 6.491849 -0.256938 33.908661
0.838503 4.961303 0.203091 26.381627
1.791239 10.338068 -2.045843 56.698113
1.060994 6.161623 -0.181488 33.171129
1.060994 6.161623 -0.181488 33.171129
0.314337 1.544569 0.738852 9.025043
2.838784 16.234719 -5.005480 89.369649
0.373099 1.843655 0.690812 10.744334
0.458449 1.728026 0.349904 12.348110
0.338279 1.701072 0.709628 9.849181
0.669210 3.859629 0.460283 20.756284
0.368113 1.967009 0.682099 10.953600
0.561225 3.263944 0.562799 17.497587
0.500406 2.935657 0.592627 15.633665
1.000000 7.969558 0.697246 34.564103
1.000000 7.969558 0.697246 34.564103
1.000000 7.969558 0.697246 34.564103
1.000000 7.969558 0.697246 34.564103
1.000000 7.969558 0.697246 34.564103
1.000000 7.969558 0.697246 34.564103
1.000000 7.969558 0.697246 34.564103
1.000000 7.969558 0.697246 34.564103
1.000000 7.969558 0.697246 34.564103
1.000000 7.969558 0.697246 34.564103
1.000000 7.969558 0.697246 34.564103
1.000000 7.969558 0.697246 34.564103
1.000000 7.969558 0.697246 34.564103
1.000000 7.969558 0.697246 34.564103
1.000000 7.969558 0.697246 34.564103
1.000000 7.969558 0.697246 34.564103
2.906454 10.967781 -1.193145 81.098752
1.729308 10.241746 -0.647643 51.759194
1.000000 7.969558 0.697246 34.564103
1.000000 7.969558 0.697246 34.564103
1.000000 7.969558 0.697246 34.564103
1.000000 7.969558 0.697246 34.564103
1.000000 7.969558 0.697246 34.564103
1.384560 9.934905 -0.598009 46.075706
1.709487 12.818366 -0.658499 57.701581
1.000000 7.969558 0.697246 34.564103
1.015747 8.088807 0.684288 35.082613
1.000000 7.969558 0.697246 34.564103
1.000000 7.969558 0.697246 34.564103
1.000000 7.969558 0.697246 34.564103
1.000000 7.969558 0.697246 34.564103
1.000000 7.969558 0.697246 34.564103
1.000000 7.969558 0.697246 34.564103
1.000000 7.969558 0.697246 34.564103
1.000000 7.969558 0.697246 34.564103
1.000000 7.969558 0.697246 34.564103
1.000000 7.969558 0.697246 34.564103
1.000000 7.969558 0.697246 34.564103
1.000000 7.969558 0.697246 34.564103
1.000000 7.969558 0.697246 34.564103
1.000000 7.969558 0.697246 34.564103
1.000000 7.969558 0.697246 34.564103
1.000000 7.969558 0.697246 34.564103
1.000000 7.969558 0.697246 34.564103
1.000000 7.969558 0.697246 34.564103
1.000000 7.969558 0.697246 34.564103
4.486469 14.569845 -8.292544 126.969584
2.624693 14.608179 -3.796709 80.050914
2.404083 10.555806 -3.775114 72.800339
3.391297 16.303536 -6.063522 101.001229
3.041737 16.508482 -5.672307 93.771395
2.673607 9.338295 -5.169418 81.589875
0.813995 3.486727 -0.745562 22.153351
2.862169 8.434210 -6.228652 87.216430
1.000000 7.969558 0.697246 34.564103
1.000000 7.969558 0.697246 34.564103
1.000000 7.969558 0.697246 34.564103
1.000000 7.969558 0.697246 34.564103
1.686082 11.559855 -0.820012 53.706944
3.343281 17.140042 -6.964482 103.554734
3.242470 14.840827 -6.233173 99.310649
4.210292 10.282517 -8.772249 123.722938
1.270545 9.555977 0.201973 42.222688
4.043690 14.923006 -8.469877 118.400278
2.128575 11.881902 -2.168098 63.627949
5.344713 9.844868 -9.074098 152.986966
3.395172 9.813277 -6.182685 100.744215
5.022974 8.280196 -9.733094 147.360382
1.000000 7.969558 0.697246 34.564103
1.056966 8.376699 0.621156 36.379245
1.940397 13.305040 -1.795676 63.576824
2.191601 14.667626 -2.471869 71.422963
1.000000 7.969558 0.697246 34.564103
1.000000 7.969558 0.697246 34.564103
1.000000 7.969558 0.697246 34.564103
1.013503 8.071904 0.688280 35.004610
1.000000 7.969558 0.697246 34.564103
1.000000 7.969558 0.697246 34.564103
1.715966 12.793814 -0.725525 57.785745
1.013214 8.069105 0.688132 34.991949
1.001159 7.978490 0.696736 34.602322
1.000000 7.969558 0.697246 34.564103
1.000000 7.969558 0.697246 34.564103
1.000000 7.969558 0.697246 34.564103
1.000000 7.969558 0.697246 34.564103
1.000000 7.969558 0.697246 34.564103
1.000000 7.969558 0.697246 34.564103
1.000000 7.969558 0.697246 34.564103
1.000000 7.969558 0.697246 34.564103
1.000000 7.969558 0.697246 34.564103
1.000000 7.969558 0.697246 34.564103
1.000000 7.969558 0.697246 34.564103
1.000000 7.969558 0.697246 34.564103
1.000000 7.969558 0.697246 34.564103
1.000000 7.969558 0.697246 34.564103
1.000000 7.969558 0.697246 34.564103
1.000000 7.969558 0.697246 34.564103
1.000000 7.969558 0.697246 34.564103
1.000000 7.969558 0.697246 34.564103
1.000000 7.969558 0.697246 34.564103
1.000000 7.969558 0.697246 34.564103
1.000000 7.969558 0.697246 34.564103
1.000000 7.969558 0.697246 34.564103
1.000000 7.969558 0.697246 34.564103
1.000000 7.969558 0.697246 34.564103
1.000000 7.969558 0.697246 34.564103
1.000000 7.969558 0.697246 34.564103
1.000000 7.969558 0.697246 34.564103
1.000000 7.969558 0.697246 34.564103
1.000000 7.969558 0.697246 34.564103
1.000000 7.969558 0.697246 34.564103
1.000000 7.969558 0.697246 34.564103
1.000000 7.969558 0.697246 34.564103
1.000000 7.969558 0.697246 34.564103
1.000000 7.969558 0.697246 34.564103
1.000000 7.969558 0.697246 34.564103
1.000000 7.969558 0.697246 34.564103
1.000000 7.969558 0.697246 34.564103
1.000000 7.969558 0.697246 34.564103
1.000000 7.969558 0.697246 34.564103
1.000000 7.969558 0.697246 34.564103
0.139667 0.694477 0.324318 3.787340
0.515387 2.553958 -0.125486 14.701825
1.483813 6.333956 -1.182148 43.623857
2.475124 9.705518 -4.491819 75.666965
1.536506 6.833715 -1.230305 45.538645
0.204256 1.092589 0.191300 5.600069
0.819997 3.875582 0.231656 23.736566
0.785204 3.778389 0.286729 22.888105
0.112458 0.605194 0.230987 3.101078
0.460855 2.291139 0.691319 13.393162
2.996099 10.471211 -5.517601 89.405125
0.910356 4.509143 0.199801 27.070144
1.447466 6.617033 -1.090575 43.321836
0.976926 4.789324 0.219733 28.775196
0.153332 0.715072 0.370881 4.113362
0.460855 2.291139 0.691319 13.393163
0.236094 1.099794 0.652747 6.704160
0.290343 1.405512 0.738229 8.400938
0.272014 1.342161 0.702958 8.008927
0.429431 2.168272 0.795396 12.638433
0.409660 2.114424 0.788647 12.068874
0.300608 1.427924 0.733588 8.544038
0.432574 2.225210 0.788263 12.680286
0.450982 2.284799 0.791811 13.168281
0.850293 4.376103 0.387584 25.368987
0.743469 3.316105 -0.787555 20.536061
0.101443 0.510242 0.277023 2.781720
0.531454 2.652167 0.779797 15.417415
0.225574 1.157058 0.248683 6.098452
0.813443 4.147965 0.449724 24.384625
4.260785 14.018138 -9.016358 125.430183
0.656116 3.525498 0.605664 19.815964
0.657112 3.521159 0.617089 19.874158
1.431980 7.022782 -0.881589 43.152303
2.326484 11.332059 -3.224407 71.402019
2.132373 11.230320 -2.930614 66.161075
3.816005 11.634467 -8.340665 113.042748
3.644087 14.394178 -7.975211 110.216784
1.634072 7.445606 -1.167510 48.496689
2.818766 10.940804 -4.560104 84.134828
3.647206 13.259077 -7.648558 109.342349
3.088375 13.184761 -6.333746 94.972946
1.387682 6.681454 -0.673983 41.883917
2.333405 9.977725 -3.474123 71.182867
2.014908 9.500188 -2.769876 62.177434
2.082067 11.050308 -2.808364 64.840453
0.332220 1.585141 0.668196 9.582237
0.323996 1.578076 0.734949 9.270037
0.367245 1.642747 0.666889 10.487480
0.464307 1.983411 0.720433 12.806432
0.532225 2.894885 0.709613 16.186185
0.391208 2.088846 0.768647 11.740361
0.409940 2.126561 0.775549 12.052792
1.245564 6.353080 -0.500168 38.067274
0.458638 2.586674 0.692330 14.101107
0.517268 2.890691 0.697538 15.908327
1.351399 6.972343 -0.595365 41.001011
1.138082 6.069554 -0.179637 34.960106
1.126497 6.054038 -0.205666 34.634588
0.798438 4.454450 0.388132 24.712730
0.721306 3.804832 0.533694 21.815652
0.758966 4.271545 0.430031 23.634791
0.761673 4.326890 0.371358 23.523056
0.236094 1.099794 0.652747 6.704159
1.000000 7.969558 0.697246 34.564103
