1.000000 7.969558 0.697246 34.564103
1.000000 7.969558 0.697246 34.564103
1.000000 7.969558 0.697246 34.564103
1.000000 7.969558 0.697246 34.564103
1.000000 7.969558 0.697246 34.564103
1.326568 9.636716 0.092101 43.190141
3.469184 16.414667 -6.208211 103.072285
2.888862 16.561054 -5.225398 90.958822
3.479943 15.308532 -6.638991 105.225410
2.036157 10.318358 -2.488314 63.358102
1.331974 5.974464 -0.945256 39.792364
1.247443 9.193346 0.292080 40.902263
1.000000 7.969558 0.697246 34.564103
1.360759 9.767818 0.068220 43.910462
1.000000 7.969558 0.697246 34.564103
2.272642 11.942569 -2.284628 65.665945
3.000348 14.634583 -4.153808 87.763883
2.393509 11.856199 -1.444262 68.261805
1.000000 7.969558 0.697246 34.564103
1.000000 7.969558 0.697246 34.564103
1.000000 7.969558 0.697246 34.564103
1.000000 7.969558 0.697246 34.564103
1.000000 7.969558 0.697246 34.564103
1.000000 7.969558 0.697246 34.564103
1.000000 7.969558 0.697246 34.564103
1.000000 7.969558 0.697246 34.564103
1.000000 7.969558 0.697246 34.564103
1.000000 7.969558 0.697246 34.564103
1.000000 7.969558 0.697246 34.564103
1.000000 7.969558 0.697246 34.564103
1.000000 7.969558 0.697246 34.564103
1.000000 7.969558 0.697246 34.564103
1.650604 12.027213 -0.785890 55.036989
1.000000 7.969558 0.697246 34.564103
1.000000 7.969558 0.697246 34.564103
1.000000 7.969558 0.697246 34.564103
1.225471 9.522566 0.361984 41.609315
1.000000 7.969558 0.697246 34.564103
5.478460 7.621399 -9.297402 159.739148
5.863420 8.839903 -8.227975 168.545311
4.694301 12.373945 -9.435591 134.218602
5.222390 9.702902 -9.422430 151.914543
5.396590 11.982031 -8.851010 152.321456
1.000000 7.969558 0.697246 34.564103
5.784142 6.789219 -5.967211 164.678065
1.000000 7.969558 0.697246 34.564103
1.000000 7.969558 0.697246 34.564103
1.000000 7.969558 0.697246 34.564103
1.000000 7.969558 0.697246 34.564103
1.000000 7.969558 0.697246 34.564103
1.000000 7.969558 0.697246 34.564103
1.000000 7.969558 0.697246 34.564103
1.437323 9.376037 0.561390 44.260344
6.421658 4.060548 -5.798408 185.865552
5.820389 6.571839 -4.933550 165.029712
6.084335 5.144925 -6.825128 175.143519
6.778923 2.938744 -3.125027 196.631321
6.424869 4.704285 -1.355140 182.228087
6.125154 4.921247 -4.038039 173.639540
4.782161 9.247815 -4.207049 133.420845
1.000000 7.969558 0.697246 34.564103
1.000000 7.969558 0.697246 34.564103
1.000000 7.969558 0.697246 34.564103
6.036767 5.781830 -7.709281 174.917211
5.344003 10.102577 -6.984469 150.551959
3.186503 11.776864 -0.751540 87.216492
4.655647 12.992767 -5.183147 126.371628
4.609108 11.726554 -9.071837 133.788214
5.506585 9.409261 -5.741454 155.996662
3.997296 13.005876 -6.328283 111.895147
6.368458 3.572932 -4.622452 182.455056
6.614727 2.994488 -1.479865 189.362528
1.000000 7.969558 0.697246 34.564103
1.000000 7.969558 0.697246 34.564103
1.000000 7.969558 0.697246 34.564103
1.000000 7.969558 0.697246 34.564103
1.000000 7.969558 0.697246 34.564103
1.000000 7.969558 0.697246 34.564103
1.000000 7.969558 0.697246 34.564103
1.000000 7.969558 0.697246 34.564103
1.000000 7.969558 0.697246 34.564103
1.000000 7.969558 0.697246 34.564103
6.144722 5.538241 -2.597759 172.969998
6.777216 2.267882 0.211978 195.430155
6.161794 4.752260 1.541854 173.210519
6.522482 2.105583 3.715009 186.310147
1.000000 7.969558 0.697246 34.564103
4.537827 9.129512 3.955757 124.109304
5.760434 8.215081 6.155639 160.322972
1.000000 7.969558 0.697246 34.564103
4.398820 10.963365 -0.158978 117.535048
5.158640 8.398697 -1.152883 140.998245
6.758263 1.808421 2.862600 194.928942
6.439328 3.360369 1.812615 182.896518
6.557981 2.162906 1.508497 187.153757
6.438062 4.625920 4.093938 183.470407
6.370035 4.057374 5.007516 181.025999
6.358258 3.430571 3.067867 180.201950
6.445313 2.590929 4.657835 183.653855
6.640733 2.508385 5.768505 191.376217
6.393669 3.233474 7.037919 182.927499
6.356022 4.898381 6.018173 180.283194
6.351289 3.610163 8.113775 182.600897
1.000000 7.969558 0.697246 34.564103
6.366781 6.497471 6.501062 179.976523
1.000000 7.969558 0.697246 34.564103
5.813857 7.362532 10.870247 165.253114
6.354414 4.328769 6.985673 180.881039
5.943739 4.872776 9.706836 170.257781
1.000000 7.969558 0.697246 34.564103
1.000000 7.969558 0.697246 34.564103
1.000000 7.969558 0.697246 34.564103
1.000000 7.969558 0.697246 34.564103
1.000000 7.969558 0.697246 34.564103
1.000000 7.969558 0.697246 34.564103
1.000000 7.969558 0.697246 34.564103
1.000000 7.969558 0.697246 34.564103
1.000000 7.969558 0.697246 34.564103
1.000000 7.969558 0.697246 34.564103
1.000000 7.969558 0.697246 34.564103
1.000000 7.969558 0.697246 34.564103
1.000000 7.969558 0.697246 34.564103
1.000000 7.969558 0.697246 34.564103
1.000000 7.969558 0.697246 34.564103
1.000000 7.969558 0.697246 34.564103
1.000000 7.969558 0.697246 34.564103
1.000000 7.969558 0.697246 34.564103
1.000000 7.969558 0.697246 34.564103
1.000000 7.969558 0.697246 34.564103
1.000000 7.969558 0.697246 34.564103
1.000000 7.969558 0.697246 34.564103
1.000000 7.969558 0.697246 34.564103
1.000000 7.969558 0.697246 34.564103
1.000000 7.969558 0.697246 34.564103
1.000000 7.969558 0.697246 34.564103
1.000000 7.969558 0.697246 34.564103
1.000000 7.969558 0.697246 34.564103
1.000000 7.969558 0.697246 34.564103
1.116176 8.654963 0.478807 37.840302
1.000000 7.969558 0.697246 34.564103
5.751926 5.637658 10.309760 164.401499
1.000000 7.969558 0.697246 34.564103
1.000000 7.969558 0.697246 34.564103
5.387200 9.406588 0.085389 147.607167
5.893356 6.786318 3.830004 165.165185
1.000000 7.969558 0.697246 34.564103
1.000000 7.969558 0.697246 34.564103
1.000000 7.969558 0.697246 34.564103
5.611973 8.804996 11.743280 160.223962
4.916062 7.615709 11.015662 141.129636
1.680932 7.327200 2.735258 49.932217
2.835915 8.483392 7.622211 85.926553
0.843125 4.016766 1.771585 24.715437
5.690498 9.683613 12.139172 161.563126
5.001562 9.396061 11.549406 144.149096
4.717115 8.246734 11.111878 136.341052
4.559446 11.895820 11.592937 133.087777
5.506459 6.231028 10.666731 157.613016
5.355847 7.037511 11.053692 153.404605
6.099444 5.265977 8.831207 173.145351
6.115305 6.370367 9.619221 173.546481
6.100830 4.315609 9.016730 174.357263
5.816803 6.501761 10.245393 165.371870
1.972278 10.471017 2.175890 56.860108
5.098781 10.983281 6.862743 137.257195
1.504371 9.918636 2.178927 46.897885
4.559478 11.382367 9.079850 126.259186
5.101275 11.194694 10.449928 142.451967
1.000000 7.969558 0.697246 34.564103
1.000000 7.969558 0.697246 34.564103
1.000000 7.969558 0.697246 34.564103
1.000000 7.969558 0.697246 34.564103
1.000000 7.969558 0.697246 34.564103
1.000000 7.969558 0.697246 34.564103
1.000000 7.969558 0.697246 34.564103
1.000000 7.969558 0.697246 34.564103
1.000000 7.969558 0.697246 34.564103
1.000000 7.969558 0.697246 34.564103
1.000000 7.969558 0.697246 34.564103
1.000000 7.969558 0.697246 34.564103
1.024839 8.071662 0.724329 35.123435
4.117454 11.704170 7.569812 112.112565
6.192037 6.584233 7.914418 173.934756
6.083373 8.514313 10.618195 170.905298
1.596089 9.693626 1.614866 48.063222
1.000000 7.969558 0.697246 34.564103
1.000000 7.969558 0.697246 34.564103
1.000000 7.969558 0.697246 34.564103
1.000000 7.969558 0.697246 34.564103
1.000000 7.969558 0.697246 34.564103
1.000000 7.969558 0.697246 34.564103
1.000000 7.969558 0.697246 34.564103
1.000000 7.969558 0.697246 34.564103
1.000000 7.969558 0.697246 34.564103
1.000000 7.969558 0.697246 34.564103
1.000000 7.969558 0.697246 34.564103
1.000000 7.969558 0.697246 34.564103
1.000000 7.969558 0.697246 34.564103
1.000000 7.969558 0.697246 34.564103
1.000000 7.969558 0.697246 34.564103
1.000000 7.969558 0.697246 34.564103
1.000000 7.969558 0.697246 34.564103
1.000000 7.969558 0.697246 34.564103
1.000000 7.969558 0.697246 34.564103
1.000000 7.969558 0.697246 34.564103
1.000000 7.969558 0.697246 34.564103
1.000000 7.969558 0.697246 34.564103
1.000000 7.969558 0.697246 34.564103
1.000000 7.969558 0.697246 34.564103
1.000000 7.969558 0.697246 34.564103
1.000000 7.969558 0.697246 34.564103
1.000000 7.969558 0.697246 34.564103
1.000000 7.969558 0.697246 34.564103
1.000000 7.969558 0.697246 34.564103
1.000000 7.969558 0.697246 34.564103
1.000000 7.969558 0.697246 34.564103
1.000000 7.969558 0.697246 34.564103
5.173605 11.666515 12.938190 148.269949
5.177313 11.936100 13.268088 149.550625
4.629381 13.676071 11.600216 131.557035
1.000000 7.969558 0.697246 34.564103
1.000000 7.969558 0.697246 34.564103
1.000000 7.969558 0.697246 34.564103
1.000000 7.969558 0.697246 34.564103
1.000000 7.969558 0.697246 34.564103
1.000000 7.969558 0.697246 34.564103
1.000000 7.969558 0.697246 34.564103
1.000000 7.969558 0.697246 34.564103
1.000000 7.969558 0.697246 34.564103
1.000000 7.969558 0.697246 34.564103
1.000000 7.969558 0.697246 34.564103
1.000000 7.969558 0.697246 34.564103
1.000000 7.969558 0.697246 34.564103
1.000000 7.969558 0.697246 34.564103
1.000000 7.969558 0.697246 34.564103
1.211964 8.759564 0.884636 39.325350
1.000000 7.969558 0.697246 34.564103
1.000000 7.969558 0.697246 34.564103
1.000000 7.969558 0.697246 34.564103
1.000000 7.969558 0.697246 34.564103
1.000000 7.969558 0.697246 34.564103
1.000000 7.969558 0.697246 34.564103
1.319033 9.754812 1.610607 43.808666
1.190179 9.187308 1.211065 40.467012
1.000000 7.969558 0.697246 34.564103
1.000000 7.969558 0.697246 34.564103
1.000000 7.969558 0.697246 34.564103
1.000000 7.969558 0.697246 34.564103
1.000000 7.969558 0.697246 34.564103
1.000000 7.969558 0.697246 34.564103
1.000000 7.969558 0.697246 34.564103
1.000000 7.969558 0.697246 34.564103
1.000000 7.969558 0.697246 34.564103
1.000000 7.969558 0.697246 34.564103
1.000000 7.969558 0.697246 34.564103
5.865707 8.393424 11.105432 165.596851
5.495455 7.740168 11.131055 156.665796
5.745885 11.686622 12.596176 162.679524
5.453780 10.857651 13.041222 156.732526
3.233832 11.267837 8.067319 96.704404
1.837440 11.215637 2.965638 56.154741
4.163463 14.614953 11.574292 121.546545
1.340729 9.558554 1.582114 43.465591
2.250380 11.796457 4.504332 67.214239
2.570028 12.948179 5.445303 76.695509
1.000000 7.969558 0.697246 34.564103
1.149345 8.830606 1.088972 38.791419
1.000000 7.969558 0.697246 34.564103
1.000000 7.969558 0.697246 34.564103
2.492407 14.362535 6.191157 78.568959
1.130628 8.805636 1.066595 38.645558
1.000000 7.969558 0.697246 34.564103
1.000000 7.969558 0.697246 34.564103
1.000000 7.969558 0.697246 34.564103
1.000000 7.969558 0.697246 34.564103
1.000000 7.969558 0.697246 34.564103
1.008242 8.004806 0.731873 34.761153
1.180244 8.768627 1.197678 38.952056
3.978793 13.421679 8.233373 110.482834
1.000000 7.969558 0.697246 34.564103
1.442364 10.046394 2.047761 46.354891
5.849407 9.358091 11.925198 165.564511
4.137560 13.260096 9.086296 116.559451
5.108499 13.438385 12.639394 145.361814
5.151658 9.431631 11.924445 147.510383
4.118598 10.258898 10.664504 120.799569
1.191806 8.981098 1.190055 39.692596
1.000000 7.969558 0.697246 34.564103
1.000000 7.969558 0.697246 34.564103
2.387589 11.633624 3.937757 68.842463
1.000000 7.969558 0.697246 34.564103
1.000000 7.969558 0.697246 34.564103
1.000000 7.969558 0.697246 34.564103
1.000000 7.969558 0.697246 34.564103
1.000000 7.969558 0.697246 34.564103
1.000000 7.969558 0.697246 34.564103
1.000000 7.969558 0.697246 34.564103
1.000000 7.969558 0.697246 34.564103
1.000000 7.969558 0.697246 34.564103
4.066394 11.282324 0.137834 108.263494
6.313860 6.032730 -0.055446 177.713932
4.762426 7.839596 1.454404 128.975500
3.911581 11.313030 3.559062 104.831625
6.275060 8.230968 9.042716 175.551402
6.278584 5.237099 7.997436 178.091329
6.148042 7.716888 9.799010 172.988060
5.391785 10.462078 8.997740 147.848472
1.000000 7.969558 0.697246 34.564103
2.221604 10.357163 1.784624 62.739237
1.447846 9.599398 1.761712 45.072100
3.215330 13.423579 8.767575 98.242530
2.273404 10.238400 4.885384 69.305795
2.582844 11.635477 6.308098 79.324330
1.000000 7.969558 0.697246 34.564103
1.000000 7.969558 0.697246 34.564103
0.885799 4.138894 1.785386 25.696563
1.000000 7.969558 0.697246 34.564103
1.000000 7.969558 0.697246 34.564103
1.000000 7.969558 0.697246 34.564103
1.000000 7.969558 0.697246 34.564103
1.000000 7.969558 0.697246 34.564103
1.000000 7.969558 0.697246 34.564103
1.000000 7.969558 0.697246 34.564103
1.000000 7.969558 0.697246 34.564103
1.000000 7.969558 0.697246 34.564103
1.000000 7.969558 0.697246 34.564103
1.000000 7.969558 0.697246 34.564103
1.000000 7.969558 0.697246 34.564103
1.000000 7.969558 0.697246 34.564103
1.000000 7.969558 0.697246 34.564103
1.000000 7.969558 0.697246 34.564103
1.000000 7.969558 0.697246 34.564103
1.000000 7.969558 0.697246 34.564103
1.000000 7.969558 0.697246 34.564103
1.000000 7.969558 0.697246 34.564103
1.000000 7.969558 0.697246 34.564103
1.000000 7.969558 0.697246 34.564103
1.000000 7.969558 0.697246 34.564103
1.000000 7.969558 0.697246 34.564103
1.000000 7.969558 0.697246 34.564103
1.000000 7.969558 0.697246 34.564103
1.000000 7.969558 0.697246 34.564103
1.000000 7.969558 0.697246 34.564103
1.000000 7.969558 0.697246 34.564103
1.000000 7.969558 0.697246 34.564103
1.000000 7.969558 0.697246 34.564103
1.000000 7.969558 0.697246 34.564103
1.000000 7.969558 0.697246 34.564103
1.552014 11.482915 2.400966 52.436352
1.000000 7.969558 0.697246 34.564103
1.000000 7.969558 0.697246 34.564103
1.000000 7.969558 0.697246 34.564103
1.000000 7.969558 0.697246 34.564103
1.000000 7.969558 0.697246 34.564103
1.000000 7.969558 0.697246 34.564103
1.000000 7.969558 0.697246 34.564103
1.000000 7.969558 0.697246 34.564103
1.000000 7.969558 0.697246 34.564103
1.000000 7.969558 0.697246 34.564103
1.000000 7.969558 0.697246 34.564103
1.000000 7.969558 0.697246 34.564103
1.565818 11.407219 2.549761 52.673839
1.361611 10.435250 1.679702 46.414982
1.253585 9.693255 1.378606 42.840409
1.000000 7.969558 0.697246 34.564103
1.000000 7.969558 0.697246 34.564103
1.000000 7.969558 0.697246 34.564103
1.556075 11.233126 2.508120 52.091309
1.556077 11.233134 2.508124 52.091353
1.000000 7.969558 0.697246 34.564103
1.000000 7.969558 0.697246 34.564103
1.000000 7.969558 0.697246 34.564103
1.000000 7.969558 0.697246 34.564103
1.000000 7.969558 0.697246 34.564103
1.000000 7.969558 0.697246 34.564103
0.099225 0.408824 -0.268041 2.552105
0.060133 0.261956 -0.184572 1.582964
0.136627 0.684956 -0.318751 3.771935
0.154113 0.790433 -0.360149 4.298713
0.009159 0.038606 -0.039313 0.223472
1.142165 8.993296 1.031499 39.305292
1.000000 7.969558 0.697246 34.564103
1.172633 9.177108 1.134051 40.256761
1.172634 9.177113 1.134053 40.256782
0.089515 0.470495 -0.180241 2.371640
0.124898 0.634437 -0.268994 3.356294
0.579126 3.234459 -0.119887 17.708330
0.716392 3.862346 0.083183 21.697579
0.481485 2.590077 -0.162944 14.298767
0.173977 0.924007 -0.229536 4.791718
0.134513 0.741017 -0.081411 3.604539
0.058443 0.336723 -0.091262 1.572874
0.424327 2.316202 -0.283776 12.661863
0.215830 1.127006 -0.323401 6.007062
0.205084 1.077108 -0.325400 5.743838
0.156497 0.778388 -0.286393 4.162935
0.066760 0.314290 -0.214323 1.817377
0.530435 2.846885 0.709230 15.970572
0.078356 0.496686 0.012039 2.216944
0.561706 2.967528 0.178377 16.682748
0.056999 0.329160 -0.089487 1.535192
1.093552 6.111278 1.292101 34.135753
1.954517 10.261223 4.375841 61.106561
2.635009 15.465099 6.831230 84.227012
2.784857 15.269965 7.380937 87.121085
1.861514 9.349686 3.683677 57.441717
1.452818 7.744770 2.340766 45.314076
2.722243 12.862386 7.070789 83.640056
1.460264 10.372734 2.158687 48.021170
3.216657 15.476456 9.075683 98.752457
1.465428 10.355372 2.148220 47.972502
3.680997 13.781924 10.273459 111.000475
2.625734 14.460048 6.281607 80.442367
2.006516 12.660522 4.190901 63.929454
3.506901 14.564519 8.889487 103.525563
3.146244 12.891302 8.491284 96.520364
3.373663 14.606698 9.283158 102.109037
1.417159 7.051417 2.077602 43.425336
1.611076 8.097968 2.618737 49.672443
1.610752 8.108630 2.646385 49.558088
2.582846 11.635479 6.308095 79.324360
2.158632 9.468716 4.670335 66.211822
0.228291 1.202360 -0.379843 6.470950
0.201777 1.055348 -0.217155 5.474279
0.102680 0.530194 -0.198554 2.705304
0.471662 2.756903 -0.283147 14.702610
0.891352 5.062319 0.585283 27.838701
0.462963 2.642273 -0.297903 14.270297
0.624219 3.586290 -0.044051 19.379713
0.735507 4.178894 0.165982 22.733778
0.886139 4.907386 0.550785 27.539501
0.715236 3.872549 0.103250 21.623616
0.362960 2.012143 -0.343713 10.942608
0.142278 0.776765 -0.074930 3.782372
0.381518 1.185009 -0.092137 9.662717
0.176630 0.666515 -0.166525 4.430768
0.447124 1.423189 0.218297 11.741367
0.167066 0.682004 0.497269 4.508935
0.271440 1.545416 -0.418288 8.285535
0.246295 1.265973 -0.403999 7.094783
0.335145 1.313096 -0.089073 8.913045
0.504621 1.822213 0.168199 13.616667
0.375272 1.381975 -0.053056 9.855883
0.485836 1.724997 0.232449 13.023590
0.508696 1.930410 0.223514 13.854029
0.331885 1.554686 0.629014 9.446280
0.554517 2.540654 0.208654 15.876963
1.565465 11.418235 2.551963 52.724868
0.592747 3.685034 0.308406 18.644157
0.597070 3.736726 0.320809 18.817931
0.722209 4.610796 0.607363 23.162467
1.414083 9.108308 2.559637 45.975827
1.414083 9.108311 2.559638 45.975834
0.756299 4.992712 0.799297 24.468070
1.196532 8.271606 1.836356 39.552478
0.863667 5.731921 1.036712 28.052339
0.016195 0.065178 -0.059371 0.382891
0.054106 0.157385 -0.148559 1.288464
0.068914 0.303740 -0.213254 1.810110
0.229448 0.915752 0.507270 6.220105
0.155792 0.796892 -0.360289 4.335545
0.142190 0.714066 -0.341429 3.940896
0.161640 0.834135 -0.388161 4.560087
0.539675 2.711439 0.070116 15.795576
0.511792 2.345931 0.113955 14.633797
0.526688 2.323288 0.103618 14.921700
0.465008 2.241573 0.424462 13.360990
0.561740 2.651071 0.202165 16.222192
0.530457 3.125553 0.531735 16.445286
0.552512 2.793431 0.224205 16.274191
0.763677 3.822529 0.599899 22.227015
0.427655 2.345160 -0.080146 12.887068
1.407269 7.000813 2.071518 43.217025
2.075251 9.275211 4.471691 64.083574
1.477307 6.861015 2.097582 44.124945
1.302897 6.353660 1.687051 39.594933
0.441220 2.536555 -0.318243 13.676742
1.843470 9.258984 3.602309 57.274615
0.621011 3.575402 -0.043391 19.323247
0.880150 4.883805 0.540050 27.384540
0.582956 3.238792 -0.127722 17.797859
0.472820 2.760922 -0.283243 14.721184
4.327269 12.268702 11.630433 127.124571
3.629538 13.345645 10.178124 109.432674
4.092802 14.401834 12.076701 122.872601
0.149048 0.875012 0.020130 4.118649
0.809234 4.266084 0.251732 24.251107
0.572620 3.009384 0.165116 16.943317
0.403936 2.220234 -0.253545 12.153569
3.335597 9.957292 8.047821 98.636512
2.794650 9.641180 6.868195 84.429636
1.392238 6.532591 2.006050 42.250851
3.208540 11.404059 8.170197 95.880800
3.070925 12.005052 5.128326 83.681095
4.534583 14.396273 12.300345 131.841200
2.516865 12.818572 5.462054 75.615732
0.238491 1.286978 -0.417235 6.937018
0.371046 2.061073 -0.357605 11.167253
0.160011 0.823927 -0.382466 4.506889
0.222244 1.206237 -0.427072 6.507495
0.163318 0.842704 -0.385051 4.596843
0.223179 1.178589 -0.380467 6.344714
0.145505 0.729531 -0.281429 3.911972
0.159114 0.797375 -0.335997 4.341529
0.124898 0.634438 -0.268995 3.356299
0.231483 0.976486 0.531501 6.361799
0.300680 0.881322 -0.005901 7.467707
0.257846 1.006824 -0.257596 6.641326
0.099835 0.447421 -0.276347 2.648611
0.109212 0.433705 0.135583 2.628178
0.345058 1.961425 -0.406513 10.538408
0.331478 1.860936 -0.390284 10.058171
0.301717 1.720468 -0.428283 9.245543
0.193889 1.044594 -0.419162 5.668741
0.301718 1.720470 -0.428283 9.245553
0.205896 1.138068 -0.432543 6.155939
0.137331 0.688188 -0.337620 3.814081
0.375148 1.586896 -0.175603 10.186988
0.146423 0.743379 -0.363272 4.101775
0.423912 1.671708 0.382555 11.520149
0.335552 1.965071 -0.414962 10.430989
1.449889 10.062690 2.475384 48.088388
1.562516 11.375916 2.543924 52.549081
1.525996 11.208451 2.370800 51.379218
0.580752 3.120424 0.232282 17.429986
0.575216 3.223896 0.293839 17.506201
0.577270 3.404479 0.267236 17.847941
0.569120 3.568110 0.194409 17.946586
0.760754 4.846480 0.694366 24.357846
0.569088 3.560569 0.174751 17.987783
0.564941 3.144928 0.181198 17.130721
0.569632 3.562472 0.175704 18.000985
0.557244 3.052534 0.082598 16.762211
0.543768 3.321633 0.074161 17.040889
0.535765 3.300355 0.061750 16.862472
0.555936 2.655820 0.198025 16.106300
0.551986 2.843598 0.229479 16.344465
0.550906 3.120538 0.116043 16.792096
0.901897 5.594832 1.017159 28.886389
0.915577 5.362265 0.928138 28.521230
0.742100 4.468206 0.503854 23.326078
1.420824 8.416250 2.584657 45.321090
0.452576 1.989430 0.437237 12.637995
0.550002 2.493435 0.275374 15.623587
0.456980 2.443563 0.576563 13.600541
0.403846 2.286952 0.656770 12.340607
0.517904 3.099267 0.576944 16.298740
0.540732 2.538885 0.267230 15.535074
0.504841 2.077324 0.076373 13.988477
0.415096 2.346824 -0.220047 12.548418
0.431908 1.705701 -0.080903 11.634898
0.491924 2.202658 0.026572 13.986545
0.363546 1.772746 -0.266775 10.411815
0.551682 3.086001 0.202145 16.741867
0.527512 3.170457 0.493322 16.436342
0.514204 3.086521 0.552102 16.092817
0.681515 4.240660 0.312964 21.763436
0.740070 5.020853 0.121447 24.020557
0.694550 4.605107 0.142314 22.389630
0.875019 6.018753 0.037269 28.544145
1.088523 7.633865 -0.239318 35.914186
0.530282 3.101565 0.293047 16.323334
0.554650 3.175771 0.182949 16.959722
0.527631 2.976415 0.212423 16.059920
0.526619 2.920015 0.235850 15.952547
0.668655 4.368620 0.146536 21.462021
0.217516 1.176904 -0.417536 6.361648
0.335552 1.965068 -0.414961 10.430978
0.356843 2.115886 -0.409501 11.118896
1.182588 6.427830 1.361400 36.728615
1.174730 6.405383 1.329048 36.722505
0.733553 4.172654 0.160838 22.722439
0.567639 3.304453 -0.139142 17.650101
0.892352 5.063631 0.590562 27.832698
0.911716 5.032477 0.559786 28.035646
0.923502 5.707138 1.068880 29.504454
0.742099 4.468204 0.503855 23.326065
0.896048 5.198330 0.829662 28.088226
0.659056 3.871663 0.101668 20.465188
0.483336 2.885883 -0.129490 14.976997
0.588493 3.591037 0.264813 18.383602
0.574010 3.174517 0.293231 17.388149
0.593041 3.584562 0.361513 18.472585
2.394178 12.094018 5.978903 74.383902
2.399895 13.993095 5.977381 76.789258
1.420823 8.416252 2.584659 45.321097
1.825335 12.323630 3.551281 59.953824
1.000000 7.969558 0.697246 34.564103
1.825337 12.323640 3.551288 59.953887
0.920774 5.774056 1.103277 29.393366
1.585126 11.002061 2.837508 52.573589
1.000000 7.969558 0.697246 34.564103
2.341015 11.499010 5.669506 72.537029
2.763469 14.958791 7.260117 86.313778
3.177440 15.316511 8.911182 97.700013
3.306014 14.707765 9.099001 99.991249
2.273888 10.248419 4.902528 69.241663
1.965334 10.475072 4.484500 61.583905
1.460174 7.782428 2.395607 45.294245
2.499931 14.490163 6.335196 79.694723
1.537926 8.561696 3.009803 48.613847
1.699567 9.836416 3.491111 53.901313
1.100098 6.169633 1.370135 34.145292
0.567678 3.304361 -0.140860 17.658933
0.483337 2.885888 -0.129490 14.977026
0.540322 3.226512 -0.113633 16.907372
0.559960 3.342552 -0.084439 17.501462
0.652170 3.844050 0.048051 20.463863
0.505782 2.996391 -0.224717 15.912595
0.435448 2.284903 -0.311806 12.875357
0.370887 2.112871 -0.364019 11.333076
0.353735 1.778696 -0.257028 10.248463
0.416789 2.336759 -0.230853 12.582501
1.672737 10.677361 3.341977 54.257741
1.000000 7.969558 0.697246 34.564103
1.000000 7.969558 0.697246 34.564103
1.000000 7.969558 0.697246 34.564103
1.000000 7.969558 0.697246 34.564103
1.000000 7.969558 0.697246 34.564103
1.000000 7.969558 0.697246 34.564103
1.000000 7.969558 0.697246 34.564103
1.000000 7.969558 0.697246 34.564103
1.000000 7.969558 0.697246 34.564103
0.529682 2.708076 0.416176 15.542024
0.250349 1.272390 -0.412571 7.179887
0.448776 2.479851 0.555922 13.536029
1.561128 10.971398 -0.967693 51.632605
1.677446 12.460691 -0.681792 56.364797
1.561129 10.971398 -0.967694 51.632609
1.677361 12.021945 -1.056991 55.825478
1.496013 10.699591 -0.777855 49.719873
0.554652 3.175778 0.182950 16.959764
0.514247 3.036844 0.168125 15.880516
0.501345 2.990992 0.257829 15.523802
0.761961 4.900822 0.141568 24.578155
0.856749 5.728672 0.023819 27.874903
0.520513 2.772799 0.397552 15.505749
0.525674 3.080569 0.430852 16.200040
0.572425 2.896396 0.259363 16.817597
0.668752 3.843522 0.477425 20.804642
1.860526 10.638506 -2.198245 58.562229
1.278419 7.210518 -0.610384 39.849677
2.221822 12.368162 -3.210621 69.404340
1.473693 9.372461 -1.192609 47.452236
1.072383 6.486399 -0.246372 33.949357
2.174241 14.227344 -2.479134 70.131873
1.304176 7.384160 -0.673920 40.361599
1.528903 10.384574 -1.074130 49.980076
2.034891 12.742819 -2.553359 65.446462
1.995961 12.237590 -2.461881 63.717577
2.135535 14.579267 -2.246294 70.045627
1.000000 7.969558 0.697246 34.564103
1.055544 8.362316 0.620665 36.316392
1.086031 8.509388 0.556609 37.069924
1.086032 8.509395 0.556608 37.069955
2.103470 14.627171 -1.999290 69.162798
1.099149 7.099576 -0.425326 35.549545
1.520736 10.333889 -1.058996 49.736696
0.856749 5.728673 0.023819 27.874906
1.650606 12.027225 -0.785895 55.037051
0.561721 2.894904 0.249301 16.609906
0.529178 3.089413 0.439228 16.285987
0.568333 3.167611 0.316805 17.189826
0.594538 3.761903 0.301157 18.972072
0.653708 4.309282 0.237159 21.152094
0.555648 3.143197 0.292180 16.907056
0.761961 4.900823 0.141567 24.578154
0.594540 3.761907 0.301157 18.972095
0.934983 6.348468 -0.040771 30.452942
1.478816 10.073396 -0.983744 48.478904
0.878063 6.041164 0.034187 28.640943
0.577734 3.519015 0.256141 18.098746
0.652330 4.288021 0.237026 21.080136
0.587597 3.674292 0.238358 18.595168
0.534032 2.849661 0.214686 15.975908
0.589549 3.609941 0.211372 18.482130
0.589551 3.609947 0.211372 18.482170
0.711244 4.268916 0.366909 22.433576
0.748420 4.636614 0.232870 23.807032
0.507411 3.011844 0.578545 15.906561
0.618984 3.908128 0.509918 19.639587
0.605927 3.866970 0.494311 19.288992
0.816478 5.526444 0.930199 26.655185
1.261896 8.836417 1.981031 41.894862
0.564441 3.076131 0.229172 16.966166
0.580723 3.426816 0.282067 17.960262
0.516461 2.768393 0.393860 15.423863
0.563553 2.882262 0.239171 16.640168
0.547999 2.746623 0.101831 16.035630
0.551240 2.779919 0.220615 16.231161
0.574791 3.169466 0.166177 17.362609
1.200817 8.299757 1.847374 39.686400
0.375698 1.165491 0.358134 9.740910
0.267785 1.081111 0.528746 7.194361
0.330785 1.633232 0.728729 9.524212
0.329143 1.538043 0.653177 9.498999
0.478209 2.226169 0.427110 13.570030
0.516673 2.085571 0.359014 14.199958
0.371759 1.973064 0.692694 11.041601
0.387792 2.071418 0.768496 11.647886
0.406308 2.275419 0.675435 12.393835
0.380980 2.080902 0.733896 11.502088
0.456762 2.584984 0.673645 14.003641
0.312549 1.466345 0.736183 8.827878
0.324818 1.619748 0.739651 9.378173
0.326727 1.033341 0.646718 8.420847
0.303640 1.458338 0.674725 8.748450
0.331101 1.271414 0.372788 8.899609
0.296028 1.395616 0.648449 8.525074
0.358665 1.557111 0.760875 9.936467
0.271686 1.315329 0.735455 7.836073
0.339027 1.540737 0.718199 9.526314
0.417246 2.131139 0.792236 12.294691
0.362346 1.672264 0.662650 10.327772
0.516616 2.903286 0.667171 15.813726
0.383909 2.083864 0.753048 11.605613
0.335497 1.728663 0.704076 9.864939
0.329054 1.697572 0.728049 9.687618
0.538393 2.994600 0.687935 16.484955
0.390381 2.123159 0.754403 11.800617
0.384786 1.998230 0.774995 11.357819
0.330518 1.631527 0.728485 9.517779
0.343526 1.545586 0.647607 9.665441
0.321547 1.532789 0.660985 9.249132
0.525013 2.862281 0.712099 15.998695
0.323153 1.513118 0.660086 9.270126
0.582781 3.631074 0.441370 18.380793
0.756875 4.996604 0.800665 24.486110
1.449889 10.062691 2.475385 48.088394
0.958812 6.366321 1.265236 31.189386
1.583929 10.976789 2.829949 52.475476
1.347736 10.197260 1.735712 45.781128
1.347735 10.197254 1.735709 45.781097
1.218718 9.465351 1.285631 41.759085
1.000000 7.969558 0.697246 34.564103
0.593039 3.584555 0.361511 18.472545
0.684084 4.405113 0.625465 21.908729
0.745154 4.752820 0.657967 23.880698
0.537536 3.223621 -0.058203 16.699961
0.863666 5.731919 1.036711 28.052328
0.930977 6.098881 1.180899 30.223929
0.683447 4.397570 0.622900 21.889707
0.930977 6.098880 1.180899 30.223925
0.522882 2.963190 0.219183 15.944399
0.554924 3.288658 0.333587 17.168941
0.532329 2.928761 0.226860 16.082336
0.560235 3.226008 0.179019 17.166098
0.538811 2.937020 0.241928 16.233907
0.567536 3.164158 0.301485 17.248628
0.546106 2.864570 0.243062 16.258378
0.549344 3.038590 0.198200 16.605504
0.552941 2.853651 0.229910 16.378795
0.555443 2.871456 0.228901 16.458898
0.618989 3.910708 0.511197 19.642429
0.560200 3.296214 0.323270 17.283760
0.525300 3.122884 0.314471 16.260818
0.581604 3.591475 0.125429 18.240967
1.205841 8.551326 -0.372437 39.939312
0.807338 5.446386 0.091671 26.255241
1.130937 7.924521 -0.299167 37.255451
1.608723 11.287363 -1.050320 53.117688
1.130937 7.924520 -0.299168 37.255450
1.384548 9.934653 -0.598049 46.074817
0.931501 6.533523 -0.051036 30.672557
1.205841 8.551324 -0.372437 39.939309
0.758304 5.179320 0.056287 24.688275
0.694720 4.608733 0.142464 22.399955
0.631043 4.078310 0.114428 20.108160
0.931500 6.533522 -0.051035 30.672550
0.631045 4.078314 0.114428 20.108186
0.583304 3.607397 0.123038 18.301470
0.807338 5.446386 0.091672 26.255246
1.496013 10.699590 -0.777857 49.719874
1.057005 8.377660 0.633913 36.361414
1.016642 8.096787 0.685153 35.116779
1.000000 7.969558 0.697246 34.564103
1.150232 9.074060 0.536566 39.436575
1.716030 12.794114 -0.725743 57.787508
1.567274 11.508973 -0.679554 52.525932
1.530162 11.020357 -0.804256 51.009787
1.140572 8.979250 0.530482 39.034103
1.693067 12.547634 -0.721217 56.816226
1.432908 11.061525 0.030011 48.730827
1.051207 8.347044 0.648236 36.217457
1.000000 7.969558 0.697246 34.564103
1.114989 7.954433 -0.239691 36.982892
0.073965 0.326712 0.255800 1.972721
0.126188 0.499298 0.360253 3.253951
0.753303 3.967141 0.522053 22.537348
0.544594 3.370829 0.142317 17.081329
0.517968 3.053304 0.162559 15.980727
0.740071 5.020857 0.121446 24.020580
5.762627 6.903763 -8.475758 166.475500
3.099842 16.204828 -6.193092 96.835243
1.247927 9.448984 0.225697 41.686465
2.935139 16.728188 -5.307371 92.135578
1.247988 9.561589 0.262953 41.975985
1.000000 7.969558 0.697246 34.564103
1.000000 7.969558 0.697246 34.564103
2.174235 14.227320 -2.479121 70.131725
1.000000 7.969558 0.697246 34.564103
0.750357 4.624036 0.266399 23.926004
0.806757 4.941925 0.200693 25.591775
0.714553 4.285475 0.363730 22.522506
0.843470 5.006555 0.184814 26.445718
0.562336 3.282538 0.548958 17.479236
1.201361 7.205817 -0.489868 37.882617
1.099149 7.099579 -0.425328 35.549560
1.473692 9.372455 -1.192607 47.452212
1.940463 13.305217 -1.795921 63.578391
1.666516 11.727786 -0.865406 54.095276
1.071475 6.491589 -0.256853 33.907545
0.838507 4.961215 0.203155 26.381367
1.791173 10.337435 -2.045609 56.695231
1.060988 6.161446 -0.181403 33.170460
1.060987 6.161447 -0.181406 33.170452
0.314363 1.544674 0.738880 9.025638
2.838845 16.234348 -5.005782 89.370559
0.373146 1.843818 0.690843 10.745405
0.458503 1.728138 0.349902 12.349210
0.338313 1.701196 0.709662 9.849936
0.669226 3.859642 0.460329 20.756482
0.368152 1.967159 0.682131 10.954500
0.561244 3.263987 0.562842 17.497919
0.500431 2.935731 0.592669 15.634153
1.000000 7.969558 0.697246 34.564103
1.000000 7.969558 0.697246 34.564103
1.000000 7.969558 0.697246 34.564103
1.000000 7.969558 0.697246 34.564103
1.000000 7.969558 0.697246 34.564103
1.000000 7.969558 0.697246 34.564103
1.000000 7.969558 0.697246 34.564103
1.000000 7.969558 0.697246 34.564103
1.000000 7.969558 0.697246 34.564103
1.000000 7.969558 0.697246 34.564103
1.000000 7.969558 0.697246 34.564103
1.000000 7.969558 0.697246 34.564103
1.000000 7.969558 0.697246 34.564103
1.000000 7.969558 0.697246 34.564103
1.000000 7.969558 0.697246 34.564103
1.000000 7.969558 0.697246 34.564103
2.906844 10.967739 -1.193468 81.109139
1.729519 10.242133 -0.647983 51.764207
1.000000 7.969558 0.697246 34.564103
1.000000 7.969558 0.697246 34.564103
1.000000 7.969558 0.697246 34.564103
1.000000 7.969558 0.697246 34.564103
1.000000 7.969558 0.697246 34.564103
1.384548 9.934651 -0.598050 46.074813
1.709568 12.818809 -0.658742 57.703979
1.000000 7.969558 0.697246 34.564103
1.015758 8.088891 0.684277 35.082982
1.000000 7.969558 0.697246 34.564103
1.000000 7.969558 0.697246 34.564103
1.000000 7.969558 0.697246 34.564103
1.000000 7.969558 0.697246 34.564103
1.000000 7.969558 0.697246 34.564103
1.000000 7.969558 0.697246 34.564103
1.000000 7.969558 0.697246 34.564103
1.000000 7.969558 0.697246 34.564103
1.000000 7.969558 0.697246 34.564103
1.000000 7.969558 0.697246 34.564103
1.000000 7.969558 0.697246 34.564103
1.000000 7.969558 0.697246 34.564103
1.000000 7.969558 0.697246 34.564103
1.000000 7.969558 0.697246 34.564103
1.000000 7.969558 0.697246 34.564103
1.000000 7.969558 0.697246 34.564103
1.000000 7.969558 0.697246 34.564103
1.000000 7.969558 0.697246 34.564103
1.000000 7.969558 0.697246 34.564103
4.486809 14.568511 -8.293083 126.978232
2.625149 14.609261 -3.798176 80.063221
2.404056 10.555444 -3.774878 72.798623
3.391617 16.303835 -6.064560 101.009714
3.042016 16.508742 -5.673393 93.778887
2.673655 9.338391 -5.169304 81.590347
0.814044 3.486868 -0.745527 22.154381
2.862253 8.434317 -6.228584 87.217808
1.000000 7.969558 0.697246 34.564103
1.000000 7.969558 0.697246 34.564103
1.000000 7.969558 0.697246 34.564103
1.000000 7.969558 0.697246 34.564103
1.686467 11.561630 -0.820999 53.717563
3.343287 17.139231 -6.964539 103.553811
3.242374 14.839976 -6.232689 99.306517
4.210404 10.282526 -8.772020 123.724631
1.270888 9.557722 0.201226 42.231927
4.043869 14.922052 -8.470407 118.404359
2.129238 11.882805 -2.169452 63.643302
5.344809 9.844712 -9.073891 152.988185
3.395280 9.813381 -6.182530 100.746126
5.023042 8.280192 -9.732988 147.360858
1.000000 7.969558 0.697246 34.564103
1.057003 8.376956 0.621099 36.380405
1.940465 13.305226 -1.795927 63.578446
2.191692 14.667890 -2.472213 71.425350
1.000000 7.969558 0.697246 34.564103
1.000000 7.969558 0.697246 34.564103
1.000000 7.969558 0.697246 34.564103
1.013514 8.071988 0.688272 35.004972
1.000000 7.969558 0.697246 34.564103
1.000000 7.969558 0.697246 34.564103
1.716028 12.794105 -0.725739 57.787465
1.013225 8.069184 0.688124 34.992292
1.001160 7.978498 0.696736 34.602357
1.000000 7.969558 0.697246 34.564103
1.000000 7.969558 0.697246 34.564103
1.000000 7.969558 0.697246 34.564103
1.000000 7.969558 0.697246 34.564103
1.000000 7.969558 0.697246 34.564103
1.000000 7.969558 0.697246 34.564103
1.000000 7.969558 0.697246 34.564103
1.000000 7.969558 0.697246 34.564103
1.000000 7.969558 0.697246 34.564103
1.000000 7.969558 0.697246 34.564103
1.000000 7.969558 0.697246 34.564103
1.000000 7.969558 0.697246 34.564103
1.000000 7.969558 0.697246 34.564103
1.000000 7.969558 0.697246 34.564103
1.000000 7.969558 0.697246 34.564103
1.000000 7.969558 0.697246 34.564103
1.000000 7.969558 0.697246 34.564103
1.000000 7.969558 0.697246 34.564103
1.000000 7.969558 0.697246 34.564103
1.000000 7.969558 0.697246 34.564103
1.000000 7.969558 0.697246 34.564103
1.000000 7.969558 0.697246 34.564103
1.000000 7.969558 0.697246 34.564103
1.000000 7.969558 0.697246 34.564103
1.000000 7.969558 0.697246 34.564103
1.000000 7.969558 0.697246 34.564103
1.000000 7.969558 0.697246 34.564103
1.000000 7.969558 0.697246 34.564103
1.000000 7.969558 0.697246 34.564103
1.000000 7.969558 0.697246 34.564103
1.000000 7.969558 0.697246 34.564103
1.000000 7.969558 0.697246 34.564103
1.000000 7.969558 0.697246 34.564103
1.000000 7.969558 0.697246 34.564103
1.000000 7.969558 0.697246 34.564103
1.000000 7.969558 0.697246 34.564103
1.000000 7.969558 0.697246 34.564103
1.000000 7.969558 0.697246 34.564103
1.000000 7.969558 0.697246 34.564103
1.000000 7.969558 0.697246 34.564103
0.139685 0.694555 0.324365 3.787797
0.515423 2.554092 -0.125448 14.702657
1.483857 6.334078 -1.182098 43.624684
2.475120 9.705405 -4.491691 75.665990
1.536525 6.833733 -1.230277 45.538707
0.204278 1.092680 0.191337 5.600581
0.820038 3.875719 0.231708 23.737474
0.785242 3.778519 0.286774 22.888921
0.112475 0.605267 0.231027 3.101486
0.460883 2.291249 0.691370 13.393834
2.996093 10.471067 -5.517443 89.403983
0.910379 4.509204 0.199813 27.070475
1.447485 6.617055 -1.090548 43.321915
0.976935 4.789326 0.219723 28.775143
0.153362 0.715185 0.370948 4.114086
0.460884 2.291253 0.691372 13.393859
0.236117 1.099889 0.652793 6.704719
0.290362 1.405589 0.738268 8.401379
0.272036 1.342251 0.703013 8.009477
0.429443 2.168319 0.795404 12.638638
0.409679 2.114489 0.788673 12.069246
0.300631 1.428020 0.733613 8.544570
0.432590 2.225264 0.788287 12.680601
0.450996 2.284847 0.791825 13.168521
0.850305 4.376110 0.387597 25.369057
0.743507 3.316226 -0.787530 20.536865
0.101459 0.510312 0.277067 2.782123
0.531467 2.652216 0.779800 15.417631
0.225599 1.157161 0.248727 6.099050
0.813450 4.147970 0.449718 24.384576
4.260654 14.017088 -9.015845 125.425209
0.656133 3.525531 0.605695 19.816216
0.657128 3.521189 0.617118 19.874384
1.431981 7.022671 -0.881532 43.151834
2.326442 11.331585 -3.224135 71.399808
2.132315 11.229721 -2.930363 66.158415
3.815955 11.634155 -8.340308 113.040135
3.644032 14.393379 -7.974723 110.213477
1.634050 7.445432 -1.167508 48.495570
2.818691 10.940336 -4.559941 84.131852
3.647035 13.258093 -7.648064 109.336347
3.088296 13.184036 -6.333282 94.969225
1.387664 6.681305 -0.673986 41.882937
2.333335 9.977302 -3.473989 71.180068
2.014882 9.499884 -2.769678 62.175885
2.082002 11.049685 -2.808096 64.837603
0.332246 1.585236 0.668222 9.582799
0.324024 1.578184 0.734978 9.270660
0.367271 1.642847 0.666909 10.488066
0.464344 1.983541 0.720451 12.807227
0.532243 2.894934 0.709645 16.186505
0.391230 2.088927 0.768680 11.740840
0.409959 2.126628 0.775578 12.053190
1.245565 6.352991 -0.500118 38.066882
0.458661 2.586749 0.692370 14.101581
0.517288 2.890749 0.697577 15.908715
1.351403 6.972228 -0.595283 41.000631
1.138089 6.069478 -0.179568 34.959885
1.126503 6.053959 -0.205598 34.634337
0.798451 4.454443 0.388179 24.712818
0.721318 3.804847 0.533709 21.815746
0.758980 4.271547 0.430078 23.634922
0.761687 4.326882 0.371406 23.523151
0.236116 1.099886 0.652792 6.704703
1.000000 7.969558 0.697246 34.564103
