1.000000 7.969558 0.697246 34.564103
1.000813 7.974978 0.697422 34.584840
1.001762 7.981563 0.697242 34.610818
1.005882 8.009454 0.697565 34.719575
1.000000 7.969558 0.697246 34.564103
4.388418 20.609911 -2.186462 94.763125
5.982116 23.670149 -4.109010 117.512396
5.240278 22.159842 -4.371543 107.400334
6.602691 25.505345 -5.306021 128.490426
5.495136 22.976142 -2.543955 106.413007
5.218991 20.748758 -4.531906 99.216455
3.878603 19.290239 -1.463774 86.305622
1.339505 9.917565 0.794732 42.077418
3.402707 17.681160 0.015772 77.359885
2.971816 16.458885 -0.338944 70.488473
4.222054 19.459372 -0.452339 87.603685
5.380051 22.664244 -2.516630 108.488856
4.300623 20.191434 -1.059895 91.129699
1.027117 8.147322 0.712398 35.251038
1.085612 8.504265 0.718612 36.615101
1.000459 7.972740 0.697399 34.576553
1.006024 8.009789 0.699738 34.719326
1.000355 7.972017 0.697575 34.573863
1.044803 8.258116 0.707972 35.674164
1.239131 9.368590 0.707580 40.004229
1.364736 10.044836 0.522133 42.707385
1.000000 7.969558 0.697246 34.564103
1.000000 7.969558 0.697246 34.564103
1.000000 7.969558 0.697246 34.564103
1.000318 7.971711 0.697498 34.572501
1.255915 9.594834 0.391073 41.469186
1.020985 8.112903 0.694945 35.129158
2.833068 15.799955 -2.099703 70.292277
1.000000 7.969558 0.697246 34.564104
1.000001 7.969567 0.697247 34.564138
1.000355 7.971948 0.697423 34.573351
3.239997 17.496015 -2.920650 79.998953
1.000000 7.969559 0.697246 34.564109
20.156237 26.022798 -35.834034 385.742324
15.686145 24.696410 -21.973789 301.412515
8.145614 26.895742 -8.497746 158.203739
16.749354 27.821821 -30.478380 322.506922
9.577257 26.698405 -9.549364 181.338253
1.000000 7.969558 0.697246 34.564103
13.802751 20.620794 -14.197345 260.834985
1.054942 8.316846 0.725408 35.896410
1.722845 11.633619 0.689523 48.865764
1.015203 8.069841 0.710793 34.954250
1.151371 8.892100 0.773547 38.103096
1.015725 8.073420 0.706749 34.964799
1.803377 12.203291 1.286759 51.193572
1.000540 7.973263 0.697693 34.578664
2.706967 15.669691 1.585838 66.567517
21.813484 14.899392 -30.726992 418.992599
13.237223 22.294060 -7.856541 249.242449
19.574036 16.449773 -29.665720 378.415676
23.902205 9.790509 -26.398309 451.856762
18.313679 15.117954 -10.513144 347.577237
17.504027 17.294373 -15.387676 335.081237
6.261676 23.225802 0.628409 122.035057
1.250981 9.470219 0.892982 40.370612
1.756631 11.856151 1.420104 50.101999
1.151861 8.898915 0.811072 38.149915
20.015738 19.954205 -31.863459 385.385407
9.726789 25.674683 -10.991983 187.418870
4.958726 20.613144 1.413900 98.759904
6.585203 23.483925 -2.846444 126.821399
12.533724 32.047482 -20.113831 243.017768
11.253349 24.527287 -10.588259 213.608641
5.710346 22.747995 -3.199026 112.866027
21.774924 12.011657 -26.937416 417.532025
23.286419 8.084024 -21.298704 436.817951
1.000000 7.969559 0.697246 34.564109
1.000000 7.969558 0.697246 34.564103
1.000000 7.969558 0.697246 34.564103
1.000000 7.969558 0.697246 34.564103
1.000000 7.969558 0.697246 34.564103
1.000000 7.969558 0.697246 34.564103
1.000000 7.969558 0.697246 34.564103
1.000000 7.969558 0.697246 34.564103
1.000000 7.969558 0.697246 34.564103
1.000000 7.969558 0.697246 34.564103
14.680895 20.533439 -9.254835 277.565487
25.053967 6.083429 -18.991168 457.673510
14.965428 19.109073 -4.223647 281.525579
24.007918 2.719509 -6.287109 420.364300
1.449360 10.517267 0.769383 44.387792
4.138016 19.782945 2.496647 89.490070
5.821579 23.093367 2.829826 114.284417
1.000004 7.969585 0.697250 34.564211
4.185886 19.973894 1.770453 89.620939
7.262018 23.098756 1.837437 139.444003
25.497130 2.448905 -10.785780 449.263572
19.631904 11.626947 -9.125190 361.668049
23.988149 4.726578 -13.976843 432.571336
16.425817 18.028149 2.739026 299.250748
19.316620 12.365219 1.902109 343.741033
19.271032 10.588142 -1.806893 344.607744
23.845937 3.710765 -2.628540 413.914618
25.035590 2.725398 -1.460980 425.616930
23.104540 3.986346 3.787222 390.653662
17.479027 16.018028 5.919547 312.155575
22.973839 4.783623 6.405277 382.446138
1.086902 8.524357 0.724694 36.701704
10.964469 24.118769 2.673687 198.128921
1.543200 10.892497 0.978743 45.872156
11.451490 19.774395 14.294823 211.423433
20.098444 9.532539 6.098357 352.020067
20.601712 8.239342 12.535302 348.313902
1.000000 7.969558 0.697246 34.564103
1.000000 7.969558 0.697246 34.564103
1.000000 7.969558 0.697246 34.564103
1.000880 7.975537 0.697784 34.587317
1.000016 7.969671 0.697258 34.564547
1.000092 7.970197 0.697317 34.566614
1.000080 7.970108 0.697312 34.566270
1.000000 7.969558 0.697246 34.564103
1.000000 7.969558 0.697246 34.564103
1.000013 7.969644 0.697253 34.564440
1.000000 7.969558 0.697246 34.564103
1.000000 7.969558 0.697246 34.564103
1.000000 7.969558 0.697246 34.564103
1.000000 7.969558 0.697246 34.564103
1.000000 7.969558 0.697246 34.564103
1.000002 7.969569 0.697247 34.564147
1.000000 7.969558 0.697246 34.564103
1.000000 7.969558 0.697246 34.564105
1.001709 7.981014 0.698061 34.608472
1.000000 7.969558 0.697246 34.564103
1.000000 7.969558 0.697246 34.564103
1.000000 7.969558 0.697246 34.564103
1.009939 8.036331 0.698628 34.823797
1.000003 7.969575 0.697247 34.564171
1.000033 7.969782 0.697260 34.564980
1.000005 7.969595 0.697248 34.564251
1.000187 7.970846 0.697432 34.569220
2.175714 13.614738 0.353244 57.725616
1.000236 7.971190 0.697404 34.570511
3.449033 18.088733 -1.472613 80.201473
1.000000 7.969558 0.697246 34.564105
18.260372 10.459855 15.889728 316.404702
1.003268 7.991924 0.698853 34.651648
1.319636 9.796194 0.803725 41.632060
5.908556 22.300791 1.723131 117.912437
8.452860 24.036004 1.910852 159.495756
1.016367 8.078761 0.704828 34.987901
1.384124 10.188042 0.979736 43.202313
1.017656 8.083535 0.711556 35.000766
8.267379 20.343748 10.700584 157.622219
14.393213 17.532259 17.782870 267.702960
3.273763 13.359917 2.254476 66.585085
6.774502 18.185426 11.710735 134.284258
2.264326 9.151765 2.357384 44.174059
4.226061 18.159708 3.568422 86.364080
8.100114 19.511027 10.777285 156.842058
11.059420 17.950773 17.873241 210.803558
3.459083 15.835794 3.136128 74.427601
17.996317 13.004266 16.843329 318.442066
14.984960 14.764415 18.317694 272.431961
17.505939 11.626924 11.964398 305.164030
14.360263 17.374461 13.908777 257.891466
20.747603 6.159939 10.833070 349.133159
15.055092 15.397572 15.258633 269.613776
4.411755 19.736902 2.419135 88.954625
5.052098 21.695246 1.790996 100.515404
4.294460 19.766254 3.626456 88.683487
4.995229 20.801535 3.098070 97.851539
4.737293 19.896183 3.476937 94.044238
1.000000 7.969558 0.697246 34.564103
1.000000 7.969558 0.697246 34.564103
1.000000 7.969558 0.697246 34.564103
1.000000 7.969558 0.697246 34.564103
1.000000 7.969558 0.697246 34.564103
1.000000 7.969558 0.697246 34.564103
1.000000 7.969558 0.697246 34.564103
1.000000 7.969558 0.697246 34.564103
1.000000 7.969558 0.697246 34.564103
1.000000 7.969558 0.697246 34.564103
1.000000 7.969558 0.697246 34.564103
1.000000 7.969558 0.697246 34.564103
2.617826 15.342796 0.842525 64.628657
5.068398 21.637239 2.502502 100.454182
10.420325 22.166174 7.591171 188.997956
6.421990 22.613031 4.965648 121.974069
4.208403 19.881648 1.735849 87.948167
1.002158 7.984293 0.698631 34.621618
2.079990 13.450937 0.936409 56.020804
1.000354 7.971987 0.697582 34.573672
1.009149 8.031431 0.705267 34.806940
1.135868 8.815599 0.738675 37.803934
1.435938 10.468837 0.809353 44.154687
2.426979 14.691469 2.117887 61.647803
1.045465 8.268726 0.722880 35.726235
1.000042 7.969850 0.697276 34.565252
1.000020 7.969693 0.697256 34.564634
1.000002 7.969574 0.697248 34.564167
1.000165 7.970699 0.697392 34.568602
2.310931 14.448145 2.216843 60.770604
1.043426 8.245416 0.748331 35.658897
1.000000 7.969558 0.697246 34.564103
1.000005 7.969594 0.697251 34.564250
1.000000 7.969558 0.697246 34.564104
1.000001 7.969566 0.697247 34.564135
1.000000 7.969560 0.697246 34.564113
1.000007 7.969608 0.697251 34.564301
1.000040 7.969835 0.697271 34.565190
1.021458 8.112324 0.716138 35.122633
1.000000 7.969558 0.697246 34.564105
1.004624 8.001116 0.699984 34.687663
1.000000 7.969558 0.697246 34.564103
1.029071 8.160448 0.708933 35.299730
1.306729 9.770903 0.956207 41.533843
3.300662 17.655476 2.663364 75.322110
1.716209 11.943888 1.812684 50.786963
2.666526 15.901204 3.317117 68.061553
1.157347 8.941873 0.874482 38.385648
1.648282 11.529591 1.422230 48.602011
3.637731 16.760320 3.526228 77.256963
3.297954 15.740002 3.152088 71.923829
3.689350 17.754875 4.443850 80.716262
1.005963 8.009591 0.703132 34.721357
1.000827 7.975255 0.698001 34.586600
1.000240 7.971223 0.697452 34.570687
1.001326 7.978718 0.698526 34.600414
1.096045 8.580179 0.778230 36.936908
1.000000 7.969558 0.697246 34.564103
1.000000 7.969558 0.697246 34.564103
1.000000 7.969558 0.697246 34.564103
1.000000 7.969558 0.697246 34.564103
1.000000 7.969558 0.697246 34.564103
1.015861 8.075709 0.700542 34.974951
1.002257 7.984978 0.698595 34.624413
1.000423 7.972464 0.697474 34.575428
1.037915 8.219401 0.738651 35.558464
1.032473 8.183726 0.719854 35.398694
2.135509 13.542881 1.636393 57.299912
1.000000 7.969558 0.697246 34.564103
1.000000 7.969558 0.697246 34.564103
1.000000 7.969558 0.697246 34.564103
1.000000 7.969558 0.697246 34.564103
1.000000 7.969558 0.697246 34.564103
1.000000 7.969558 0.697246 34.564103
1.269582 9.619608 1.264958 41.679944
1.186011 9.183684 1.086327 39.830712
1.000003 7.969577 0.697249 34.564179
1.000000 7.969558 0.697246 34.564103
1.000000 7.969561 0.697246 34.564116
1.000000 7.969558 0.697246 34.564103
1.000000 7.969558 0.697246 34.564103
1.000000 7.969558 0.697246 34.564103
1.000000 7.969558 0.697246 34.564103
1.000000 7.969558 0.697246 34.564103
1.000001 7.969561 0.697246 34.564118
1.000039 7.969832 0.697270 34.565188
1.000306 7.971675 0.697402 34.572389
6.413052 21.275523 5.707034 123.044950
11.735430 18.555800 14.913083 218.752700
3.996724 17.889636 3.714251 83.194122
3.765353 16.820724 3.539181 79.619341
3.352100 15.029226 3.243992 71.861182
3.324319 17.924457 4.855086 79.476559
3.366410 17.332271 4.662337 77.789684
3.284456 17.917920 4.353564 78.304031
3.764742 18.364578 4.906312 83.048174
2.749190 16.246132 4.014685 71.255526
1.355396 10.061269 1.224050 43.015549
2.411200 15.013816 3.412693 65.271567
1.130457 8.763793 0.833371 37.699688
1.000316 7.971726 0.697565 34.572697
2.494345 15.410977 4.062000 68.157191
1.198369 9.208265 1.135483 39.953719
1.000001 7.969562 0.697246 34.564121
1.000038 7.969821 0.697283 34.565144
1.000000 7.969558 0.697246 34.564103
1.000007 7.969610 0.697250 34.564307
2.774454 15.685316 1.168634 65.700851
3.211902 17.292225 1.482630 73.668239
3.929191 18.967022 2.024079 82.990266
4.672625 20.268617 3.847103 94.507617
3.945504 19.156717 3.044633 84.114612
4.581323 20.395337 3.919157 93.392386
4.982297 20.065464 3.917046 98.638342
4.125438 18.477383 4.179144 85.573691
3.524197 17.032676 4.047011 77.531291
5.232769 18.643377 7.926994 107.645971
4.901448 17.728370 7.486723 102.477987
2.397751 14.901532 3.145353 64.182688
1.426883 10.434224 1.199844 44.301084
3.599047 18.232451 4.550914 80.560996
3.914400 18.819419 4.713933 84.756996
1.211111 9.232172 0.836858 39.385446
1.615118 11.326895 1.213534 47.559988
1.001781 7.981648 0.698388 34.611016
1.077739 8.463517 0.768209 36.480955
1.006798 8.015839 0.702026 34.745530
1.000013 7.969646 0.697255 34.564451
1.000000 7.969561 0.697246 34.564115
1.000089 7.970169 0.697298 34.566472
1.110535 8.661358 0.734281 37.226497
3.630133 18.501020 1.724738 81.871561
13.407898 22.237589 -4.079536 251.271994
6.307549 21.772260 1.889425 125.154706
3.862839 19.298461 1.121460 84.266511
7.306383 24.167758 4.757823 136.934316
16.687090 14.239946 10.278572 295.831768
8.833076 22.719704 6.907511 163.115280
5.219142 21.394949 2.873334 101.767252
1.101959 8.604794 0.750993 37.002624
2.334506 14.404528 1.039659 60.479955
2.345622 14.424186 1.331438 60.595810
2.628605 13.962567 2.902800 61.964511
2.389248 12.170990 1.540895 53.501795
2.445351 12.786194 2.138695 56.350933
1.000000 7.969558 0.697246 34.564103
1.000000 7.969558 0.697246 34.564103
2.516332 9.806089 1.692532 47.385784
1.196717 9.164964 0.987044 39.388398
1.258411 9.557221 1.171368 41.184035
1.002000 7.983049 0.698872 34.617040
1.000000 7.969559 0.697246 34.564107
1.000000 7.969558 0.697246 34.564103
1.000000 7.969558 0.697246 34.564103
1.000000 7.969558 0.697246 34.564103
1.000000 7.969558 0.697246 34.564103
1.000150 7.970631 0.697462 34.568531
1.000074 7.970076 0.697326 34.566173
1.000348 7.972053 0.697743 34.574406
1.000082 7.970138 0.697363 34.566478
1.000634 7.973988 0.698002 34.581920
1.000210 7.971025 0.697503 34.570010
1.000006 7.969600 0.697253 34.564273
1.000062 7.969992 0.697322 34.565840
1.001320 7.978779 0.698835 34.601211
1.000029 7.969761 0.697280 34.564918
1.000519 7.973178 0.697848 34.578610
1.000018 7.969682 0.697265 34.564600
1.006005 8.011356 0.706579 34.736503
1.005081 8.004452 0.704951 34.706197
1.011324 8.048455 0.714488 34.889935
1.000050 7.969902 0.697303 34.565458
1.000001 7.969564 0.697247 34.564130
1.000017 7.969674 0.697269 34.564565
1.000003 7.969580 0.697249 34.564190
1.000000 7.969560 0.697246 34.564114
1.000832 7.975260 0.698152 34.586719
1.000004 7.969582 0.697248 34.564198
1.000240 7.971202 0.697467 34.570572
1.000168 7.970723 0.697433 34.568741
1.496461 10.951518 1.833665 47.657367
1.007335 8.019462 0.705517 34.762606
1.002282 7.985124 0.699612 34.625663
1.000003 7.969580 0.697249 34.564189
1.000001 7.969563 0.697247 34.564124
1.018221 8.092663 0.722914 35.061222
1.000000 7.969558 0.697246 34.564103
1.038985 8.229325 0.746444 35.600724
1.009384 8.033250 0.710615 34.821402
1.027481 8.155847 0.737102 35.320800
1.010867 8.044541 0.713551 34.871629
1.010714 8.041986 0.709735 34.852715
1.000000 7.969558 0.697246 34.564106
1.570606 11.146029 1.989153 48.379684
1.494101 11.009925 1.702979 47.545852
1.224114 9.427344 1.171186 40.915952
1.003131 7.990998 0.700937 34.649686
1.005337 8.006000 0.704029 34.710345
1.000037 7.969816 0.697274 34.565111
1.390548 10.298271 1.619621 44.894126
1.441475 10.560944 1.710307 45.989987
1.000836 7.975278 0.697992 34.586585
1.000000 7.969558 0.697246 34.564103
1.021982 8.117365 0.723070 35.153169
1.000000 7.969559 0.697246 34.564110
1.000000 7.969558 0.697246 34.564103
1.000000 7.969558 0.697246 34.564104
10.972330 12.401114 -7.357927 99.276075
6.859920 8.797054 -6.025812 60.793625
7.006273 14.187297 -6.525360 68.758076
7.642065 15.804924 -1.251001 81.158051
3.300247 2.918973 -2.679656 25.733147
1.247540 9.607536 1.146605 41.493624
1.000011 7.969636 0.697256 34.564410
1.178628 9.155696 1.054303 39.689415
1.230464 9.474646 1.130877 40.977763
6.909592 10.233787 -1.403477 72.521900
7.761894 12.947393 -1.381813 79.643862
2.506252 9.463646 -1.985598 42.102287
2.556145 10.008555 -1.104910 44.706741
2.987285 10.191101 -1.667011 46.440578
6.262070 11.086748 -1.157718 71.803697
3.883319 8.008571 -2.518195 47.331401
6.591760 8.578660 -1.413445 68.779668
3.505319 11.216281 -1.547220 51.479271
5.398703 12.199694 -0.904351 65.205168
7.148833 13.642824 -0.798876 80.526963
8.837460 15.257049 -2.083331 86.440773
4.594638 7.979587 -5.979117 42.773130
2.290705 8.850447 0.326668 41.503959
1.217641 4.366393 -1.083704 17.994448
2.764996 9.844942 -1.260099 46.705195
4.256181 7.661483 -2.031895 46.962926
1.688742 8.146977 -0.011648 34.590406
2.066216 11.123192 1.935167 48.378424
2.172663 13.980307 3.428003 61.772172
2.318840 14.429242 3.619134 63.722657
2.129665 10.758499 1.117045 46.780656
2.031076 9.969861 0.563018 43.153769
2.395403 13.108799 2.902940 57.855693
1.748281 12.146987 2.218572 52.560579
2.748141 15.808602 4.409983 70.685695
1.595522 11.380041 1.910988 49.199625
2.862470 15.010848 3.396699 67.139183
2.476164 15.306128 3.796173 67.160978
2.210658 14.264425 3.317688 62.349780
3.069659 17.032741 4.380508 75.797645
2.813338 14.597115 2.939740 65.194394
3.021943 16.476587 4.434210 74.034056
2.215290 10.372551 -0.128027 45.415454
2.189982 10.744965 0.503289 46.797381
2.144350 10.390500 0.306775 45.176351
2.396714 12.396291 1.863888 54.563664
2.575364 12.483647 1.620628 56.160869
5.767074 14.015988 -0.689396 69.317859
3.822403 9.234547 -2.121454 48.551664
7.704827 11.271893 -1.386983 77.666375
2.119742 8.121823 -2.398881 35.621176
1.811622 8.203482 -0.784166 35.189391
2.832185 9.996156 -2.264291 44.939070
2.096380 8.467080 -1.941053 37.238054
1.832639 7.740355 -1.452549 33.317964
2.160644 9.621611 -0.720150 41.994572
2.378165 9.531324 -1.273573 42.031674
4.615376 12.895380 -1.493385 62.409252
2.142827 6.175300 -2.236259 29.680097
5.222313 11.803303 -8.342776 53.448961
6.219753 11.518062 -9.222998 58.777268
4.709143 9.601298 -8.309692 46.049134
5.738448 1.810276 4.030783 63.063839
2.262332 7.434393 -3.587983 31.601740
3.225693 9.452169 -5.028162 40.396513
4.145988 10.207698 -6.637360 44.984427
2.802978 7.237908 -5.294182 31.921256
3.692642 9.247569 -6.295186 40.469521
3.522611 8.353269 -6.293333 37.646706
2.582213 6.568123 -4.677331 29.387760
7.899597 8.437597 -4.363829 75.098422
2.726000 6.567673 -1.038593 34.036502
1.754192 12.012983 2.178111 51.792582
0.844739 4.290616 -0.475332 17.356504
0.881415 4.446324 -0.522646 18.041496
1.113540 5.907680 -0.143305 24.417058
1.487833 9.393969 1.603329 40.220394
1.457550 9.319744 1.645053 39.988804
1.107374 6.024993 0.093287 24.862261
1.418872 8.952749 1.333546 38.077986
1.113913 6.463938 0.456915 26.836070
6.184783 2.742226 -1.983369 51.192464
7.451514 6.477857 -4.634227 65.092939
6.920055 10.321958 -6.591946 62.034382
5.977924 4.734472 -3.230676 56.946771
6.912731 15.352321 -3.591855 72.232320
6.530458 14.390715 -6.777755 65.915627
5.545613 14.012557 -5.964242 61.239913
1.080392 4.220310 -1.843876 17.435864
1.228296 4.292949 -2.036687 17.668633
2.051992 5.734977 -3.192424 26.499113
5.160383 7.756378 -0.748023 53.634589
1.499816 5.070633 -1.342644 21.659491
5.387811 8.616946 1.116906 62.723034
1.802632 5.217784 -0.927790 25.528894
2.665505 10.210110 -0.362944 48.138687
3.418169 10.660563 -1.916236 51.541574
2.321535 10.926504 0.263104 48.206034
2.456401 11.943440 1.032485 53.103763
2.636934 11.639823 1.071105 53.532129
2.467948 11.025209 0.322388 49.599632
2.539043 9.165807 -2.732218 40.743230
2.240483 11.305240 1.159275 49.415045
2.206528 8.950228 -1.750895 39.471655
2.239953 9.621226 -1.212241 42.436734
2.727752 10.038347 -1.602388 45.029779
1.979795 7.588602 -2.505154 33.089673
2.930936 14.339678 2.648168 64.892543
2.967171 15.363781 3.672324 69.088756
3.084991 16.153516 4.271371 72.679328
1.177342 4.619358 -0.973634 19.407289
2.352175 9.798629 -0.536730 43.389721
2.799475 9.977557 -1.461611 46.430644
4.335177 12.028576 -1.697641 60.289610
5.816999 18.388424 8.551633 117.010583
4.509996 16.805065 6.089175 93.713717
3.152204 12.883960 1.109182 62.572125
2.810197 13.499142 2.529983 61.879077
3.986878 19.505535 1.745581 85.833241
3.335214 16.934214 4.275585 76.309508
2.923775 16.779442 4.270618 74.088414
5.359460 14.692122 -1.731185 67.293708
3.750556 11.902819 -1.907247 53.976933
6.073830 14.550693 -5.598502 64.962734
4.709390 13.596002 -3.638540 59.336055
6.339189 15.440191 -3.851513 69.563639
6.770338 15.323731 -1.186296 77.531341
6.747662 13.923803 -4.825224 66.951705
7.044003 14.894175 -5.075521 70.714993
8.607620 14.593486 -1.640668 86.405337
6.257522 5.867456 -4.434864 58.728845
5.790727 11.286768 -9.323462 55.347670
5.791637 12.764059 -8.486207 58.751105
8.388627 14.663172 -7.747631 77.715353
3.475980 4.643639 -5.721738 30.666176
3.133298 10.537575 -2.863364 46.474822
4.163175 12.509587 -2.486897 57.170805
3.426632 10.844746 -3.532370 47.996724
4.771688 13.004779 -5.060986 56.711076
3.050047 9.858673 -3.940179 43.200766
3.931754 11.398920 -4.870905 49.163707
7.338104 14.926037 -7.996301 71.804434
3.134004 8.632239 -5.381377 37.366787
5.861980 13.659468 -7.354149 60.687429
6.064148 9.514679 -7.292109 56.888468
2.105852 7.414861 -3.200686 31.906734
1.498570 10.134048 1.799006 43.771535
1.652937 11.529168 2.085947 49.886662
1.432062 10.515027 1.702355 45.751081
0.970709 3.957212 -1.308313 16.469853
0.850397 3.756506 -1.005950 15.343954
0.867948 4.152646 -0.827258 16.919783
0.909647 4.600826 -0.516719 18.706185
1.035408 5.761583 0.137637 23.761301
0.948366 4.848888 -0.533009 19.766005
0.881149 3.800262 -1.210961 15.582693
0.977962 4.893613 -0.625772 20.020203
0.956852 4.097647 -1.381199 16.750800
1.010058 4.824395 -0.868675 19.702934
0.981639 4.791536 -0.742300 19.463681
2.064777 5.460637 -1.314358 27.676008
1.224813 4.474431 -1.039159 19.224794
0.914516 4.027166 -1.240250 16.458772
1.296485 7.074888 0.247997 29.548718
1.281073 6.557917 -0.069281 27.077244
1.170970 5.871430 -0.438833 24.098530
1.681134 9.468792 1.205045 40.373090
6.437066 8.800752 -3.893035 62.194748
3.789631 7.909922 -1.333771 43.225033
5.954434 7.803219 1.141849 63.385494
6.179407 7.869421 1.525642 66.709969
5.628289 9.994879 1.322349 68.434312
3.992543 7.637164 -0.266377 46.664240
1.923653 5.853797 -3.612213 24.973768
1.088515 4.401027 -1.716208 17.990625
2.722195 7.618832 -4.947826 32.929436
1.577031 5.155216 -3.052579 21.816263
2.316296 7.158812 -4.065391 31.000898
4.253400 7.416809 1.826601 50.620247
4.898183 8.557931 0.533447 57.707495
5.273787 9.300217 1.145677 62.950483
4.940461 10.316682 -0.184369 64.149615
4.658406 10.396454 0.357256 59.556470
4.727892 9.713797 0.675823 57.938941
4.794507 11.649133 -1.280306 66.347058
5.008886 12.940723 -1.094804 72.222702
1.870901 6.105309 0.785493 29.389698
3.295493 7.610138 1.578750 41.538171
2.807837 6.776071 1.516467 37.580532
1.634852 5.241019 -0.089509 24.211870
4.692702 9.522388 0.818015 57.890749
5.481566 14.537372 -3.227294 65.645733
2.202416 7.856976 -2.948540 33.670567
1.571016 6.055513 -2.277636 25.256484
1.965195 9.193816 -0.249397 39.708817
2.069347 9.715929 -0.226000 42.190283
1.902791 8.065561 -1.360357 34.841625
1.705436 6.915769 -1.910014 29.486888
1.729743 7.816419 -0.839227 33.348398
1.919692 8.528371 -0.861356 36.749462
1.289014 7.132974 0.365066 29.787936
1.182271 5.973661 -0.328814 24.513183
1.427422 6.986646 -0.224005 29.134320
1.377324 6.224662 -1.049317 25.875609
1.051976 4.668601 -1.229530 18.982625
0.899305 4.397740 -0.651223 17.898727
0.980250 4.052114 -1.071215 16.870139
0.864144 4.146861 -0.655183 16.828485
2.208023 12.171597 2.554308 53.356441
2.314451 14.111256 3.403037 62.111439
1.686385 9.602011 1.364678 40.995662
1.582677 11.232147 2.100846 49.126340
1.000021 7.969705 0.697259 34.564682
1.659383 11.610119 2.226261 50.683856
1.151796 6.522399 0.409781 27.125042
1.533534 10.587138 1.925558 45.912401
1.000000 7.969558 0.697246 34.564106
2.350784 12.525414 2.381098 55.117114
2.433064 14.749298 3.709221 65.154357
2.801692 15.776396 4.300967 70.667570
2.980117 16.608945 4.588487 74.348294
2.332701 11.778460 1.210451 51.613045
1.943645 10.683725 1.930062 46.290271
1.875553 9.308750 0.597145 39.970339
2.208722 13.786601 3.361380 60.767749
1.782644 9.642453 1.349910 41.361544
1.830968 10.553687 1.829766 45.407897
1.523579 7.565772 0.099903 31.763644
1.774592 7.200103 -1.872752 30.878529
1.017346 4.497955 -1.255055 18.310337
1.344555 5.807836 -1.445713 24.098800
1.329923 5.858999 -1.266770 24.230330
1.568017 6.888236 -1.244481 29.072480
1.595542 6.475011 -1.973498 27.411780
1.515587 5.581135 -2.571940 23.438668
1.573617 5.832356 -2.522890 24.421722
1.868382 6.148886 -3.301905 25.790029
1.183477 4.741432 -1.824707 19.394831
1.570776 10.265984 1.999547 44.401733
1.000000 7.969558 0.697246 34.564103
1.000000 7.969558 0.697246 34.564103
1.000000 7.969558 0.697246 34.564103
1.000000 7.969559 0.697246 34.564108
1.000000 7.969558 0.697246 34.564103
1.000000 7.969558 0.697246 34.564103
1.005767 8.008847 0.704427 34.722155
1.000019 7.969689 0.697264 34.564618
1.000000 7.969558 0.697246 34.564104
4.885981 7.794104 1.062351 55.226251
3.816623 10.730535 -5.533221 47.073551
5.535748 7.821026 1.354097 60.160137
3.913089 15.315562 -2.755164 74.373761
2.993639 16.390564 -2.457383 73.502460
4.324898 15.844363 -2.487829 79.139146
3.608759 15.289983 -3.077814 72.389611
4.012022 14.774415 -3.063938 72.614619
3.776839 7.755849 1.813236 46.714983
3.270494 7.399002 2.530785 43.186097
2.398568 6.970193 1.743868 36.571786
5.011799 11.135799 -0.357065 68.930938
4.959945 11.945550 -1.098020 71.835031
5.033026 7.609180 1.100797 56.854996
4.768661 7.589585 1.162021 54.787158
3.547065 7.029518 0.662477 43.600943
4.230334 12.839445 2.975625 61.753292
3.787805 16.874404 -0.571498 74.490784
3.832073 16.591510 0.879719 71.647343
4.139841 18.309182 -1.516694 82.342256
2.837784 12.860761 -0.388911 55.993264
3.286891 13.419906 1.045645 58.352834
3.890620 18.696002 -3.393496 86.743355
3.596714 15.617107 0.926285 67.090789
3.499144 14.826769 -1.968299 69.117931
2.919535 14.107309 -0.979395 61.807787
3.142834 14.890287 -1.004926 65.441705
3.493722 17.976288 -3.582686 82.743983
1.003133 7.990716 0.697732 34.646316
2.160696 14.228884 -1.224482 62.367634
2.167551 13.954350 -0.983674 61.066635
2.489143 15.253632 -1.291102 67.059758
3.227683 17.124833 -2.716457 77.508709
4.388655 13.800384 -0.985491 71.115892
3.897842 15.215281 -1.886739 73.373762
4.071159 11.866884 -1.389549 62.568885
3.101211 16.444163 -2.297502 73.898809
3.817360 6.870324 0.938558 46.100371
4.849331 7.778967 1.057313 55.567799
4.423187 7.179185 1.505345 51.470074
4.827876 8.948202 0.899893 60.072747
4.754270 9.682283 0.324483 61.594264
4.523334 7.198049 1.732656 52.377990
4.593484 11.464629 -0.606400 65.134290
4.961380 8.753800 0.977631 60.676929
4.601489 13.079370 -1.351402 71.808977
4.486745 15.713239 -1.467475 79.957408
4.064013 11.472193 -1.861324 59.884962
4.790925 7.872681 1.680837 56.304070
4.992569 9.455690 0.720975 62.715432
4.867403 8.300543 1.435337 57.497446
2.584258 6.387184 0.222212 35.227423
4.727793 8.162967 1.683198 55.331312
4.549614 8.334348 1.377880 53.190052
5.366265 12.395092 1.063697 73.053577
4.321617 11.370394 -0.603245 60.789687
5.755581 9.075840 1.559050 66.917060
0.866010 4.558364 -0.147291 18.507238
1.048981 5.212931 -0.247594 21.494838
1.113618 6.382611 0.398074 26.436105
1.499798 9.505216 1.493728 40.462675
3.908197 7.182252 1.845535 47.539502
0.871752 4.107363 -0.835465 16.743004
4.420440 7.410358 1.100459 50.256717
2.871673 6.618865 0.745664 37.381511
0.981362 3.875545 -1.704790 15.998765
1.284064 4.582386 -1.129961 19.644872
0.959129 4.082758 -1.358978 16.857026
1.358066 8.750860 1.345874 37.305543
6.141710 10.233113 -9.036698 57.479369
6.536350 2.910631 1.839500 69.321751
6.731711 2.957962 3.823914 72.487237
5.354512 4.024790 5.335746 58.894321
6.060460 8.082677 -2.001518 61.387138
4.438641 8.461980 -3.764199 45.212496
7.376382 7.120220 0.808436 75.442985
6.733632 6.776309 4.953890 77.357942
6.796693 7.668353 1.505423 72.976600
6.884894 7.043302 2.426844 74.173743
6.129638 8.553927 2.330061 70.318230
3.373685 7.099827 3.555388 39.049345
5.056839 5.173094 5.202006 56.595969
6.821109 1.599734 3.135616 76.244347
7.488900 4.916471 -1.297549 73.332938
5.761701 9.660620 -8.757970 53.855203
7.434428 4.055227 -1.447844 73.207903
4.477645 5.477249 1.386829 46.623254
2.914228 7.503328 2.832286 36.222924
4.319635 6.315336 1.778958 45.638788
2.939054 9.869486 3.779848 42.923871
4.187370 6.048201 3.809241 45.743618
4.881012 10.258397 3.233410 61.805288
7.505601 6.710312 3.042807 82.197876
7.864247 6.543233 0.578906 79.923666
7.423120 4.751763 3.012767 79.007683
3.354763 10.721642 3.970461 48.508111
6.356478 7.721023 4.182144 73.288956
4.391758 8.077473 5.529662 52.899851
7.277902 3.341817 2.253348 75.041679
7.575528 8.452342 -5.468993 70.723782
6.833052 2.196527 2.395988 71.052774
3.863067 11.106202 5.161028 53.981888
6.587367 1.983222 3.809291 71.022901
1.094386 5.130249 -0.146939 21.414675
1.025438 5.769333 0.189006 23.759249
1.542034 10.272104 1.816492 44.300106
1.147853 6.945833 0.766292 29.078145
1.497671 10.443774 1.874483 45.317788
1.287040 9.752803 1.343771 42.407004
1.253739 9.567658 1.280863 41.627102
1.179764 9.155452 1.090487 39.777795
1.000087 7.970157 0.697316 34.566451
0.865774 4.191649 -0.647208 17.003353
0.898297 4.970237 0.026195 20.286016
1.058381 5.783471 0.054782 23.840177
1.113621 5.059062 -1.069952 20.575773
1.072111 6.343053 0.526667 26.359694
1.167636 6.930819 0.703487 28.987544
0.866506 4.865817 0.075654 19.868596
1.137732 6.862103 0.757405 28.748676
2.677307 6.667369 1.551372 36.527647
0.930994 4.195587 -0.490321 17.181019
2.065986 5.830241 -0.126833 29.105609
4.195349 7.813412 1.704021 50.240195
1.431703 5.031635 -0.377968 22.209763
0.865554 3.715804 -0.974201 15.211313
1.505754 5.159426 -0.548647 22.996596
3.537877 7.416277 1.659891 44.454982
2.250115 6.078355 -0.058796 31.420275
3.165185 6.810073 0.968057 40.845335
0.891175 4.633787 -0.233361 18.834990
1.132240 4.748907 -0.459101 19.947722
1.465398 5.562282 0.355339 24.977721
4.158431 8.288514 2.128602 50.557431
4.621253 13.382078 -1.904500 70.759265
5.160945 11.636164 -0.428316 72.085624
4.751098 13.657572 -1.915544 73.708170
3.466000 14.997340 -2.715931 70.408041
4.698083 13.605340 -1.924290 72.504143
4.642004 14.413159 -2.686023 75.405423
5.082864 11.555343 0.523387 67.388686
5.043116 13.539024 -1.575151 74.867086
4.646637 10.020236 1.961764 58.560531
4.663438 9.853994 0.204340 58.132759
4.369722 8.870425 1.974010 53.224062
4.742573 11.444783 0.165664 64.139664
4.443955 8.948072 2.320359 54.223929
4.178405 8.350908 1.799448 50.527321
4.938470 11.527936 -0.676111 67.864836
4.415481 15.188787 -2.828316 76.873105
2.332033 14.995259 -1.372252 65.690859
1.771352 12.447969 -0.470935 54.117751
1.358849 10.281590 0.292118 44.347327
3.323205 18.706150 -2.724137 83.545393
3.981777 17.580393 -2.739215 82.717888
4.573210 16.316125 -2.987335 81.935311
3.985492 14.831589 -2.762817 72.268564
3.091580 17.933665 -2.593642 79.816629
3.422007 17.247734 -2.923229 78.874254
3.741292 18.666667 -3.141817 85.438796
2.526268 16.017417 -1.686872 70.244576
1.186668 9.198403 0.602486 39.531536
4.880321 12.614537 -0.540617 69.380781
3.782093 1.469604 2.542542 38.624349
5.672704 0.301800 3.184050 63.349222
3.647679 14.746417 2.994486 61.764394
3.816248 8.025379 2.996477 48.347712
3.432685 7.359770 2.578813 44.359565
4.741030 10.179381 0.889768 59.643468
18.907408 22.935920 -33.291946 366.205269
5.251790 21.842046 -3.559396 104.661207
3.821881 19.026138 -3.290222 87.447464
4.670069 20.482336 -3.881648 97.026381
3.416949 17.773051 -2.431961 81.165932
1.600342 11.132770 0.715692 47.046975
1.000011 7.969631 0.697253 34.564389
3.760342 18.455162 -3.565278 85.488947
1.701009 11.855367 -0.268886 51.394604
5.347208 12.438692 0.449583 74.073226
4.419329 13.000793 -0.114048 66.131171
5.116455 13.261492 1.020149 72.516935
3.737440 13.142399 1.635011 59.695132
5.415188 10.590002 1.711858 68.077611
2.979739 13.232558 0.897491 56.310632
3.890023 13.619700 -1.165973 65.825460
2.881671 12.804251 -0.149287 56.001607
3.008049 15.410060 -1.896765 68.990310
4.466202 20.615181 -4.184675 97.801796
3.299906 12.963479 0.886281 57.347878
3.803411 13.621141 1.813666 61.337082
3.562015 15.997168 -0.391324 70.073247
3.304083 13.838435 1.783495 59.038212
3.332187 14.198075 1.600320 60.484942
2.964377 7.257410 4.327628 36.872088
4.563261 20.083888 -3.247390 94.214061
7.414873 7.827194 -0.478883 73.829372
4.380822 8.770284 -5.926926 42.554136
8.365956 6.369661 -0.587276 83.730530
4.228134 12.171243 2.645558 60.395303
6.788283 7.446712 0.511806 69.354717
5.842956 11.030958 2.236491 73.965803
6.094557 9.271467 1.687062 71.331496
1.006319 8.012475 0.703255 34.733478
1.001090 7.976978 0.698045 34.593056
1.000429 7.972513 0.697502 34.575652
1.000005 7.969595 0.697251 34.564252
1.000000 7.969558 0.697246 34.564105
1.000000 7.969559 0.697246 34.564110
1.002225 7.984772 0.698515 34.623469
1.000035 7.969802 0.697269 34.565067
1.000000 7.969561 0.697246 34.564116
1.000072 7.970056 0.697289 34.566049
1.009353 8.029813 0.697292 34.790404
1.005434 8.006104 0.701020 34.706350
1.000034 7.969795 0.697260 34.565032
1.187049 9.032322 0.547945 38.757841
2.659792 15.577571 -0.464112 66.744437
1.001427 7.979364 0.697797 34.602408
3.739897 18.605939 2.473866 81.378623
3.730967 18.606776 1.610017 80.958293
2.598776 15.256870 1.864360 64.458299
2.596247 15.252809 1.320572 64.172757
1.083503 8.498737 0.755244 36.606445
1.606300 11.238402 1.054243 47.311618
2.641554 15.202809 0.771045 64.373356
5.038981 14.732840 -2.232115 79.564680
3.374100 17.245445 -2.843226 78.453858
1.857391 13.003703 -0.433946 56.130646
1.638903 11.665578 -0.299401 50.741877
1.000025 7.969728 0.697248 34.564760
1.095027 8.619625 0.640311 37.229417
1.000001 7.969568 0.697246 34.564141
1.000163 7.970646 0.697233 34.568229
1.000000 7.969559 0.697246 34.564107
1.000000 7.969558 0.697246 34.564103
1.000000 7.969558 0.697246 34.564103
1.000000 7.969558 0.697246 34.564103
1.000000 7.969558 0.697246 34.564103
1.000000 7.969558 0.697246 34.564103
1.000000 7.969558 0.697246 34.564103
1.019047 8.097946 0.699445 35.066430
1.000723 7.974521 0.697481 34.583401
1.066152 8.404533 0.695304 36.262392
1.445867 10.667438 0.560475 45.272537
1.071955 8.462974 0.645006 36.603658
1.000000 7.969558 0.697246 34.564103
1.000000 7.969558 0.697246 34.564103
1.000000 7.969558 0.697246 34.564103
6.757673 25.428285 -4.071065 131.865366
5.326380 22.571772 -3.371092 108.237817
7.815563 29.943998 -8.117717 152.477640
6.100304 24.104194 -4.398856 120.281743
5.612013 23.240159 -4.384160 113.616926
10.625885 32.027354 -20.760644 211.207268
2.334640 9.302255 -3.402378 42.243350
10.332806 26.986194 -24.028601 209.490545
1.558484 10.797783 0.344630 46.214372
1.798039 11.830982 0.165905 50.696575
1.264066 9.495586 0.375128 40.894570
1.766599 11.851126 -0.249461 51.440140
4.453971 20.554955 -3.986085 97.001619
5.395408 22.287773 -4.258715 108.092804
6.059587 24.133408 -4.534604 118.562917
13.263167 30.768110 -27.001326 260.326241
3.919117 19.266798 -1.188964 86.052380
6.356817 24.647675 -3.889811 124.541821
4.878021 21.720177 -1.467148 100.713572
12.862607 27.453826 -21.438262 250.529468
12.191413 32.064259 -24.104404 239.846341
18.648070 27.503556 -37.932531 358.202707
1.800696 12.017189 0.893652 50.443707
2.375426 15.182443 -1.535296 66.732331
3.096583 15.534359 -1.700775 69.717144
3.280020 16.656818 -2.709021 75.716257
1.000000 7.969558 0.697246 34.564104
1.000004 7.969586 0.697248 34.564213
1.000000 7.969558 0.697246 34.564103
3.268074 19.097608 -2.079387 83.955306
2.040512 14.108745 -0.601551 60.699042
1.217125 9.374407 0.612413 40.194605
3.795817 17.382248 -3.074788 81.129762
2.847709 17.538775 -1.877418 76.635131
2.538428 16.155740 -0.920316 69.284547
1.000001 7.969563 0.697246 34.564124
1.000129 7.970448 0.697288 34.567568
1.000000 7.969561 0.697246 34.564116
1.000041 7.969843 0.697270 34.565222
1.000000 7.969558 0.697246 34.564104
1.000000 7.969559 0.697246 34.564109
1.000000 7.969558 0.697246 34.564103
1.182847 9.119352 0.698027 39.022211
1.675845 11.866015 0.413562 50.021945
1.044426 8.262827 0.704742 35.708003
1.007209 8.018841 0.697053 34.757574
1.000118 7.970372 0.697297 34.567268
1.017699 8.089107 0.697160 35.033155
1.000008 7.969611 0.697248 34.564313
1.000000 7.969558 0.697246 34.564103
1.000000 7.969559 0.697246 34.564106
1.344913 10.073832 0.536489 42.898813
1.323262 9.940610 0.647742 42.230374
1.000345 7.971918 0.697278 34.573172
1.003713 7.994881 0.698315 34.662638
1.000166 7.970704 0.697359 34.568591
1.000008 7.969616 0.697250 34.564329
1.000001 7.969562 0.697246 34.564120
1.000029 7.969768 0.697246 34.564936
1.000694 7.974416 0.697227 34.583177
1.000005 7.969589 0.697248 34.564227
1.000009 7.969625 0.697246 34.564369
1.000294 7.971614 0.697218 34.572145
1.000004 7.969587 0.697246 34.564218
1.069453 8.422845 0.714430 36.313612
1.002594 7.987236 0.698296 34.632823
1.008450 8.026751 0.700853 34.786332
1.000516 7.973094 0.697522 34.577895
1.000095 7.970210 0.697233 34.566601
1.002184 7.984511 0.698181 34.622418
1.000035 7.969801 0.697262 34.565053
1.000001 7.969566 0.697246 34.564134
1.011619 8.047933 0.701402 34.868476
1.014633 8.068265 0.699236 34.947691
1.030656 8.173467 0.709680 35.353846
1.256117 2.375758 0.309202 12.860713
1.512195 6.724775 -1.385105 28.124860
5.539004 20.992887 -5.404476 104.911331
9.641990 33.020402 -15.262548 190.621316
6.111419 24.130531 -4.684459 115.698977
0.438616 2.134860 -0.013580 7.636024
2.935527 12.489834 -0.515347 53.920946
3.108126 13.154244 -0.180998 55.865726
0.238742 1.090065 0.107359 3.561359
1.816048 7.664967 1.515223 31.088649
11.258860 34.524256 -18.997692 220.746101
4.068801 17.306618 0.386844 74.250321
6.040007 24.348713 -4.008615 113.368875
4.321278 18.176485 0.780008 77.490829
2.132356 2.296664 0.564770 19.040784
2.116907 8.367838 1.745450 34.259086
3.561522 5.229886 1.755050 37.623340
2.389045 6.681309 2.174573 31.098039
1.954369 5.876521 1.637808 26.486504
2.797867 9.911831 3.018429 42.326389
2.875166 9.050245 4.552854 40.656705
3.809849 7.684775 2.681012 43.769871
2.793696 9.610276 4.021792 41.433635
2.836113 10.230832 3.381424 43.315719
4.033152 16.813127 2.062660 70.626788
2.245632 8.844587 -3.362752 40.871670
1.304712 1.925634 0.272208 11.578550
2.760749 10.764407 2.788252 44.725226
0.501706 2.343329 0.017976 8.319912
3.953515 16.569527 1.690240 69.625882
9.186404 30.133623 -10.738850 178.300078
3.377342 12.833732 3.808928 54.338691
3.437493 13.435307 3.564253 56.560259
5.394526 22.733721 -1.185339 101.095907
6.043053 24.643803 -4.073760 117.565790
4.978787 21.127727 -2.113205 97.049990
10.589105 31.960575 -17.056472 208.945742
7.523678 27.802054 -8.116544 147.781126
6.194625 25.202368 -3.439867 116.660628
9.749003 33.869512 -13.365491 190.837862
8.437814 29.499340 -9.322195 164.105849
7.102461 27.072235 -6.663259 138.649895
5.574377 23.338598 -1.740183 104.304017
8.287557 31.370737 -9.725483 162.993143
6.788298 27.420379 -5.314958 132.281700
4.830503 20.561385 -1.439410 93.384777
5.492110 3.629663 5.373927 60.456488
4.617964 5.627037 5.869925 52.592561
4.257450 5.788816 3.049869 45.390412
5.080377 6.432227 1.773857 53.839967
3.089845 10.966576 4.234784 47.346731
4.968526 8.599224 5.342438 60.458610
2.792328 8.523845 4.664844 38.787172
4.991447 21.214815 0.037028 92.434573
6.497592 8.681868 2.817521 75.565916
5.465243 10.790640 4.832615 69.682198
4.643066 19.797533 0.343332 86.058686
4.235399 18.002048 1.383722 77.140962
4.088655 17.211394 1.744980 73.471511
3.433046 14.057594 2.813432 59.240449
3.749192 15.291739 2.790154 64.055673
3.606876 13.932389 3.391447 59.751284
3.152299 12.437905 2.686132 52.376527
2.644712 5.024715 1.772295 29.071296
1.000000 7.969558 0.697246 34.564103
