1.000000 7.969558 0.697246 34.564103
1.000000 7.969558 0.697246 34.564103
1.000000 7.969558 0.697246 34.564103
1.000000 7.969558 0.697246 34.564103
1.000000 7.969558 0.697246 34.564103
1.345291 9.723735 0.052441 43.680170
3.485999 16.428421 -6.264983 103.523247
2.907676 16.593503 -5.298972 91.471768
3.475646 15.262021 -6.610535 105.011344
2.033627 10.293256 -2.473557 63.228773
1.333478 5.976838 -0.941904 39.809128
1.264586 9.268741 0.260663 41.333583
1.000000 7.969558 0.697246 34.564103
1.390042 9.883371 0.012096 44.626760
1.007598 8.012844 0.685224 34.764610
2.304185 11.972101 -2.338115 66.385915
3.036691 14.725186 -4.252282 88.723947
2.429856 11.926268 -1.498481 69.151923
1.000000 7.969558 0.697246 34.564103
1.000000 7.969558 0.697246 34.564103
1.000000 7.969558 0.697246 34.564103
1.000000 7.969558 0.697246 34.564103
1.000000 7.969558 0.697246 34.564103
1.000000 7.969558 0.697246 34.564103
1.000000 7.969558 0.697246 34.564103
1.000000 7.969558 0.697246 34.564103
1.000000 7.969558 0.697246 34.564103
1.000000 7.969558 0.697246 34.564103
1.000000 7.969558 0.697246 34.564103
1.000000 7.969558 0.697246 34.564103
1.000000 7.969558 0.697246 34.564103
1.000000 7.969558 0.697246 34.564103
1.655255 12.050312 -0.799156 55.166579
1.000000 7.969558 0.697246 34.564103
1.000000 7.969558 0.697246 34.564103
1.000000 7.969558 0.697246 34.564103
1.238170 9.604381 0.337783 41.996817
1.000000 7.969558 0.697246 34.564103
5.479376 7.616689 -9.292101 159.663007
5.864014 8.818883 -8.214921 168.465637
4.706095 12.331375 -9.424212 134.474061
5.220743 9.686418 -9.403494 151.770381
5.403558 11.939202 -8.849770 152.491540
1.000000 7.969558 0.697246 34.564103
5.796640 6.778059 -5.955860 164.986024
1.000000 7.969558 0.697246 34.564103
1.000000 7.969558 0.697246 34.564103
1.000000 7.969558 0.697246 34.564103
1.000000 7.969558 0.697246 34.564103
1.000000 7.969558 0.697246 34.564103
1.000000 7.969558 0.697246 34.564103
1.000000 7.969558 0.697246 34.564103
1.468581 9.458369 0.540341 44.953324
6.428945 4.057315 -5.789913 185.952698
5.831762 6.548816 -4.933066 165.333974
6.091088 5.146428 -6.813030 175.237289
6.785088 2.931925 -3.121984 196.642076
6.431054 4.689598 -1.357275 182.267950
6.134031 4.909264 -4.036537 173.811472
4.805847 9.207579 -4.222761 134.124164
1.000000 7.969558 0.697246 34.564103
1.000000 7.969558 0.697246 34.564103
1.000000 7.969558 0.697246 34.564103
6.041281 5.785011 -7.703537 174.944399
5.356091 10.065136 -6.978843 150.826170
3.220751 11.789105 -0.766607 88.072299
4.682460 12.931457 -5.225076 127.081044
4.611534 11.698731 -9.037381 133.761153
5.525432 9.386384 -5.732041 156.486961
4.030128 12.981978 -6.376506 112.735635
6.375404 3.567679 -4.615843 182.529144
6.621079 2.986456 -1.482303 189.382388
1.000000 7.969558 0.697246 34.564103
1.000000 7.969558 0.697246 34.564103
1.000000 7.969558 0.697246 34.564103
1.000000 7.969558 0.697246 34.564103
1.000000 7.969558 0.697246 34.564103
1.000000 7.969558 0.697246 34.564103
1.000000 7.969558 0.697246 34.564103
1.000000 7.969558 0.697246 34.564103
1.000000 7.969558 0.697246 34.564103
1.000000 7.969558 0.697246 34.564103
6.153541 5.522132 -2.606548 173.141349
6.785594 2.268179 0.207792 195.496635
6.174352 4.756731 1.541499 173.448637
6.531709 2.112816 3.723779 186.398469
1.000000 7.969558 0.697246 34.564103
4.563636 9.110514 3.953358 124.785174
5.779398 8.202246 6.147550 160.753377
1.000000 7.969558 0.697246 34.564103
4.429718 10.926839 -0.195951 118.356004
5.181058 8.367792 -1.188318 141.623358
6.768445 1.814455 2.868357 195.042754
6.449496 3.369831 1.816207 183.033742
6.567404 2.169450 1.508119 187.255645
6.447443 4.632315 4.094470 183.585137
6.377894 4.065599 5.014291 181.083879
6.368102 3.439280 3.072333 180.326529
6.453416 2.598693 4.669272 183.706958
6.648633 2.515778 5.785047 191.418939
6.399334 3.240378 7.055358 182.914358
6.363213 4.905997 6.022698 180.327862
6.354966 3.617394 8.134381 182.530105
1.000000 7.969558 0.697246 34.564103
6.374738 6.499368 6.498856 180.060554
1.000000 7.969558 0.697246 34.564103
5.808930 7.338708 10.858515 164.994886
6.359639 4.335584 6.996414 180.864529
5.942716 4.874120 9.722115 170.065608
1.000000 7.969558 0.697246 34.564103
1.000000 7.969558 0.697246 34.564103
1.000000 7.969558 0.697246 34.564103
1.000000 7.969558 0.697246 34.564103
1.000000 7.969558 0.697246 34.564103
1.000000 7.969558 0.697246 34.564103
1.000000 7.969558 0.697246 34.564103
1.000000 7.969558 0.697246 34.564103
1.000000 7.969558 0.697246 34.564103
1.000000 7.969558 0.697246 34.564103
1.000000 7.969558 0.697246 34.564103
1.000000 7.969558 0.697246 34.564103
1.000000 7.969558 0.697246 34.564103
1.000000 7.969558 0.697246 34.564103
1.000000 7.969558 0.697246 34.564103
1.000000 7.969558 0.697246 34.564103
1.000000 7.969558 0.697246 34.564103
1.000000 7.969558 0.697246 34.564103
1.000000 7.969558 0.697246 34.564103
1.000000 7.969558 0.697246 34.564103
1.000000 7.969558 0.697246 34.564103
1.000000 7.969558 0.697246 34.564103
1.000000 7.969558 0.697246 34.564103
1.000000 7.969558 0.697246 34.564103
1.000000 7.969558 0.697246 34.564103
1.000000 7.969558 0.697246 34.564103
1.000000 7.969558 0.697246 34.564103
1.000000 7.969558 0.697246 34.564103
1.000000 7.969558 0.697246 34.564103
1.124800 8.701964 0.460576 38.077738
1.000000 7.969558 0.697246 34.564103
5.749685 5.631059 10.317766 164.190369
1.000000 7.969558 0.697246 34.564103
1.000000 7.969558 0.697246 34.564103
5.404477 9.365703 0.085919 148.025239
5.908687 6.777198 3.830826 165.505166
1.000000 7.969558 0.697246 34.564103
1.000000 7.969558 0.697246 34.564103
1.000000 7.969558 0.697246 34.564103
5.610212 8.790744 11.727431 160.056956
4.913774 7.605077 11.007217 140.930044
1.681790 7.326370 2.731931 49.911432
2.836821 8.481367 7.615139 85.870060
0.843741 4.017366 1.770080 24.709336
5.689178 9.667144 12.125198 161.423683
5.002161 9.394402 11.533197 144.046613
4.717996 8.243388 11.099704 136.243096
4.557297 11.885654 11.578853 132.944156
5.502990 6.223967 10.669408 157.363708
5.353507 7.026681 11.048078 153.201471
6.099509 5.263385 8.839643 172.997384
6.112285 6.353037 9.616070 173.326958
6.101952 4.317194 9.034068 174.227759
5.813037 6.486267 10.243618 165.129552
2.014687 10.556628 2.249067 57.865356
5.120661 10.915396 6.868850 137.850661
1.532758 10.006387 2.259631 47.585094
4.594563 11.350820 9.121787 127.213866
5.114399 11.165995 10.488386 142.795788
1.000000 7.969558 0.697246 34.564103
1.000000 7.969558 0.697246 34.564103
1.000000 7.969558 0.697246 34.564103
1.000000 7.969558 0.697246 34.564103
1.000000 7.969558 0.697246 34.564103
1.000000 7.969558 0.697246 34.564103
1.000000 7.969558 0.697246 34.564103
1.000000 7.969558 0.697246 34.564103
1.000000 7.969558 0.697246 34.564103
1.000000 7.969558 0.697246 34.564103
1.000000 7.969558 0.697246 34.564103
1.000000 7.969558 0.697246 34.564103
1.046093 8.157437 0.746450 35.600650
4.155295 11.638978 7.616971 113.110287
6.196622 6.574231 7.906000 173.942940
6.079061 8.470969 10.589326 170.715371
1.639042 9.789260 1.693283 49.054676
1.000000 7.969558 0.697246 34.564103
1.000000 7.969558 0.697246 34.564103
1.000000 7.969558 0.697246 34.564103
1.000000 7.969558 0.697246 34.564103
1.000000 7.969558 0.697246 34.564103
1.000000 7.969558 0.697246 34.564103
1.000000 7.969558 0.697246 34.564103
1.000000 7.969558 0.697246 34.564103
1.000000 7.969558 0.697246 34.564103
1.000000 7.969558 0.697246 34.564103
1.000000 7.969558 0.697246 34.564103
1.000000 7.969558 0.697246 34.564103
1.000000 7.969558 0.697246 34.564103
1.000000 7.969558 0.697246 34.564103
1.000000 7.969558 0.697246 34.564103
1.000000 7.969558 0.697246 34.564103
1.000000 7.969558 0.697246 34.564103
1.000000 7.969558 0.697246 34.564103
1.000000 7.969558 0.697246 34.564103
1.000000 7.969558 0.697246 34.564103
1.000000 7.969558 0.697246 34.564103
1.000000 7.969558 0.697246 34.564103
1.000000 7.969558 0.697246 34.564103
1.000000 7.969558 0.697246 34.564103
1.000000 7.969558 0.697246 34.564103
1.000000 7.969558 0.697246 34.564103
1.000000 7.969558 0.697246 34.564103
1.000000 7.969558 0.697246 34.564103
1.000000 7.969558 0.697246 34.564103
1.000000 7.969558 0.697246 34.564103
1.000000 7.969558 0.697246 34.564103
1.000000 7.969558 0.697246 34.564103
5.189730 11.678576 12.965619 148.648715
5.176754 11.923411 13.257768 149.460596
4.652638 13.640567 11.654709 132.176024
1.000000 7.969558 0.697246 34.564103
1.000000 7.969558 0.697246 34.564103
1.000000 7.969558 0.697246 34.564103
1.000000 7.969558 0.697246 34.564103
1.000000 7.969558 0.697246 34.564103
1.000000 7.969558 0.697246 34.564103
1.000000 7.969558 0.697246 34.564103
1.000000 7.969558 0.697246 34.564103
1.000000 7.969558 0.697246 34.564103
1.000000 7.969558 0.697246 34.564103
1.000000 7.969558 0.697246 34.564103
1.000000 7.969558 0.697246 34.564103
1.000000 7.969558 0.697246 34.564103
1.000000 7.969558 0.697246 34.564103
1.000000 7.969558 0.697246 34.564103
1.232900 8.829675 0.904114 39.789817
1.000000 7.969558 0.697246 34.564103
1.000000 7.969558 0.697246 34.564103
1.000000 7.969558 0.697246 34.564103
1.000000 7.969558 0.697246 34.564103
1.000000 7.969558 0.697246 34.564103
1.000000 7.969558 0.697246 34.564103
1.327187 9.795011 1.636172 44.038044
1.195757 9.220631 1.227595 40.636496
1.000000 7.969558 0.697246 34.564103
1.000000 7.969558 0.697246 34.564103
1.000000 7.969558 0.697246 34.564103
1.000000 7.969558 0.697246 34.564103
1.000000 7.969558 0.697246 34.564103
1.000000 7.969558 0.697246 34.564103
1.000000 7.969558 0.697246 34.564103
1.000000 7.969558 0.697246 34.564103
1.000000 7.969558 0.697246 34.564103
1.000000 7.969558 0.697246 34.564103
1.000000 7.969558 0.697246 34.564103
5.858619 8.359118 11.081980 165.302472
5.492019 7.721426 11.118323 156.442254
5.757620 11.703422 12.631681 162.945101
5.460248 10.872955 13.037634 156.818740
3.234142 11.258908 8.053667 96.632378
1.873887 11.306309 3.069689 57.062444
4.187558 14.586242 11.640349 122.180405
1.359542 9.628381 1.631860 43.935107
2.285516 11.846497 4.596399 68.078877
2.591591 13.011039 5.511808 77.267120
1.000000 7.969558 0.697246 34.564103
1.163279 8.902692 1.128331 39.173817
1.000000 7.969558 0.697246 34.564103
1.000000 7.969558 0.697246 34.564103
2.510898 14.415751 6.264886 79.086930
1.133975 8.824788 1.077224 38.746325
1.000000 7.969558 0.697246 34.564103
1.000000 7.969558 0.697246 34.564103
1.000000 7.969558 0.697246 34.564103
1.000000 7.969558 0.697246 34.564103
1.000000 7.969558 0.697246 34.564103
1.015271 8.033720 0.761832 34.926311
1.198657 8.839310 1.246501 39.393127
4.017092 13.468907 8.354032 111.485072
1.000000 7.969558 0.697246 34.564103
1.469151 10.152775 2.132094 47.053469
5.846349 9.333142 11.911052 165.400295
4.170965 13.298321 9.195155 117.463591
5.115242 13.398502 12.661891 145.540555
5.153244 9.428038 11.908123 147.438321
4.117816 10.253938 10.651187 120.679689
1.208668 9.057304 1.235691 40.126019
1.000000 7.969558 0.697246 34.564103
1.000000 7.969558 0.697246 34.564103
2.410676 11.668711 3.995060 69.424356
1.000000 7.969558 0.697246 34.564103
1.000000 7.969558 0.697246 34.564103
1.000000 7.969558 0.697246 34.564103
1.000000 7.969558 0.697246 34.564103
1.000000 7.969558 0.697246 34.564103
1.000000 7.969558 0.697246 34.564103
1.000000 7.969558 0.697246 34.564103
1.000000 7.969558 0.697246 34.564103
1.000000 7.969558 0.697246 34.564103
4.097191 11.270112 0.160307 109.054192
6.322054 6.012682 -0.056115 177.827158
4.787717 7.838610 1.466647 129.628322
3.943761 11.308763 3.575620 105.615245
6.277033 8.188911 9.015206 175.526224
6.281495 5.237727 8.000442 178.023089
6.143442 7.683331 9.779526 172.755646
5.406914 10.392575 9.016265 148.294630
1.000000 7.969558 0.697246 34.564103
2.246622 10.382957 1.788287 63.323227
1.472758 9.666703 1.792137 45.619361
3.216159 13.411447 8.753942 98.193905
2.273291 10.229511 4.873232 69.246393
2.582728 11.625022 6.293777 79.260215
1.000000 7.969558 0.697246 34.564103
1.000000 7.969558 0.697246 34.564103
0.886760 4.140332 1.783877 25.697114
1.000000 7.969558 0.697246 34.564103
1.000000 7.969558 0.697246 34.564103
1.000000 7.969558 0.697246 34.564103
1.000000 7.969558 0.697246 34.564103
1.000000 7.969558 0.697246 34.564103
1.000000 7.969558 0.697246 34.564103
1.000000 7.969558 0.697246 34.564103
1.000000 7.969558 0.697246 34.564103
1.000000 7.969558 0.697246 34.564103
1.000000 7.969558 0.697246 34.564103
1.000000 7.969558 0.697246 34.564103
1.000000 7.969558 0.697246 34.564103
1.000000 7.969558 0.697246 34.564103
1.000000 7.969558 0.697246 34.564103
1.000000 7.969558 0.697246 34.564103
1.000000 7.969558 0.697246 34.564103
1.000000 7.969558 0.697246 34.564103
1.000000 7.969558 0.697246 34.564103
1.000000 7.969558 0.697246 34.564103
1.000000 7.969558 0.697246 34.564103
1.000000 7.969558 0.697246 34.564103
1.000000 7.969558 0.697246 34.564103
1.000000 7.969558 0.697246 34.564103
1.000000 7.969558 0.697246 34.564103
1.000000 7.969558 0.697246 34.564103
1.000000 7.969558 0.697246 34.564103
1.000000 7.969558 0.697246 34.564103
1.000000 7.969558 0.697246 34.564103
1.000000 7.969558 0.697246 34.564103
1.000000 7.969558 0.697246 34.564103
1.000000 7.969558 0.697246 34.564103
1.000000 7.969558 0.697246 34.564103
1.554861 11.496153 2.412182 52.518094
1.000000 7.969558 0.697246 34.564103
1.000000 7.969558 0.697246 34.564103
1.000000 7.969558 0.697246 34.564103
1.000000 7.969558 0.697246 34.564103
1.000000 7.969558 0.697246 34.564103
1.000000 7.969558 0.697246 34.564103
1.000000 7.969558 0.697246 34.564103
1.000000 7.969558 0.697246 34.564103
1.000000 7.969558 0.697246 34.564103
1.000000 7.969558 0.697246 34.564103
1.000000 7.969558 0.697246 34.564103
1.000000 7.969558 0.697246 34.564103
1.567799 11.413556 2.558457 52.723401
1.364716 10.453970 1.689751 46.511246
1.256684 9.712557 1.388006 42.937399
1.000000 7.969558 0.697246 34.564103
1.000000 7.969558 0.697246 34.564103
1.000000 7.969558 0.697246 34.564103
1.560508 11.254413 2.524009 52.220753
1.560615 11.254932 2.524320 52.223588
1.000000 7.969558 0.697246 34.564103
1.000000 7.969558 0.697246 34.564103
1.000000 7.969558 0.697246 34.564103
1.000000 7.969558 0.697246 34.564103
1.000000 7.969558 0.697246 34.564103
1.000000 7.969558 0.697246 34.564103
0.100012 0.411175 -0.269528 2.568034
0.060596 0.263461 -0.185686 1.592633
0.137382 0.687896 -0.320159 3.787712
0.154778 0.793031 -0.361532 4.312188
0.009243 0.038891 -0.039649 0.225209
1.144269 9.007779 1.036985 39.373792
1.000000 7.969558 0.697246 34.564103
1.174925 9.192129 1.140557 40.329901
1.174971 9.192423 1.140672 40.331272
0.089947 0.472278 -0.181190 2.380656
0.125508 0.636851 -0.270241 3.368952
0.580118 3.237303 -0.121325 17.719615
0.717271 3.864243 0.081786 21.702910
0.482367 2.592707 -0.164216 14.309842
0.174562 0.926253 -0.230564 4.802813
0.134969 0.742851 -0.082037 3.613025
0.058760 0.338190 -0.091866 1.579738
0.425219 2.319072 -0.285098 12.674557
0.216491 1.129433 -0.324614 6.019179
0.205761 1.079637 -0.326636 5.756516
0.157399 0.781883 -0.287731 4.181718
0.067167 0.315783 -0.215491 1.826108
0.531180 2.848820 0.708373 15.975989
0.078603 0.497854 0.011792 2.221639
0.562479 2.969481 0.177265 16.689022
0.057258 0.330339 -0.090016 1.540633
1.094461 6.111183 1.288189 34.132202
1.953508 10.246437 4.364121 61.020987
2.643460 15.478476 6.868438 84.451236
2.798661 15.299163 7.434681 87.485316
1.861613 9.342884 3.674245 57.397683
1.453420 7.741837 2.334498 45.294030
2.720527 12.843362 7.054358 83.525297
1.469327 10.410440 2.190442 48.274636
3.228003 15.490894 9.115179 99.033675
1.474560 10.393019 2.179510 48.225651
3.683597 13.765429 10.266043 111.002936
2.646169 14.519752 6.357131 81.000681
2.024553 12.728186 4.257432 64.435256
3.522089 14.594930 8.927734 103.906778
3.145692 12.873923 8.476258 96.443188
3.380832 14.613872 9.296863 102.260051
1.418057 7.050479 2.073446 43.412016
1.611880 8.095469 2.612021 49.653405
1.611627 8.106318 2.639549 49.540196
2.582845 11.625150 6.293595 79.261985
2.158117 9.460584 4.660044 66.141287
0.229007 1.205004 -0.381166 6.484107
0.202390 1.057606 -0.218183 5.485399
0.103258 0.532533 -0.199704 2.717522
0.472788 2.760816 -0.284822 14.720672
0.892682 5.065269 0.582369 27.852440
0.463917 2.645403 -0.299244 14.283777
0.625395 3.589736 -0.045873 19.394915
0.736955 4.183044 0.163565 22.753654
0.887163 4.909156 0.548623 27.544683
0.716203 3.874773 0.101726 21.630958
0.363821 2.015106 -0.345022 10.956109
0.142722 0.778521 -0.075562 3.790471
0.384160 1.188989 -0.092214 9.714024
0.177762 0.669456 -0.167600 4.452274
0.450040 1.427029 0.217684 11.798366
0.167755 0.683887 0.498463 4.521530
0.272767 1.550752 -0.419703 8.313202
0.247671 1.270674 -0.405284 7.122251
0.337286 1.317788 -0.088631 8.954368
0.507960 1.826460 0.168876 13.678436
0.378334 1.387381 -0.052269 9.916660
0.488938 1.729056 0.232644 13.081399
0.511719 1.934792 0.223660 13.908076
0.333885 1.560816 0.630154 9.488623
0.557762 2.546635 0.209249 15.934384
1.567415 11.423948 2.560722 52.772293
0.595913 3.696616 0.312867 18.713289
0.600284 3.748819 0.325418 18.889267
0.723757 4.614045 0.607708 23.182119
1.412871 9.093160 2.554180 45.907762
1.412863 9.093294 2.554260 45.908226
0.758111 4.996057 0.802069 24.493885
1.196790 8.265714 1.837368 39.536118
0.864790 5.732036 1.037932 28.059713
0.016365 0.065717 -0.059914 0.386308
0.054663 0.158487 -0.149716 1.300013
0.069407 0.305411 -0.214438 1.820276
0.230563 0.918436 0.508274 6.240805
0.156510 0.799691 -0.361711 4.350114
0.142969 0.717120 -0.342889 3.957105
0.162413 0.837205 -0.389673 4.575846
0.543071 2.720026 0.072515 15.862374
0.515144 2.353015 0.115335 14.696170
0.530346 2.330508 0.104526 14.991483
0.468382 2.250982 0.423718 13.433468
0.564970 2.657224 0.203213 16.278474
0.532780 3.132503 0.532680 16.492886
0.555669 2.800072 0.225551 16.327494
0.764596 3.824373 0.598517 22.231566
0.428474 2.347734 -0.081259 12.897861
1.407936 6.999179 2.067562 43.198714
2.074867 9.267576 4.461888 64.017165
1.478196 6.860508 2.094285 44.111054
1.303821 6.353832 1.684323 39.585508
0.442199 2.539868 -0.319610 13.691238
1.843953 9.254135 3.592934 57.242748
0.622072 3.578456 -0.045094 19.336191
0.881245 4.885830 0.537904 27.391241
0.583899 3.241406 -0.129086 17.807994
0.474028 2.765127 -0.284999 14.740790
4.327117 12.251943 11.610299 127.028307
3.628787 13.318572 10.167869 109.357535
4.102178 14.378294 12.100091 123.089955
0.149443 0.876647 0.019707 4.125467
0.810098 4.267618 0.250182 24.253993
0.573526 3.011776 0.163836 16.952289
0.404777 2.222977 -0.254772 12.165622
3.335754 9.952908 8.039193 98.554906
2.795365 9.638077 6.860768 84.373369
1.393090 6.532466 2.003494 42.236504
3.208222 11.391545 8.155638 95.792027
3.110583 12.001529 5.160909 84.617918
4.542522 14.354604 12.315035 132.030899
2.538926 12.882928 5.529389 76.198035
0.239254 1.289848 -0.418632 6.951061
0.371937 2.064147 -0.358967 11.181212
0.160772 0.826925 -0.383948 4.522364
0.223028 1.209266 -0.428532 6.522366
0.164045 0.845565 -0.386496 4.611544
0.223918 1.181341 -0.381820 6.358445
0.146333 0.732748 -0.282781 3.929294
0.159967 0.800714 -0.337402 4.359235
0.125526 0.636915 -0.270271 3.369294
0.233254 0.980579 0.533048 6.397098
0.302823 0.884422 -0.006195 7.509336
0.259659 1.011292 -0.258313 6.676901
0.100568 0.449960 -0.277741 2.663714
0.109943 0.435679 0.135675 2.641343
0.345958 1.964684 -0.407913 10.553308
0.332357 1.864111 -0.391656 10.072850
0.302588 1.723745 -0.429710 9.260805
0.194676 1.047714 -0.420666 5.684293
0.302620 1.723868 -0.429764 9.261449
0.206704 1.141306 -0.434067 6.171863
0.138116 0.691240 -0.339111 3.830408
0.378353 1.594102 -0.174097 10.252306
0.147224 0.746538 -0.364801 4.118329
0.427130 1.678169 0.381845 11.586424
0.336628 1.969199 -0.416739 10.450729
1.450242 10.057199 2.477540 48.077585
1.564436 11.381554 2.552494 52.595885
1.528772 11.220886 2.381435 51.457057
0.584299 3.129574 0.234900 17.496259
0.578618 3.233322 0.297157 17.570920
0.580879 3.416980 0.271787 17.926260
0.571221 3.575451 0.195831 17.987767
0.761451 4.845636 0.693307 24.354732
0.571016 3.567280 0.175639 18.024950
0.568774 3.157068 0.184991 17.210997
0.571810 3.570104 0.176940 18.043971
0.561051 3.064522 0.085730 16.842481
0.546133 3.330407 0.075076 17.089294
0.537640 3.307434 0.062016 16.899559
0.559190 2.662147 0.198997 16.162589
0.555193 2.850582 0.230903 16.398327
0.554569 3.133076 0.119578 16.871464
0.901872 5.589283 1.013505 28.858039
0.916215 5.361202 0.925211 28.513718
0.743070 4.469629 0.501879 23.331922
1.419566 8.400534 2.576670 45.242455
0.455960 1.997429 0.436433 12.709928
0.553904 2.502015 0.273936 15.702824
0.459988 2.453623 0.577155 13.668279
0.405627 2.293566 0.658664 12.380568
0.519048 3.101798 0.579258 16.317807
0.544490 2.547614 0.266059 15.610975
0.508435 2.083673 0.077498 14.057375
0.418238 2.358183 -0.218607 12.617461
0.435570 1.712763 -0.078786 11.709738
0.495297 2.210022 0.027393 14.052107
0.366450 1.780904 -0.266295 10.472620
0.554742 3.093299 0.200778 16.797163
0.529529 3.176527 0.493688 16.476798
0.515713 3.090659 0.553681 16.121153
0.682102 4.238074 0.314847 21.756710
0.742249 5.026171 0.117719 24.058053
0.696909 4.610880 0.138935 22.430244
0.875240 6.012593 0.036717 28.522801
1.088465 7.624457 -0.240640 35.882374
0.532931 3.107035 0.294941 16.362126
0.557512 3.181548 0.182084 17.005650
0.530317 2.981294 0.213109 16.097648
0.529429 2.925766 0.236979 15.993932
0.670824 4.373485 0.143670 21.498040
0.218283 1.179860 -0.418968 6.376247
0.336593 1.969064 -0.416689 10.450037
0.358064 2.120694 -0.411620 11.142565
1.183772 6.428669 1.357234 36.730324
1.175932 6.406479 1.324878 36.725717
0.734931 4.176589 0.158450 22.741214
0.569084 3.309361 -0.141355 17.674003
0.893755 5.066735 0.587720 27.847049
0.913107 5.035614 0.557031 28.050051
0.923348 5.700922 1.065003 29.472558
0.743021 4.469476 0.501911 23.331093
0.896964 5.199048 0.826779 28.089333
0.660378 3.875570 0.099619 20.483826
0.485740 2.895216 -0.129116 15.028048
0.591823 3.602801 0.268908 18.455163
0.577373 3.183039 0.296047 17.449035
0.596517 3.595823 0.366195 18.543692
2.392683 12.074171 5.963828 74.271496
2.401111 13.976938 5.984886 76.792602
1.419551 8.400666 2.576787 45.242910
1.830920 12.346145 3.571468 60.109828
1.000000 7.969558 0.697246 34.564103
1.831079 12.346808 3.571921 60.113833
0.920565 5.767542 1.099738 29.359626
1.586155 11.000452 2.842155 52.584905
1.000000 7.969558 0.697246 34.564103
2.339634 11.483005 5.655640 72.439157
2.772115 14.969465 7.293462 86.528257
3.186567 15.324970 8.942522 97.921354
3.320314 14.732275 9.140793 100.343659
2.273887 10.239725 4.890318 69.183338
1.964047 10.457884 4.472208 61.486007
1.460696 7.778810 2.389381 45.270066
2.503261 14.482829 6.350505 79.759087
1.537258 8.550130 3.001092 48.547018
1.697923 9.816918 3.481592 53.805324
1.100831 6.168440 1.366232 34.135744
0.569072 3.309086 -0.143045 17.682013
0.485851 2.895636 -0.129102 15.030439
0.542017 3.232589 -0.115076 16.938391
0.561302 3.347080 -0.086309 17.523117
0.653585 3.848493 0.045837 20.485519
0.507237 3.001696 -0.226864 15.938590
0.438536 2.294459 -0.312622 12.940490
0.373004 2.120792 -0.365027 11.378319
0.356479 1.787027 -0.256360 10.306566
0.419270 2.345626 -0.230268 12.635225
1.671503 10.660863 3.336658 54.186737
1.000000 7.969558 0.697246 34.564103
1.000000 7.969558 0.697246 34.564103
1.000000 7.969558 0.697246 34.564103
1.000000 7.969558 0.697246 34.564103
1.000000 7.969558 0.697246 34.564103
1.000000 7.969558 0.697246 34.564103
1.000000 7.969558 0.697246 34.564103
1.000000 7.969558 0.697246 34.564103
1.000000 7.969558 0.697246 34.564103
0.533597 2.719486 0.415286 15.628154
0.251746 1.277029 -0.413917 7.207734
0.451683 2.490320 0.556372 13.603243
1.561230 10.961549 -0.971368 51.606657
1.682100 12.485582 -0.695408 56.500180
1.561268 10.961558 -0.971443 51.607032
1.677583 12.012805 -1.062185 55.804536
1.495809 10.688216 -0.781365 49.685007
0.557677 3.181989 0.182119 17.008814
0.516344 3.039309 0.167852 15.901711
0.503500 2.994364 0.258661 15.548398
0.761957 4.894505 0.143786 24.552409
0.856421 5.720000 0.025240 27.838138
0.524211 2.784422 0.396335 15.588326
0.528662 3.090409 0.429897 16.264801
0.575929 2.904624 0.258759 16.885559
0.669432 3.843024 0.480057 20.808068
1.856699 10.601564 -2.184151 58.389916
1.277425 7.195784 -0.603839 39.785848
2.217311 12.323983 -3.193589 69.200444
1.471221 9.347311 -1.185142 47.335451
1.071233 6.470894 -0.240847 33.882155
2.186401 14.280141 -2.513837 70.470277
1.303046 7.368075 -0.667177 40.291817
1.528981 10.374054 -1.076632 49.950146
2.031899 12.710661 -2.543935 65.299822
1.992971 12.206668 -2.451700 63.576381
2.145809 14.624439 -2.280240 70.341636
1.000000 7.969558 0.697246 34.564103
1.057692 8.377062 0.617277 36.383116
1.089099 8.527673 0.551012 37.157530
1.089164 8.528048 0.550933 37.159218
2.111395 14.661750 -2.025327 69.384958
1.097644 7.082309 -0.420277 35.470738
1.520503 10.321278 -1.060897 49.696900
0.856398 5.720014 0.025222 27.838075
1.655385 12.050983 -0.799435 55.169969
0.565189 2.903314 0.248535 16.676909
0.532139 3.099042 0.438429 16.350166
0.571827 3.177431 0.315168 17.261791
0.596440 3.766867 0.300609 19.006235
0.654990 4.311055 0.236231 21.167842
0.559085 3.153157 0.290291 16.977881
0.761927 4.894477 0.143746 24.552113
0.596539 3.767231 0.300602 19.008345
0.934477 6.338181 -0.039665 30.409876
1.478228 10.058733 -0.984877 48.428572
0.878352 6.035882 0.033551 28.622897
0.580792 3.528299 0.254053 18.161304
0.653888 4.290679 0.235830 21.101767
0.590537 3.683707 0.235684 18.655850
0.536921 2.855409 0.215326 16.020105
0.592640 3.618939 0.208678 18.543443
0.592839 3.619558 0.208647 18.547575
0.711657 4.265690 0.370099 22.425079
0.748347 4.630215 0.235477 23.780313
0.509161 3.017064 0.580516 15.941379
0.621607 3.915319 0.513613 19.686697
0.608450 3.873398 0.497852 19.331201
0.818080 5.529019 0.933362 26.677162
1.262039 8.829747 1.982354 41.875735
0.567663 3.083590 0.228152 17.025181
0.584495 3.439594 0.286875 18.041702
0.520232 2.780420 0.392541 15.508241
0.566693 2.888807 0.239390 16.694849
0.551575 2.755486 0.104370 16.105506
0.554327 2.786597 0.222032 16.283886
0.578618 3.181415 0.169719 17.442758
1.201185 8.294779 1.848713 39.674184
0.377903 1.168517 0.358126 9.783554
0.268993 1.084118 0.529652 7.216838
0.332287 1.638684 0.730345 9.557401
0.330381 1.542215 0.654220 9.524886
0.481696 2.235195 0.426338 13.644097
0.520039 2.091919 0.358243 14.267442
0.374008 1.981170 0.694076 11.092382
0.388944 2.075127 0.770363 11.671060
0.408119 2.281983 0.677328 12.433976
0.382298 2.085413 0.735972 11.530010
0.457878 2.588097 0.675848 14.024484
0.313931 1.471320 0.737488 8.857644
0.326262 1.625177 0.741296 9.410543
0.328082 1.035580 0.647394 8.444548
0.305244 1.463614 0.676261 8.782375
0.333125 1.275461 0.373097 8.938946
0.297593 1.400411 0.649904 8.557410
0.360455 1.563121 0.762875 9.975985
0.272550 1.318627 0.736764 7.854440
0.340628 1.546481 0.719715 9.561762
0.417854 2.132699 0.793081 12.303243
0.363795 1.677148 0.663578 10.358406
0.517556 2.905220 0.669366 15.828691
0.385235 2.088333 0.755126 11.633503
0.337347 1.735481 0.705840 9.906770
0.330603 1.703386 0.729879 9.722472
0.539268 2.996194 0.690087 16.498128
0.391540 2.126938 0.756413 11.824417
0.385897 2.001785 0.776677 11.379806
0.332066 1.637065 0.730173 9.551886
0.345647 1.551523 0.648857 9.709745
0.322942 1.537349 0.662381 9.278217
0.525875 2.863929 0.714013 16.011361
0.324519 1.517479 0.661396 9.298462
0.585385 3.637329 0.444383 18.423227
0.758698 5.000325 0.803565 24.513314
1.450278 10.057256 2.477625 48.078124
0.958993 6.361311 1.264033 31.168821
1.584933 10.975252 2.834493 52.486767
1.351082 10.215948 1.746972 45.882934
1.351010 10.215552 1.746770 45.880938
1.221135 9.480527 1.293006 41.835586
1.000000 7.969558 0.697246 34.564103
0.596361 3.595281 0.366047 18.540387
0.686622 4.412749 0.629502 21.957406
0.746196 4.753583 0.657541 23.886614
0.539053 3.228934 -0.059341 16.726469
0.864721 5.731802 1.037847 28.058390
0.931306 6.094654 1.179494 30.207599
0.685902 4.404835 0.626768 21.936489
0.931261 6.094543 1.179464 30.206911
0.525576 2.968091 0.220050 15.981706
0.557822 3.296064 0.336496 17.218075
0.535165 2.934491 0.227802 16.124764
0.563145 3.232325 0.177735 17.215126
0.541680 2.942938 0.243075 16.277825
0.570879 3.172789 0.304529 17.308852
0.549163 2.870849 0.244152 16.307170
0.552284 3.044779 0.197442 16.654600
0.556044 2.859906 0.230790 16.429126
0.558582 2.878112 0.228999 16.512964
0.621708 3.918302 0.515037 19.691539
0.563114 3.303549 0.325980 17.333332
0.527876 3.128361 0.316553 16.298306
0.583975 3.595572 0.123102 18.274230
1.205500 8.539699 -0.374164 39.898740
0.807758 5.442077 0.091517 26.241633
1.130739 7.914658 -0.300410 37.221082
1.609179 11.279718 -1.054806 53.102776
1.130774 7.914688 -0.300446 37.221439
1.384148 9.921895 -0.600929 46.031621
0.932716 6.532218 -0.054310 30.679563
1.205541 8.539740 -0.374232 39.899185
0.760034 5.180634 0.052922 24.707363
0.696969 4.614486 0.139219 22.439132
0.633219 4.081769 0.111479 20.137809
0.932630 6.531906 -0.054203 30.677849
0.633335 4.082133 0.111400 20.139986
0.585630 3.611717 0.120592 18.335027
0.807809 5.442213 0.091515 26.242452
1.495843 10.688224 -0.781453 49.685337
1.059574 8.395731 0.630730 36.441607
1.017395 8.102488 0.684522 35.141613
1.000000 7.969558 0.697246 34.564103
1.154665 9.105985 0.530937 39.578938
1.719842 12.812420 -0.738699 57.894052
1.568374 11.507068 -0.686784 52.536635
1.529980 11.008796 -0.808250 50.974253
1.144783 9.008879 0.524793 39.166750
1.697774 12.572197 -0.735248 56.951668
1.438369 11.097591 0.019232 48.901195
1.053620 8.364618 0.645671 36.294792
1.000000 7.969558 0.697246 34.564103
1.115369 7.947360 -0.242808 36.964002
0.074244 0.327616 0.256388 1.977547
0.126695 0.500603 0.360982 3.262390
0.753899 3.966474 0.524021 22.538610
0.546382 3.371742 0.141341 17.095026
0.520055 3.055865 0.162123 16.002566
0.742380 5.026708 0.117573 24.060922
5.764430 6.898406 -8.470582 166.424518
3.096453 16.149009 -6.184517 96.676929
1.263508 9.535484 0.191946 42.126082
2.943102 16.724119 -5.338619 92.307546
1.260285 9.631933 0.235328 42.330169
1.000000 7.969558 0.697246 34.564103
1.000000 7.969558 0.697246 34.564103
2.186070 14.278734 -2.513126 70.462015
1.000000 7.969558 0.697246 34.564103
0.750400 4.618099 0.269317 23.903052
0.806475 4.933891 0.203955 25.558333
0.714909 4.282063 0.366855 22.512828
0.843467 5.000104 0.188584 26.421577
0.563247 3.283753 0.551448 17.491132
1.199801 7.186910 -0.483371 37.799307
1.097646 7.082502 -0.420369 35.471495
1.471206 9.346998 -1.185017 47.334158
1.944530 13.316726 -1.810675 63.674613
1.688625 11.831357 -0.928824 54.719457
1.070266 6.476008 -0.251661 33.837390
0.838564 4.955267 0.206960 26.359821
1.787260 10.300500 -2.031496 56.521553
1.060429 6.150253 -0.176156 33.123784
1.060397 6.150295 -0.176276 33.123571
0.315701 1.549710 0.740337 9.055332
2.842654 16.213667 -5.023944 89.426556
0.376058 1.853249 0.692175 10.810790
0.462014 1.734443 0.348963 12.420990
0.340186 1.707760 0.711414 9.891449
0.669932 3.859140 0.463036 20.760099
0.370404 1.975453 0.683516 11.005769
0.562149 3.265270 0.565309 17.510087
0.501698 2.939137 0.594972 15.657315
1.000000 7.969558 0.697246 34.564103
1.000000 7.969558 0.697246 34.564103
1.000000 7.969558 0.697246 34.564103
1.000000 7.969558 0.697246 34.564103
1.000000 7.969558 0.697246 34.564103
1.000000 7.969558 0.697246 34.564103
1.000000 7.969558 0.697246 34.564103
1.000000 7.969558 0.697246 34.564103
1.000000 7.969558 0.697246 34.564103
1.000000 7.969558 0.697246 34.564103
1.000000 7.969558 0.697246 34.564103
1.000000 7.969558 0.697246 34.564103
1.000000 7.969558 0.697246 34.564103
1.000000 7.969558 0.697246 34.564103
1.000000 7.969558 0.697246 34.564103
1.000000 7.969558 0.697246 34.564103
2.934114 10.964389 -1.215815 81.835431
1.744341 10.268955 -0.671709 52.115394
1.000000 7.969558 0.697246 34.564103
1.000000 7.969558 0.697246 34.564103
1.000000 7.969558 0.697246 34.564103
1.000000 7.969558 0.697246 34.564103
1.011732 8.026075 0.686163 34.841920
1.384181 9.921892 -0.601006 46.031874
1.714405 12.845468 -0.673187 57.847417
1.000000 7.969558 0.697246 34.564103
1.016444 8.094018 0.683613 35.105366
1.000000 7.969558 0.697246 34.564103
1.000000 7.969558 0.697246 34.564103
1.000000 7.969558 0.697246 34.564103
1.000000 7.969558 0.697246 34.564103
1.000000 7.969558 0.697246 34.564103
1.000000 7.969558 0.697246 34.564103
1.000000 7.969558 0.697246 34.564103
1.000000 7.969558 0.697246 34.564103
1.000000 7.969558 0.697246 34.564103
1.000000 7.969558 0.697246 34.564103
1.000000 7.969558 0.697246 34.564103
1.000000 7.969558 0.697246 34.564103
1.000000 7.969558 0.697246 34.564103
1.000000 7.969558 0.697246 34.564103
1.000000 7.969558 0.697246 34.564103
1.000000 7.969558 0.697246 34.564103
1.000000 7.969558 0.697246 34.564103
1.000000 7.969558 0.697246 34.564103
1.000000 7.969558 0.697246 34.564103
4.510946 14.499897 -8.330988 127.594111
2.655487 14.685401 -3.895387 80.883980
2.401740 10.531783 -3.757886 72.672599
3.412118 16.328421 -6.131298 101.554747
3.059894 16.529604 -5.741791 94.259084
2.674421 9.336089 -5.158676 81.555460
0.816243 3.491946 -0.743318 22.194923
2.865230 8.433928 -6.222141 87.238594
1.000000 7.969558 0.697246 34.564103
1.000000 7.969558 0.697246 34.564103
1.000000 7.969558 0.697246 34.564103
1.000000 7.969558 0.697246 34.564103
1.710525 11.672519 -0.882930 54.381499
3.343651 17.092799 -6.967419 103.496641
3.236517 14.791004 -6.203298 99.050916
4.214382 10.272078 -8.750985 123.744745
1.294768 9.679329 0.148822 42.877448
4.056554 14.874167 -8.507437 118.699009
2.176584 11.963356 -2.268835 64.766162
5.346183 9.820210 -9.055000 152.941371
3.399735 9.811299 -6.169301 100.799422
5.023550 8.273189 -9.724849 147.283770
1.000000 7.969558 0.697246 34.564103
1.059240 8.392495 0.617667 36.450581
1.944663 13.317220 -1.810985 63.677644
2.197308 14.685089 -2.493037 71.572841
1.000000 7.969558 0.697246 34.564103
1.000000 7.969558 0.697246 34.564103
1.000000 7.969558 0.697246 34.564103
1.014181 8.077003 0.687758 35.026616
1.000000 7.969558 0.697246 34.564103
1.000000 7.969558 0.697246 34.564103
1.719745 12.811947 -0.738465 57.891612
1.013864 8.073951 0.687608 35.012849
1.001223 7.978982 0.696705 34.604430
1.000000 7.969558 0.697246 34.564103
1.000000 7.969558 0.697246 34.564103
1.000000 7.969558 0.697246 34.564103
1.000000 7.969558 0.697246 34.564103
1.000000 7.969558 0.697246 34.564103
1.000000 7.969558 0.697246 34.564103
1.000000 7.969558 0.697246 34.564103
1.000000 7.969558 0.697246 34.564103
1.000000 7.969558 0.697246 34.564103
1.000000 7.969558 0.697246 34.564103
1.000000 7.969558 0.697246 34.564103
1.000000 7.969558 0.697246 34.564103
1.000000 7.969558 0.697246 34.564103
1.000000 7.969558 0.697246 34.564103
1.000000 7.969558 0.697246 34.564103
1.000000 7.969558 0.697246 34.564103
1.000000 7.969558 0.697246 34.564103
1.000000 7.969558 0.697246 34.564103
1.000000 7.969558 0.697246 34.564103
1.000000 7.969558 0.697246 34.564103
1.000000 7.969558 0.697246 34.564103
1.000000 7.969558 0.697246 34.564103
1.000000 7.969558 0.697246 34.564103
1.000000 7.969558 0.697246 34.564103
1.000000 7.969558 0.697246 34.564103
1.000000 7.969558 0.697246 34.564103
1.000000 7.969558 0.697246 34.564103
1.000000 7.969558 0.697246 34.564103
1.000000 7.969558 0.697246 34.564103
1.000000 7.969558 0.697246 34.564103
1.000000 7.969558 0.697246 34.564103
1.000000 7.969558 0.697246 34.564103
1.000000 7.969558 0.697246 34.564103
1.000000 7.969558 0.697246 34.564103
1.000000 7.969558 0.697246 34.564103
1.000000 7.969558 0.697246 34.564103
1.000000 7.969558 0.697246 34.564103
1.000000 7.969558 0.697246 34.564103
1.000000 7.969558 0.697246 34.564103
1.000000 7.969558 0.697246 34.564103
0.140602 0.698254 0.326740 3.809846
0.517024 2.559226 -0.123270 14.735299
1.485341 6.335910 -1.178339 43.638982
2.473010 9.690655 -4.479774 75.550530
1.536522 6.829281 -1.227223 45.508964
0.205276 1.096736 0.193184 5.623648
0.821713 3.880082 0.234600 23.768472
0.786717 3.782496 0.289218 22.915319
0.113285 0.608777 0.233041 3.121326
0.462113 2.295367 0.693750 13.419890
2.993522 10.453739 -5.503067 89.270009
0.910960 4.509020 0.200733 27.068550
1.447490 6.612840 -1.087640 43.293206
0.976918 4.786358 0.219856 28.756142
0.154915 0.720866 0.374394 4.151395
0.462156 2.295491 0.693813 13.420757
0.237273 1.104291 0.655008 6.731274
0.291208 1.408744 0.740108 8.419932
0.273057 1.346037 0.705547 8.033134
0.429926 2.169578 0.795768 12.643817
0.410564 2.117014 0.790111 12.085049
0.301851 1.432568 0.734863 8.570884
0.433335 2.227131 0.789654 12.692682
0.451576 2.286193 0.792590 13.175963
0.850647 4.374273 0.388949 25.361615
0.745147 3.320315 -0.785861 20.565532
0.102274 0.513749 0.279339 2.802250
0.531955 2.653211 0.779981 15.421448
0.226803 1.161798 0.250950 6.126562
0.813476 4.145683 0.449814 24.369083
4.252016 13.956369 -8.980219 125.097233
0.656831 3.525760 0.607674 19.821801
0.657775 3.521270 0.618994 19.878962
1.431528 7.013573 -0.876539 43.108228
2.323442 11.302461 -3.206659 71.250249
2.128634 11.194022 -2.914616 65.990206
3.809773 11.605117 -8.310094 112.788095
3.640316 14.346814 -7.942670 109.995424
1.632179 7.432027 -1.165060 48.411942
2.813371 10.909148 -4.545621 83.925693
3.636585 13.201071 -7.614805 108.965450
3.083401 13.141677 -6.303466 94.734567
1.386125 6.669789 -0.672379 41.810986
2.328504 9.949300 -3.462439 70.992572
2.012878 9.480116 -2.755883 62.067332
2.078004 11.012978 -2.791623 64.661117
0.333570 1.589725 0.669472 9.610733
0.325444 1.583390 0.736428 9.301956
0.368604 1.647345 0.667549 10.515747
0.466274 1.989660 0.720997 12.847337
0.533058 2.896398 0.711500 16.198075
0.392327 2.092439 0.770482 11.762799
0.410888 2.129297 0.777177 12.070212
1.245270 6.345591 -0.495926 38.031186
0.459765 2.589818 0.694556 14.122238
0.518231 2.892736 0.699764 15.923922
1.351154 6.963282 -0.589531 40.962753
1.138105 6.063156 -0.174898 34.934508
1.126458 6.047396 -0.201013 34.606625
0.798942 4.452511 0.391094 24.708955
0.721709 3.803840 0.534960 21.812083
0.759555 4.270194 0.432913 23.633972
0.762220 4.325023 0.374286 23.520117
0.237240 1.104185 0.654949 6.730582
1.000000 7.969558 0.697246 34.564103
