1.000000 7.969558 0.697246 34.564103
1.000000 7.969558 0.697246 34.564103
1.000000 7.969558 0.697246 34.564103
1.000000 7.969558 0.697246 34.564103
1.000000 7.969558 0.697246 34.564103
1.331329 9.658879 0.082071 43.314722
3.473406 16.417127 -6.222442 103.185616
2.893572 16.568653 -5.244036 91.087423
3.478817 15.295830 -6.631570 105.170559
2.035501 10.311686 -2.484545 63.325335
1.332561 5.976045 -0.944489 39.803095
1.251736 9.212295 0.284258 41.010303
1.000000 7.969558 0.697246 34.564103
1.367808 9.795623 0.054819 44.082434
1.000453 7.972158 0.696560 34.576031
2.278368 11.951452 -2.298202 65.804983
3.009365 14.656078 -4.177948 88.001804
2.401367 11.867922 -1.454827 68.452179
1.000000 7.969558 0.697246 34.564103
1.000000 7.969558 0.697246 34.564103
1.000000 7.969558 0.697246 34.564103
1.000000 7.969558 0.697246 34.564103
1.000000 7.969558 0.697246 34.564103
1.000000 7.969558 0.697246 34.564103
1.000000 7.969558 0.697246 34.564103
1.000000 7.969558 0.697246 34.564103
1.000000 7.969558 0.697246 34.564103
1.000000 7.969558 0.697246 34.564103
1.000000 7.969558 0.697246 34.564103
1.000000 7.969558 0.697246 34.564103
1.000000 7.969558 0.697246 34.564103
1.000000 7.969558 0.697246 34.564103
1.651781 12.033039 -0.789275 55.069877
1.000000 7.969558 0.697246 34.564103
1.000000 7.969558 0.697246 34.564103
1.000000 7.969558 0.697246 34.564103
1.228680 9.543282 0.355901 41.707308
1.000000 7.969558 0.697246 34.564103
5.479430 7.620786 -9.295735 159.742974
5.864492 8.836704 -8.224853 168.551995
4.697770 12.365115 -9.434229 134.297692
5.222834 9.701077 -9.418269 151.903222
5.399391 11.975521 -8.852198 152.391907
1.000000 7.969558 0.697246 34.564103
5.786914 6.785541 -5.965216 164.746487
1.000000 7.969558 0.697246 34.564103
1.000000 7.969558 0.697246 34.564103
1.000000 7.969558 0.697246 34.564103
1.000000 7.969558 0.697246 34.564103
1.000000 7.969558 0.697246 34.564103
1.000000 7.969558 0.697246 34.564103
1.000000 7.969558 0.697246 34.564103
1.444655 9.395545 0.556536 44.422841
6.423322 4.059310 -5.796455 185.884190
5.823004 6.566120 -4.933791 165.100170
6.085957 5.144170 -6.822315 175.166642
6.780352 2.937103 -3.124512 196.632944
6.426326 4.700840 -1.355784 182.237359
6.127212 4.918263 -4.037921 173.679299
4.787750 9.238258 -4.210849 133.587072
1.000000 7.969558 0.697246 34.564103
1.000000 7.969558 0.697246 34.564103
1.000000 7.969558 0.697246 34.564103
6.038131 5.781504 -7.707233 174.931762
5.347764 10.095924 -6.983509 150.640658
3.193806 11.778267 -0.756691 87.401496
4.664073 12.987633 -5.195476 126.590250
4.610142 11.721348 -9.064371 133.793872
5.510695 9.402532 -5.740590 156.105207
4.006125 13.004124 -6.341559 112.122544
6.370078 3.571512 -4.621097 182.472146
6.616224 2.992616 -1.480639 189.367024
1.000000 7.969558 0.697246 34.564103
1.000000 7.969558 0.697246 34.564103
1.000000 7.969558 0.697246 34.564103
1.000000 7.969558 0.697246 34.564103
1.000000 7.969558 0.697246 34.564103
1.000000 7.969558 0.697246 34.564103
1.000000 7.969558 0.697246 34.564103
1.000000 7.969558 0.697246 34.564103
1.000000 7.969558 0.697246 34.564103
1.000000 7.969558 0.697246 34.564103
6.146792 5.534404 -2.599975 173.010234
6.779204 2.267979 0.210788 195.445862
6.164771 4.753328 1.541683 173.266925
6.524691 2.107316 3.716934 186.331277
1.000000 7.969558 0.697246 34.564103
4.543917 9.125047 3.955176 124.268632
5.764951 8.212110 6.153653 160.425124
1.000000 7.969558 0.697246 34.564103
4.406116 10.954813 -0.167649 117.728768
5.163927 8.391385 -1.161272 141.145708
6.760699 1.809867 2.863788 194.956250
6.441747 3.362631 1.813334 182.929099
6.560221 2.164481 1.508227 187.177881
6.440303 4.627462 4.093948 183.497697
6.371925 4.059360 5.008996 181.039951
6.360607 3.432659 3.068793 180.231607
6.447262 2.592793 4.660404 183.666730
6.642645 2.510156 5.772311 191.386865
6.395047 3.235141 7.041972 182.924658
6.357758 4.900242 6.019131 180.294042
6.352198 3.611905 8.118618 182.584409
1.000000 7.969558 0.697246 34.564103
6.368703 6.497979 6.500435 179.996812
1.000000 7.969558 0.697246 34.564103
5.812691 7.356845 10.867386 165.191052
6.355685 4.330431 6.988127 180.877324
5.943521 4.873111 9.710451 170.212037
1.000000 7.969558 0.697246 34.564103
1.000000 7.969558 0.697246 34.564103
1.000000 7.969558 0.697246 34.564103
1.000000 7.969558 0.697246 34.564103
1.000000 7.969558 0.697246 34.564103
1.000000 7.969558 0.697246 34.564103
1.000000 7.969558 0.697246 34.564103
1.000000 7.969558 0.697246 34.564103
1.000000 7.969558 0.697246 34.564103
1.000000 7.969558 0.697246 34.564103
1.000000 7.969558 0.697246 34.564103
1.000000 7.969558 0.697246 34.564103
1.000000 7.969558 0.697246 34.564103
1.000000 7.969558 0.697246 34.564103
1.000000 7.969558 0.697246 34.564103
1.000000 7.969558 0.697246 34.564103
1.000000 7.969558 0.697246 34.564103
1.000000 7.969558 0.697246 34.564103
1.000000 7.969558 0.697246 34.564103
1.000000 7.969558 0.697246 34.564103
1.000000 7.969558 0.697246 34.564103
1.000000 7.969558 0.697246 34.564103
1.000000 7.969558 0.697246 34.564103
1.000000 7.969558 0.697246 34.564103
1.000000 7.969558 0.697246 34.564103
1.000000 7.969558 0.697246 34.564103
1.000000 7.969558 0.697246 34.564103
1.000000 7.969558 0.697246 34.564103
1.000000 7.969558 0.697246 34.564103
1.118330 8.666731 0.474271 37.899628
1.000000 7.969558 0.697246 34.564103
5.751409 5.636083 10.311642 164.350972
1.000000 7.969558 0.697246 34.564103
1.000000 7.969558 0.697246 34.564103
5.391295 9.396980 0.085492 147.706384
5.897000 6.784187 3.830116 165.245790
1.000000 7.969558 0.697246 34.564103
1.000000 7.969558 0.697246 34.564103
1.000000 7.969558 0.697246 34.564103
5.611566 8.801622 11.739463 160.183849
4.915533 7.613168 11.013623 141.081854
1.681145 7.327021 2.734459 49.927262
2.836143 8.482922 7.620511 85.913009
0.843277 4.016923 1.771224 24.714011
5.690192 9.679739 12.135818 161.529597
5.001721 9.395689 11.545515 144.124492
4.717340 8.245943 11.108949 136.317489
4.558954 11.893461 11.589594 133.053562
5.505651 6.229342 10.667347 157.553407
5.355305 7.034922 11.052324 153.355919
6.099480 5.265386 8.833147 173.109985
6.114600 6.366241 9.618388 173.493809
6.101123 4.316002 9.020815 174.326459
5.815917 6.498063 10.244911 165.313687
1.982333 10.491606 2.193214 57.098319
5.104023 10.967131 6.864103 137.398695
1.511064 9.939527 2.197942 47.059940
4.567877 11.374986 9.089925 126.487290
5.104424 11.187943 10.459161 142.534298
1.000000 7.969558 0.697246 34.564103
1.000000 7.969558 0.697246 34.564103
1.000000 7.969558 0.697246 34.564103
1.000000 7.969558 0.697246 34.564103
1.000000 7.969558 0.697246 34.564103
1.000000 7.969558 0.697246 34.564103
1.000000 7.969558 0.697246 34.564103
1.000000 7.969558 0.697246 34.564103
1.000000 7.969558 0.697246 34.564103
1.000000 7.969558 0.697246 34.564103
1.000000 7.969558 0.697246 34.564103
1.000000 7.969558 0.697246 34.564103
1.029839 8.092008 0.729595 35.235814
4.126540 11.688840 7.581104 112.351452
6.193159 6.581888 7.912299 173.936920
6.082364 8.503980 10.611209 170.859862
1.606305 9.716808 1.633469 48.298972
1.000000 7.969558 0.697246 34.564103
1.000000 7.969558 0.697246 34.564103
1.000000 7.969558 0.697246 34.564103
1.000000 7.969558 0.697246 34.564103
1.000000 7.969558 0.697246 34.564103
1.000000 7.969558 0.697246 34.564103
1.000000 7.969558 0.697246 34.564103
1.000000 7.969558 0.697246 34.564103
1.000000 7.969558 0.697246 34.564103
1.000000 7.969558 0.697246 34.564103
1.000000 7.969558 0.697246 34.564103
1.000000 7.969558 0.697246 34.564103
1.000000 7.969558 0.697246 34.564103
1.000000 7.969558 0.697246 34.564103
1.000000 7.969558 0.697246 34.564103
1.000000 7.969558 0.697246 34.564103
1.000000 7.969558 0.697246 34.564103
1.000000 7.969558 0.697246 34.564103
1.000000 7.969558 0.697246 34.564103
1.000000 7.969558 0.697246 34.564103
1.000000 7.969558 0.697246 34.564103
1.000000 7.969558 0.697246 34.564103
1.000000 7.969558 0.697246 34.564103
1.000000 7.969558 0.697246 34.564103
1.000000 7.969558 0.697246 34.564103
1.000000 7.969558 0.697246 34.564103
1.000000 7.969558 0.697246 34.564103
1.000000 7.969558 0.697246 34.564103
1.000000 7.969558 0.697246 34.564103
1.000000 7.969558 0.697246 34.564103
1.000000 7.969558 0.697246 34.564103
1.000000 7.969558 0.697246 34.564103
5.177446 11.669488 12.944732 148.359738
5.177205 11.933151 13.265667 149.529302
4.634907 13.667755 11.613223 131.703708
1.000000 7.969558 0.697246 34.564103
1.000000 7.969558 0.697246 34.564103
1.000000 7.969558 0.697246 34.564103
1.000000 7.969558 0.697246 34.564103
1.000000 7.969558 0.697246 34.564103
1.000000 7.969558 0.697246 34.564103
1.000000 7.969558 0.697246 34.564103
1.000000 7.969558 0.697246 34.564103
1.000000 7.969558 0.697246 34.564103
1.000000 7.969558 0.697246 34.564103
1.000000 7.969558 0.697246 34.564103
1.000000 7.969558 0.697246 34.564103
1.000000 7.969558 0.697246 34.564103
1.000000 7.969558 0.697246 34.564103
1.000000 7.969558 0.697246 34.564103
1.216862 8.776085 0.889176 39.434075
1.000000 7.969558 0.697246 34.564103
1.000000 7.969558 0.697246 34.564103
1.000000 7.969558 0.697246 34.564103
1.000000 7.969558 0.697246 34.564103
1.000000 7.969558 0.697246 34.564103
1.000000 7.969558 0.697246 34.564103
1.320970 9.764375 1.616668 43.863129
1.191502 9.195218 1.214978 40.507198
1.000000 7.969558 0.697246 34.564103
1.000000 7.969558 0.697246 34.564103
1.000000 7.969558 0.697246 34.564103
1.000000 7.969558 0.697246 34.564103
1.000000 7.969558 0.697246 34.564103
1.000000 7.969558 0.697246 34.564103
1.000000 7.969558 0.697246 34.564103
1.000000 7.969558 0.697246 34.564103
1.000000 7.969558 0.697246 34.564103
1.000000 7.969558 0.697246 34.564103
1.000000 7.969558 0.697246 34.564103
5.864019 8.385249 11.099760 165.526016
5.494647 7.735693 11.127966 156.612091
5.748685 11.690743 12.604628 162.742435
5.455341 10.861373 13.040385 156.753045
3.233919 11.265742 8.064075 96.687135
1.846063 11.237366 2.990252 56.369429
4.169208 14.608305 11.590135 121.697346
1.345149 9.575085 1.593796 43.575969
2.258682 11.808470 4.526109 67.418363
2.575128 12.963138 5.460991 76.830646
1.000000 7.969558 0.697246 34.564103
1.152609 8.847589 1.098159 38.881086
1.000000 7.969558 0.697246 34.564103
1.000000 7.969558 0.697246 34.564103
2.496782 14.375178 6.208576 78.691415
1.131416 8.810153 1.069094 38.669291
1.000000 7.969558 0.697246 34.564103
1.000000 7.969558 0.697246 34.564103
1.000000 7.969558 0.697246 34.564103
1.000000 7.969558 0.697246 34.564103
1.000000 7.969558 0.697246 34.564103
1.009906 8.011752 0.738909 34.800444
1.184578 8.785430 1.209173 39.055977
3.987871 13.433052 8.261941 110.720229
1.000000 7.969558 0.697246 34.564103
1.448665 10.071590 2.067552 46.519273
5.848685 9.352197 11.921798 165.525041
4.145460 13.269306 9.112075 116.773120
5.110134 13.428993 12.644825 145.404662
5.152048 9.430805 11.920525 147.492931
4.118427 10.257747 10.661314 120.770861
1.195762 8.999120 1.200741 39.794418
1.000000 7.969558 0.697246 34.564103
1.000000 7.969558 0.697246 34.564103
2.393027 11.641971 3.951273 68.979478
1.000000 7.969558 0.697246 34.564103
1.000000 7.969558 0.697246 34.564103
1.000000 7.969558 0.697246 34.564103
1.000000 7.969558 0.697246 34.564103
1.000000 7.969558 0.697246 34.564103
1.000000 7.969558 0.697246 34.564103
1.000000 7.969558 0.697246 34.564103
1.000000 7.969558 0.697246 34.564103
1.000000 7.969558 0.697246 34.564103
4.073649 11.279512 0.143067 108.449700
6.315803 6.028035 -0.055682 177.740865
4.768388 7.839388 1.457234 129.129226
3.919187 11.312141 3.562903 105.016406
6.275558 8.220924 9.036020 175.545475
6.279303 5.237293 7.998051 178.075140
6.146957 7.708880 9.794249 172.932218
5.395440 10.445541 9.002177 147.955682
1.000000 7.969558 0.697246 34.564103
2.227486 10.363302 1.785516 62.876467
1.453694 9.615335 1.768858 45.200562
3.215561 13.420803 8.764409 98.231591
2.273395 10.236338 4.882507 69.291807
2.582841 11.633073 6.304728 79.309450
1.000000 7.969558 0.697246 34.564103
1.000000 7.969558 0.697246 34.564103
0.886035 4.139254 1.785023 25.696751
1.000000 7.969558 0.697246 34.564103
1.000000 7.969558 0.697246 34.564103
1.000000 7.969558 0.697246 34.564103
1.000000 7.969558 0.697246 34.564103
1.000000 7.969558 0.697246 34.564103
1.000000 7.969558 0.697246 34.564103
1.000000 7.969558 0.697246 34.564103
1.000000 7.969558 0.697246 34.564103
1.000000 7.969558 0.697246 34.564103
1.000000 7.969558 0.697246 34.564103
1.000000 7.969558 0.697246 34.564103
1.000000 7.969558 0.697246 34.564103
1.000000 7.969558 0.697246 34.564103
1.000000 7.969558 0.697246 34.564103
1.000000 7.969558 0.697246 34.564103
1.000000 7.969558 0.697246 34.564103
1.000000 7.969558 0.697246 34.564103
1.000000 7.969558 0.697246 34.564103
1.000000 7.969558 0.697246 34.564103
1.000000 7.969558 0.697246 34.564103
1.000000 7.969558 0.697246 34.564103
1.000000 7.969558 0.697246 34.564103
1.000000 7.969558 0.697246 34.564103
1.000000 7.969558 0.697246 34.564103
1.000000 7.969558 0.697246 34.564103
1.000000 7.969558 0.697246 34.564103
1.000000 7.969558 0.697246 34.564103
1.000000 7.969558 0.697246 34.564103
1.000000 7.969558 0.697246 34.564103
1.000000 7.969558 0.697246 34.564103
1.000000 7.969558 0.697246 34.564103
1.000000 7.969558 0.697246 34.564103
1.552696 11.486090 2.403648 52.455911
1.000000 7.969558 0.697246 34.564103
1.000000 7.969558 0.697246 34.564103
1.000000 7.969558 0.697246 34.564103
1.000000 7.969558 0.697246 34.564103
1.000000 7.969558 0.697246 34.564103
1.000000 7.969558 0.697246 34.564103
1.000000 7.969558 0.697246 34.564103
1.000000 7.969558 0.697246 34.564103
1.000000 7.969558 0.697246 34.564103
1.000000 7.969558 0.697246 34.564103
1.000000 7.969558 0.697246 34.564103
1.000000 7.969558 0.697246 34.564103
1.566285 11.408696 2.551814 52.685444
1.362349 10.439700 1.682087 46.437845
1.254326 9.697873 1.380850 42.863596
1.000000 7.969558 0.697246 34.564103
1.000000 7.969558 0.697246 34.564103
1.000000 7.969558 0.697246 34.564103
1.557135 11.238219 2.511911 52.122220
1.557163 11.238353 2.511991 52.122951
1.000000 7.969558 0.697246 34.564103
1.000000 7.969558 0.697246 34.564103
1.000000 7.969558 0.697246 34.564103
1.000000 7.969558 0.697246 34.564103
1.000000 7.969558 0.697246 34.564103
1.000000 7.969558 0.697246 34.564103
0.099418 0.409401 -0.268406 2.556013
0.060247 0.262325 -0.184845 1.585337
0.136812 0.685678 -0.319095 3.775807
0.154276 0.791070 -0.360487 4.302018
0.009180 0.038676 -0.039395 0.223898
1.142668 8.996760 1.032809 39.321671
1.000000 7.969558 0.697246 34.564103
1.173181 9.180701 1.135605 40.274244
1.173193 9.180777 1.135634 40.274597
0.089620 0.470933 -0.180473 2.373851
0.125047 0.635029 -0.269299 3.359400
0.579369 3.235157 -0.120234 17.711085
0.716607 3.862816 0.082847 21.698896
0.481701 2.590724 -0.163253 14.301488
0.174120 0.924559 -0.229787 4.794443
0.134625 0.741467 -0.081564 3.606620
0.058521 0.337082 -0.091410 1.574555
0.424545 2.316906 -0.284096 12.664972
0.215992 1.127602 -0.323697 6.010034
0.205250 1.077728 -0.325702 5.746949
0.156718 0.779246 -0.286721 4.167546
0.066860 0.314657 -0.214609 1.819521
0.530618 2.847363 0.709024 15.971929
0.078416 0.496972 0.011979 2.218094
0.561896 2.968011 0.178107 16.684314
0.057062 0.329449 -0.089616 1.536525
1.093782 6.111306 1.291170 34.135103
1.954283 10.257715 4.373032 61.086106
2.637042 15.468398 6.840153 84.280872
2.788170 15.277080 7.393818 87.208451
1.861556 9.348131 3.681441 57.431486
1.452977 7.744131 2.339279 45.309539
2.721826 12.857815 7.066790 83.612214
1.462403 10.381659 2.166173 48.080992
3.219374 15.479992 9.085121 98.819683
1.467583 10.364277 2.155593 48.032218
3.681649 13.778108 10.271783 111.001644
2.630569 14.474229 6.299445 80.574346
2.010764 12.676507 4.206548 64.048543
3.510531 14.571867 8.898599 103.616489
3.146144 12.887266 8.487782 96.502554
3.375399 14.608527 9.286491 102.145575
1.417383 7.051221 2.076612 43.422200
1.611282 8.097418 2.617142 49.668036
1.610976 8.108129 2.644760 49.553977
2.582873 11.633110 6.304683 79.309933
2.158523 9.466812 4.667894 66.195057
0.228466 1.203008 -0.380166 6.474174
0.201927 1.055903 -0.217406 5.477009
0.102822 0.530768 -0.198836 2.708301
0.471936 2.757859 -0.283551 14.707001
0.891681 5.063065 0.584586 27.842136
0.463196 2.643039 -0.298227 14.273583
0.624506 3.587136 -0.044489 19.383418
0.735861 4.179917 0.165400 22.738640
0.886391 4.907832 0.550268 27.540797
0.715473 3.873098 0.102883 21.625417
0.363171 2.012869 -0.344031 10.945913
0.142386 0.777195 -0.075084 3.784357
0.382164 1.186031 -0.092138 9.675297
0.176907 0.667252 -0.166783 4.436048
0.447840 1.424239 0.218203 11.755441
0.167236 0.682527 0.497588 4.512150
0.271763 1.546718 -0.418631 8.292274
0.246631 1.267124 -0.404310 7.101492
0.335671 1.314280 -0.088956 8.923263
0.505407 1.823348 0.168397 13.631276
0.375997 1.383316 -0.052857 9.870281
0.486579 1.726102 0.232549 13.037525
0.509409 1.931593 0.223613 13.866917
0.332387 1.556299 0.629351 9.457065
0.555289 2.542312 0.208872 15.891202
1.565922 11.419554 2.554024 52.735905
0.593402 3.687386 0.309229 18.657986
0.597724 3.739127 0.321642 18.831908
0.722512 4.611259 0.607301 23.165297
1.413797 9.104694 2.558331 45.959513
1.413795 9.104731 2.558352 45.959644
0.756639 4.993131 0.799716 24.471863
1.196536 8.269896 1.836426 39.546834
0.863850 5.731537 1.036771 28.051681
0.016237 0.065310 -0.059504 0.383728
0.054242 0.157655 -0.148843 1.291297
0.069035 0.304150 -0.213544 1.812606
0.229726 0.916497 0.507572 6.225406
0.155968 0.797579 -0.360637 4.339120
0.142381 0.714816 -0.341786 3.944873
0.161829 0.834888 -0.388530 4.563952
0.540458 2.713553 0.070618 15.811161
0.512569 2.347738 0.114279 14.648545
0.527536 2.325122 0.103850 14.938097
0.465805 2.243906 0.424413 13.378269
0.562507 2.652776 0.202463 16.236196
0.530993 3.127118 0.532044 16.456224
0.553254 2.795254 0.224555 16.287515
0.763902 3.822988 0.599565 22.228170
0.427856 2.345794 -0.080417 12.889732
1.407437 7.000447 2.070576 43.212683
2.075173 9.273427 4.469365 64.067804
1.477527 6.860913 2.096793 44.121636
1.303125 6.353722 1.686398 39.592710
0.441459 2.537365 -0.318574 13.680277
1.843604 9.257899 3.600091 57.267297
0.621271 3.576152 -0.043800 19.326402
0.880419 4.884314 0.539537 27.386208
0.583187 3.239434 -0.128051 17.800335
0.473114 2.761949 -0.283667 14.725953
4.327251 12.264764 11.625665 127.101580
3.629389 13.339295 10.175769 109.415283
4.095068 14.396370 12.082399 122.925003
0.149144 0.875413 0.020027 4.120320
0.809446 4.266467 0.251359 24.251832
0.572843 3.009975 0.164805 16.945543
0.404142 2.220908 -0.253844 12.156528
3.335649 9.956270 8.045749 98.616983
2.794833 9.640462 6.866415 84.416137
1.392449 6.532581 2.005436 42.247456
3.208478 11.401117 8.166736 95.859567
3.080330 12.004327 5.136080 83.902640
4.536510 14.386487 12.303993 131.886912
2.522085 12.833891 5.477945 75.753444
0.238678 1.287681 -0.417575 6.940455
0.371264 2.061826 -0.357935 11.170666
0.160198 0.824663 -0.382828 4.510685
0.222436 1.206979 -0.427428 6.511134
0.163496 0.843406 -0.385404 4.600448
0.223360 1.179264 -0.380797 6.348079
0.145708 0.730321 -0.281761 3.916226
0.159323 0.798195 -0.336340 4.345875
0.125052 0.635046 -0.269307 3.359490
0.231908 0.977548 0.531926 6.370376
0.301204 0.882125 -0.005957 7.477917
0.258291 1.007935 -0.257767 6.650100
0.100015 0.448044 -0.276689 2.652316
0.109387 0.434203 0.135617 2.631352
0.345278 1.962222 -0.406853 10.542045
0.331693 1.861713 -0.390617 10.061759
0.301930 1.721270 -0.428629 9.249269
0.194081 1.045358 -0.419528 5.672549
0.301938 1.721301 -0.428643 9.249436
0.206094 1.138860 -0.432914 6.159834
0.137523 0.688937 -0.337984 3.818087
0.375907 1.588647 -0.175262 10.202487
0.146620 0.744154 -0.363645 4.105836
0.424692 1.673387 0.382455 11.536310
0.335815 1.966078 -0.415392 10.435795
1.449956 10.061283 2.475843 48.085236
1.562966 11.377219 2.545941 52.559981
1.526661 11.211433 2.373342 51.397832
0.581560 3.122703 0.232860 17.445555
0.575983 3.226182 0.294552 17.521145
0.578053 3.407228 0.268134 17.864767
0.569560 3.569588 0.194611 17.954713
0.760889 4.846122 0.694027 24.356136
0.569504 3.561974 0.174860 17.995417
0.565786 3.147700 0.181960 17.148450
0.570094 3.564040 0.175872 18.009659
0.558097 3.055303 0.083225 16.780210
0.544288 3.323542 0.074282 17.051229
0.536186 3.301921 0.061744 16.870535
0.556703 2.657565 0.198307 16.120243
0.552734 2.845493 0.229845 16.357863
0.551717 3.123372 0.116740 16.809589
0.901891 5.593502 1.016274 28.879508
0.915739 5.362048 0.927441 28.519566
0.742336 4.468563 0.503374 23.327489
1.420530 8.412522 2.582750 45.302336
0.453389 1.991473 0.437135 12.655402
0.550909 2.495601 0.275181 15.642252
0.457698 2.446019 0.576810 13.616853
0.404303 2.288677 0.657285 12.351037
0.518203 3.099948 0.577546 16.303961
0.541604 2.541088 0.267103 15.552992
0.505675 2.078931 0.076648 14.004570
0.415800 2.349403 -0.219794 12.563806
0.432759 1.707417 -0.080420 11.652282
0.492706 2.204486 0.026760 14.001882
0.364224 1.774692 -0.266684 10.425999
0.552359 3.087734 0.201947 16.754435
0.527970 3.171762 0.493489 16.445363
0.514572 3.087500 0.552535 16.099760
0.681629 4.239803 0.313469 21.760919
0.740434 5.021236 0.120824 24.025042
0.694969 4.605728 0.141755 22.395401
0.874990 6.016722 0.037255 28.536459
1.088410 7.630911 -0.239509 35.903443
0.530874 3.103009 0.293467 16.332729
0.555279 3.177177 0.182834 16.970254
0.528237 2.977773 0.212613 16.069333
0.527262 2.921620 0.236138 15.963028
0.669058 4.369195 0.146061 21.467539
0.217704 1.177628 -0.417885 6.365222
0.335805 1.966043 -0.415380 10.435616
0.357141 2.117060 -0.410015 11.124663
1.182884 6.428079 1.360408 36.729199
1.175029 6.405689 1.328056 36.723424
0.733890 4.173623 0.160264 22.727023
0.567992 3.305656 -0.139677 17.655935
0.892699 5.064417 0.589881 27.836295
0.912057 5.033258 0.559126 28.039186
0.923469 5.705666 1.067949 29.496826
0.742324 4.468526 0.503383 23.327291
0.896277 5.198545 0.828975 28.088654
0.659381 3.872634 0.101174 20.469786
0.483880 2.887996 -0.129469 14.988383
0.589194 3.593496 0.265578 18.398284
0.574771 3.176648 0.293851 17.402440
0.593772 3.586965 0.362418 18.487386
2.393822 12.089284 5.975274 74.356871
2.400202 13.989321 5.979216 76.790374
1.420527 8.412556 2.582781 45.302457
1.826670 12.329022 3.556098 59.991070
1.000000 7.969558 0.697246 34.564103
1.826711 12.329194 3.556215 59.992102
0.920723 5.772491 1.102418 29.385173
1.585374 11.001686 2.838618 52.576282
1.000000 7.969558 0.697246 34.564103
2.340689 11.495195 5.666156 72.513524
2.765552 14.961469 7.268131 86.365391
3.179661 15.318743 8.918805 97.753814
3.309428 14.713692 9.108960 100.075241
2.273906 10.246407 4.899636 69.227951
1.965032 10.470987 4.481554 61.560477
1.460314 7.781623 2.394129 45.288700
2.500741 14.488497 6.338890 79.710374
1.537775 8.558964 3.007721 48.597937
1.699181 9.831783 3.488837 53.878387
1.100285 6.169394 1.369206 34.143182
0.568018 3.305519 -0.141388 17.664559
0.483900 2.888073 -0.129472 14.988811
0.540727 3.227967 -0.113995 16.914718
0.560289 3.343669 -0.084891 17.506776
0.652518 3.845150 0.047518 20.469185
0.506137 2.997690 -0.225237 15.918936
0.436158 2.287145 -0.312024 12.890296
0.371385 2.114749 -0.364287 11.343694
0.354373 1.780677 -0.256900 10.261980
0.417363 2.338841 -0.230771 12.594660
1.672449 10.673445 3.340715 54.240832
1.000000 7.969558 0.697246 34.564103
1.000000 7.969558 0.697246 34.564103
1.000000 7.969558 0.697246 34.564103
1.000000 7.969558 0.697246 34.564103
1.000000 7.969558 0.697246 34.564103
1.000000 7.969558 0.697246 34.564103
1.000000 7.969558 0.697246 34.564103
1.000000 7.969558 0.697246 34.564103
1.000000 7.969558 0.697246 34.564103
0.530583 2.710803 0.416128 15.562018
0.250690 1.273527 -0.412898 7.186695
0.449468 2.482374 0.556139 13.552122
1.561122 10.968673 -0.968604 51.625203
1.678624 12.466978 -0.685262 56.399142
1.561131 10.968670 -0.968622 51.625273
1.677388 12.019419 -1.058287 55.819402
1.495911 10.696387 -0.778681 49.709683
0.555310 3.177266 0.182842 16.970861
0.514721 3.037648 0.168111 15.886263
0.501833 2.992005 0.258036 15.530302
0.761922 4.898984 0.142170 24.570682
0.856625 5.726216 0.024221 27.864524
0.521359 2.775527 0.397430 15.524754
0.526328 3.082677 0.430755 16.214066
0.573237 2.898491 0.259358 16.833819
0.668946 3.843500 0.478095 20.806299
1.859503 10.628668 -2.194595 58.517195
1.278174 7.206688 -0.608743 39.833881
2.220617 12.356392 -3.206210 69.351069
1.473030 9.365783 -1.190677 47.421675
1.072074 6.482278 -0.244958 33.931921
2.177323 14.240631 -2.487970 70.217803
1.303892 7.379962 -0.672230 40.344154
1.528896 10.381697 -1.074754 49.971828
2.034090 12.734295 -2.550927 65.408187
1.995159 12.229357 -2.459247 63.680632
2.138136 14.590634 -2.254945 70.120733
1.000000 7.969558 0.697246 34.564103
1.056092 8.366080 0.619802 36.333421
1.086815 8.514064 0.555181 37.092322
1.086832 8.514163 0.555160 37.092766
2.105480 14.635890 -2.005941 69.219277
1.098736 7.094953 -0.424011 35.528744
1.520648 10.330465 -1.059464 49.725871
0.856622 5.726232 0.024214 27.864569
1.651815 12.033213 -0.789347 55.070756
0.562516 2.897013 0.249257 16.625726
0.529835 3.091507 0.439168 16.300104
0.569102 3.169803 0.316572 17.205701
0.594931 3.762721 0.301153 18.978453
0.653935 4.309204 0.237063 21.153464
0.556395 3.145388 0.291892 16.922479
0.761917 4.898989 0.142158 24.570665
0.594948 3.762778 0.301157 18.978797
0.934814 6.345595 -0.040447 30.440934
1.478634 10.069432 -0.984012 48.465301
0.878052 6.039334 0.034149 28.634044
0.578377 3.520857 0.255825 18.111536
0.652610 4.288105 0.236881 21.082605
0.588195 3.676044 0.237913 18.606957
0.534701 2.851283 0.214885 15.987128
0.590186 3.611676 0.210921 18.494341
0.590215 3.611774 0.210921 18.494947
0.711352 4.268082 0.367726 22.431659
0.748385 4.634867 0.233539 23.799925
0.507841 3.013117 0.579078 15.915217
0.619533 3.909644 0.510623 19.649273
0.606457 3.868359 0.494999 19.297824
0.816758 5.526586 0.930673 26.657651
1.261867 8.834476 1.981153 41.888352
0.565160 3.077933 0.229050 16.979704
0.581534 3.429611 0.283014 17.977628
0.517313 2.771180 0.393720 15.443041
0.564287 2.884043 0.239317 16.653711
0.548819 2.748809 0.102369 16.051887
0.551970 2.781741 0.220978 16.244370
0.575645 3.172225 0.166895 17.380528
1.200849 8.298270 1.847526 39.681785
0.376249 1.166346 0.358195 9.751653
0.268080 1.081931 0.529035 7.199966
0.331178 1.634730 0.729160 9.533103
0.329469 1.539261 0.653477 9.506144
0.479034 2.228424 0.427048 13.587702
0.517469 2.087229 0.358933 14.216030
0.372323 1.975151 0.693094 11.054520
0.388104 2.072497 0.768975 11.654449
0.406772 2.277138 0.675951 12.404324
0.381336 2.082180 0.734444 11.509896
0.457069 2.585910 0.674221 14.009742
0.312914 1.467759 0.736523 8.836006
0.325202 1.621259 0.740088 9.386994
0.327054 1.034015 0.646972 8.426661
0.304043 1.459740 0.675150 8.757172
0.331602 1.272505 0.372909 8.909477
0.296420 1.396911 0.648858 8.533412
0.359154 1.558886 0.761477 9.947714
0.271927 1.316323 0.735802 7.841444
0.339462 1.542414 0.718650 9.536356
0.417424 2.131718 0.792431 12.297675
0.362726 1.673672 0.662923 10.336136
0.516882 2.903926 0.667739 15.818428
0.384265 2.085127 0.753592 11.613360
0.335972 1.730469 0.704555 9.875864
0.329461 1.699155 0.728535 9.696955
0.538642 2.995161 0.688485 16.489227
0.390699 2.124263 0.754929 11.807427
0.385088 1.999281 0.775426 11.364109
0.330922 1.633049 0.728934 9.526899
0.344051 1.547151 0.647966 9.676593
0.321908 1.534062 0.661380 9.256920
0.525255 2.862854 0.712572 16.002729
0.323503 1.514342 0.660456 9.277661
0.583337 3.632498 0.441968 18.390001
0.757220 4.997115 0.801119 24.490277
1.449964 10.061288 2.475860 48.085324
0.958804 6.364858 1.264800 31.182893
1.584171 10.976432 2.831035 52.478165
1.348536 10.201732 1.738401 45.805458
1.348518 10.201630 1.738349 45.804944
1.219296 9.468979 1.287391 41.777361
1.000000 7.969558 0.697246 34.564103
0.593745 3.586870 0.362398 18.486827
0.684590 4.406540 0.626176 21.917812
0.745358 4.752783 0.657752 23.880788
0.537898 3.224889 -0.058493 16.706207
0.863840 5.731514 1.036766 28.051540
0.931005 6.097614 1.180425 30.218510
0.683942 4.398943 0.623588 21.898549
0.930999 6.097612 1.180429 30.218474
0.523488 2.964558 0.219408 15.953724
0.555560 3.290440 0.334192 17.180136
0.532979 2.930359 0.227111 16.093030
0.560873 3.227493 0.178821 17.177170
0.539472 2.938668 0.242226 16.244977
0.568288 3.166303 0.302146 17.262700
0.546817 2.866325 0.243365 16.270690
0.550001 3.040148 0.198120 16.617007
0.553665 2.855400 0.230171 16.391458
0.556170 2.873247 0.229015 16.472167
0.619553 3.912294 0.511924 19.652432
0.560844 3.297991 0.323840 17.295119
0.525874 3.124316 0.314926 16.269877
0.582102 3.592344 0.125014 18.247977
1.205663 8.547833 -0.372734 39.926500
0.807364 5.444835 0.091744 26.249617
1.130815 7.921591 -0.299379 37.244777
1.608815 11.285242 -1.051450 53.113313
1.130820 7.921578 -0.299383 37.244767
1.384369 9.930945 -0.598659 46.061725
0.931620 6.532146 -0.051553 30.669138
1.205668 8.547815 -0.372744 39.926476
0.758591 5.178999 0.055702 24.689618
0.695123 4.609380 0.141923 22.405599
0.631478 4.078868 0.113893 20.113610
0.931608 6.532122 -0.051540 30.668977
0.631500 4.078937 0.113880 20.114018
0.583794 3.608305 0.122598 18.308533
0.807372 5.444844 0.091749 26.249697
1.495918 10.696376 -0.778701 49.709708
1.057659 8.382262 0.633104 36.381836
1.016833 8.098236 0.684993 35.123092
1.000000 7.969558 0.697246 34.564103
1.151358 9.082171 0.535140 39.472742
1.716976 12.798628 -0.729011 57.814040
1.567492 11.508112 -0.681291 52.526959
1.530064 11.017095 -0.805197 50.999359
1.141641 8.986779 0.529040 39.067811
1.694256 12.553826 -0.724789 56.850533
1.434285 11.070628 0.027291 48.773851
1.051821 8.351512 0.647586 36.237120
1.000000 7.969558 0.697246 34.564103
1.114926 7.951708 -0.240207 36.973600
0.074037 0.326971 0.255962 1.974042
0.126308 0.499662 0.360451 3.256026
0.753493 3.967201 0.522492 22.538989
0.544988 3.371180 0.142158 17.084952
0.518440 3.054117 0.162513 15.986576
0.740452 5.021303 0.120806 24.025413
5.763740 6.902746 -8.473663 166.482778
3.098891 16.189703 -6.190795 96.792809
1.251876 9.470947 0.217174 41.797916
2.937143 16.726747 -5.315384 92.179004
1.251106 9.579475 0.255979 42.065854
1.000000 7.969558 0.697246 34.564103
1.000000 7.969558 0.697246 34.564103
2.177235 14.240259 -2.487781 70.215613
1.000000 7.969558 0.697246 34.564103
0.750354 4.622412 0.267150 23.919899
0.806676 4.939783 0.201528 25.583129
0.714649 4.284602 0.364530 22.520339
0.843471 5.004878 0.185775 26.439800
0.562587 3.282943 0.549598 17.482956
1.200945 7.200799 -0.488207 37.861016
1.098737 7.095008 -0.424036 35.528959
1.473026 9.365699 -1.190644 47.421330
1.941482 13.308003 -1.799687 63.602559
1.672135 11.754155 -0.881512 54.254019
1.071150 6.487450 -0.255529 33.889335
0.838525 4.959676 0.204128 26.376164
1.790121 10.327570 -2.041937 56.649616
1.060845 6.158516 -0.180070 33.158753
1.060836 6.158526 -0.180102 33.158690
0.314722 1.546098 0.739271 9.033843
2.839781 16.228618 -5.010432 89.384155
0.373856 1.846203 0.691226 10.761514
0.459341 1.729773 0.349755 12.366400
0.338791 1.702937 0.710131 9.860706
0.669427 3.859614 0.461017 20.758175
0.368717 1.969291 0.682533 10.967547
0.561494 3.264415 0.563479 17.501731
0.500763 2.936656 0.593271 15.640496
1.000000 7.969558 0.697246 34.564103
1.000000 7.969558 0.697246 34.564103
1.000000 7.969558 0.697246 34.564103
1.000000 7.969558 0.697246 34.564103
1.000000 7.969558 0.697246 34.564103
1.000000 7.969558 0.697246 34.564103
1.000000 7.969558 0.697246 34.564103
1.000000 7.969558 0.697246 34.564103
1.000000 7.969558 0.697246 34.564103
1.000000 7.969558 0.697246 34.564103
1.000000 7.969558 0.697246 34.564103
1.000000 7.969558 0.697246 34.564103
1.000000 7.969558 0.697246 34.564103
1.000000 7.969558 0.697246 34.564103
1.000000 7.969558 0.697246 34.564103
1.000000 7.969558 0.697246 34.564103
2.913295 10.967014 -1.198793 81.280899
1.733018 10.248509 -0.653599 51.847107
1.000000 7.969558 0.697246 34.564103
1.000000 7.969558 0.697246 34.564103
1.000000 7.969558 0.697246 34.564103
1.000000 7.969558 0.697246 34.564103
1.000670 7.972827 0.696635 34.579983
1.384374 9.930924 -0.598673 46.061689
1.710790 12.825539 -0.662417 57.740319
1.000000 7.969558 0.697246 34.564103
1.015933 8.090196 0.684109 35.088679
1.000000 7.969558 0.697246 34.564103
1.000000 7.969558 0.697246 34.564103
1.000000 7.969558 0.697246 34.564103
1.000000 7.969558 0.697246 34.564103
1.000000 7.969558 0.697246 34.564103
1.000000 7.969558 0.697246 34.564103
1.000000 7.969558 0.697246 34.564103
1.000000 7.969558 0.697246 34.564103
1.000000 7.969558 0.697246 34.564103
1.000000 7.969558 0.697246 34.564103
1.000000 7.969558 0.697246 34.564103
1.000000 7.969558 0.697246 34.564103
1.000000 7.969558 0.697246 34.564103
1.000000 7.969558 0.697246 34.564103
1.000000 7.969558 0.697246 34.564103
1.000000 7.969558 0.697246 34.564103
1.000000 7.969558 0.697246 34.564103
1.000000 7.969558 0.697246 34.564103
1.000000 7.969558 0.697246 34.564103
4.492429 14.547678 -8.301947 127.121199
2.632610 14.627320 -3.822171 80.264896
2.403504 10.549351 -3.770845 72.768401
3.396744 16.309034 -6.081275 101.146067
3.046487 16.513274 -5.690716 93.899086
2.674207 9.339231 -5.167150 81.592726
0.814756 3.488846 -0.744954 22.169189
2.863410 8.435527 -6.227266 87.235568
1.000000 7.969558 0.697246 34.564103
1.000000 7.969558 0.697246 34.564103
1.000000 7.969558 0.697246 34.564103
1.000000 7.969558 0.697246 34.564103
1.692586 11.589858 -0.836715 53.886469
3.343322 17.126575 -6.965258 103.538007
3.240782 14.826550 -6.224931 99.239239
4.211918 10.281843 -8.767680 123.745048
1.276613 9.586902 0.188717 42.386490
4.046771 14.907259 -8.479080 118.470718
2.140366 11.898937 -2.192405 63.902679
5.346014 9.841234 -9.069840 153.000077
3.396806 9.814381 -6.179701 100.771853
5.023840 8.279685 -9.731023 147.361808
1.000000 7.969558 0.697246 34.564103
1.057573 8.380921 0.620226 36.398309
1.941517 13.308132 -1.799768 63.603351
2.193104 14.672091 -2.477526 71.462551
1.000000 7.969558 0.697246 34.564103
1.000000 7.969558 0.697246 34.564103
1.000000 7.969558 0.697246 34.564103
1.013682 8.073250 0.688143 35.010420
1.000000 7.969558 0.697246 34.564103
1.000000 7.969558 0.697246 34.564103
1.716952 12.798512 -0.728952 57.813435
1.013386 8.070386 0.687994 34.997472
1.001176 7.978620 0.696728 34.602877
1.000000 7.969558 0.697246 34.564103
1.000000 7.969558 0.697246 34.564103
1.000000 7.969558 0.697246 34.564103
1.000000 7.969558 0.697246 34.564103
1.000000 7.969558 0.697246 34.564103
1.000000 7.969558 0.697246 34.564103
1.000000 7.969558 0.697246 34.564103
1.000000 7.969558 0.697246 34.564103
1.000000 7.969558 0.697246 34.564103
1.000000 7.969558 0.697246 34.564103
1.000000 7.969558 0.697246 34.564103
1.000000 7.969558 0.697246 34.564103
1.000000 7.969558 0.697246 34.564103
1.000000 7.969558 0.697246 34.564103
1.000000 7.969558 0.697246 34.564103
1.000000 7.969558 0.697246 34.564103
1.000000 7.969558 0.697246 34.564103
1.000000 7.969558 0.697246 34.564103
1.000000 7.969558 0.697246 34.564103
1.000000 7.969558 0.697246 34.564103
1.000000 7.969558 0.697246 34.564103
1.000000 7.969558 0.697246 34.564103
1.000000 7.969558 0.697246 34.564103
1.000000 7.969558 0.697246 34.564103
1.000000 7.969558 0.697246 34.564103
1.000000 7.969558 0.697246 34.564103
1.000000 7.969558 0.697246 34.564103
1.000000 7.969558 0.697246 34.564103
1.000000 7.969558 0.697246 34.564103
1.000000 7.969558 0.697246 34.564103
1.000000 7.969558 0.697246 34.564103
1.000000 7.969558 0.697246 34.564103
1.000000 7.969558 0.697246 34.564103
1.000000 7.969558 0.697246 34.564103
1.000000 7.969558 0.697246 34.564103
1.000000 7.969558 0.697246 34.564103
1.000000 7.969558 0.697246 34.564103
1.000000 7.969558 0.697246 34.564103
1.000000 7.969558 0.697246 34.564103
1.000000 7.969558 0.697246 34.564103
0.139955 0.695689 0.325057 3.794485
0.515953 2.555991 -0.124851 14.714635
1.484443 6.335532 -1.181237 43.634886
2.474842 9.702818 -4.489270 75.644955
1.536686 6.833446 -1.229729 45.536338
0.204589 1.094015 0.191889 5.608142
0.820610 3.877544 0.232508 23.749858
0.785749 3.780210 0.287443 22.899795
0.112714 0.606340 0.231617 3.107519
0.461281 2.292747 0.692096 13.403122
2.995755 10.467963 -5.514490 89.379715
0.910635 4.509766 0.199990 27.073458
1.447646 6.616819 -1.090025 43.319748
0.976992 4.788989 0.219593 28.772432
0.153795 0.716828 0.371924 4.124716
0.461295 2.292790 0.692115 13.403413
0.236447 1.101221 0.653437 6.712620
0.290619 1.406640 0.738820 8.407454
0.272350 1.343501 0.703794 8.017202
0.429595 2.168863 0.795476 12.640958
0.409927 2.115296 0.789033 12.074043
0.300961 1.429335 0.733943 8.551932
0.432807 2.225924 0.788626 12.684572
0.451172 2.285400 0.791995 13.171382
0.850433 4.375919 0.387825 25.368624
0.744068 3.317923 -0.787106 20.548396
0.101693 0.511329 0.277720 2.788035
0.531631 2.652756 0.779806 15.419943
0.225966 1.158655 0.249379 6.107816
0.813501 4.147721 0.449628 24.382230
4.258394 14.000268 -9.007129 125.341048
0.656344 3.525789 0.606163 19.818774
0.657323 3.521403 0.617554 19.876612
1.431906 7.020545 -0.880491 43.142320
2.325680 11.323863 -3.219707 71.362319
2.131344 11.220195 -2.926326 66.114978
3.814822 11.628244 -8.333808 112.989585
3.643041 14.380603 -7.966596 110.157517
1.633599 7.442270 -1.167283 48.475577
2.817358 10.932425 -4.556943 84.080944
3.644191 13.242307 -7.639774 109.237690
3.086966 13.172431 -6.325646 94.907750
1.387288 6.678571 -0.673902 41.865488
2.332092 9.970147 -3.471534 71.132767
2.014374 9.494756 -2.766348 62.148995
2.080931 11.039838 -2.803828 64.791541
0.332597 1.586528 0.668575 9.590505
0.324401 1.579646 0.735366 9.279210
0.367636 1.644213 0.667171 10.496117
0.464851 1.985327 0.720692 12.818258
0.532475 2.895467 0.710103 16.190311
0.391530 2.089963 0.769143 11.747132
0.410220 2.127476 0.775986 12.058350
1.245515 6.351253 -0.499225 38.058880
0.458964 2.587664 0.692941 14.107625
0.517553 2.891403 0.698138 15.913447
1.351379 6.970075 -0.593928 40.992492
1.138122 6.067979 -0.178446 34.954571
1.126523 6.052403 -0.204496 34.628478
0.798600 4.454071 0.388905 24.712742
0.721448 3.804813 0.533944 21.815922
0.759149 4.271317 0.430787 23.635527
0.761845 4.326511 0.372130 23.523219
0.236438 1.101191 0.653421 6.712427
1.000000 7.969558 0.697246 34.564103
