1.000000 7.969558 0.697246 34.564103
1.000000 7.969558 0.697246 34.564103
1.000000 7.969558 0.697246 34.564103
1.000000 7.969558 0.697246 34.564103
1.000000 7.969558 0.697246 34.564103
1.465384 10.259068 -0.213535 46.817540
3.583504 16.482276 -6.608724 106.179508
3.021614 16.767012 -5.746215 94.589710
3.447052 14.978002 -6.444660 103.699039
2.017411 10.142651 -2.390792 62.456694
1.338518 5.975154 -0.927583 39.776643
1.376821 9.737501 0.046110 44.148766
1.000000 7.969558 0.697246 34.564103
1.583067 10.574784 -0.369725 49.321284
1.080100 8.398355 0.558246 36.631519
2.559722 12.123973 -2.683387 72.191797
3.259382 15.246931 -4.882221 94.625151
2.674539 12.390536 -1.895940 75.178391
1.000000 7.969558 0.697246 34.564103
1.000000 7.969558 0.697246 34.564103
1.000000 7.969558 0.697246 34.564103
1.000000 7.969558 0.697246 34.564103
1.000000 7.969558 0.697246 34.564103
1.000000 7.969558 0.697246 34.564103
1.000000 7.969558 0.697246 34.564103
1.000000 7.969558 0.697246 34.564103
1.000000 7.969558 0.697246 34.564103
1.000000 7.969558 0.697246 34.564103
1.000000 7.969558 0.697246 34.564103
1.000000 7.969558 0.697246 34.564103
1.000000 7.969558 0.697246 34.564103
1.000000 7.969558 0.697246 34.564103
1.684298 12.193095 -0.884647 55.985300
1.000000 7.969558 0.697246 34.564103
1.000000 7.969558 0.697246 34.564103
1.000000 7.969558 0.697246 34.564103
1.324940 10.151250 0.161894 44.631422
1.000000 7.969558 0.697246 34.564103
5.480978 7.591842 -9.307273 158.946719
5.860218 8.662866 -8.180372 167.717393
4.768733 12.051484 -9.342470 135.837931
5.206515 9.561768 -9.318970 150.744363
5.431289 11.620699 -8.832824 153.180860
1.000000 7.969558 0.697246 34.564103
5.887099 6.759075 -5.918448 167.078580
1.000000 7.969558 0.697246 34.564103
1.000000 7.969558 0.697246 34.564103
1.000000 7.969558 0.697246 34.564103
1.000000 7.969558 0.697246 34.564103
1.000000 7.969558 0.697246 34.564103
1.000000 7.969558 0.697246 34.564103
1.000000 7.969558 0.697246 34.564103
1.688052 9.979796 0.361401 49.838519
6.490897 4.073137 -5.776426 186.801707
5.921341 6.474185 -4.947950 167.553743
6.145378 5.199071 -6.787780 175.999882
6.838254 2.900914 -3.119209 196.957681
6.480427 4.601112 -1.391385 182.664684
6.205999 4.874763 -4.047854 175.174643
4.975074 9.019400 -4.322700 138.954945
1.000000 7.969558 0.697246 34.564103
1.000000 7.969558 0.697246 34.564103
1.000000 7.969558 0.697246 34.564103
6.076659 5.842474 -7.730109 175.171315
5.416360 9.799523 -6.975026 152.110055
3.454054 11.844804 -0.849197 93.832062
4.804694 12.402755 -5.456621 130.511416
4.623302 11.517483 -8.840892 133.558522
5.648714 9.254246 -5.691625 159.561479
4.212774 12.747531 -6.637899 117.464819
6.434909 3.565591 -4.598658 183.276492
6.671969 2.939390 -1.513445 189.660922
1.000000 7.969558 0.697246 34.564103
1.000000 7.969558 0.697246 34.564103
1.000000 7.969558 0.697246 34.564103
1.000000 7.969558 0.697246 34.564103
1.000000 7.969558 0.697246 34.564103
1.000000 7.969558 0.697246 34.564103
1.000000 7.969558 0.697246 34.564103
1.000000 7.969558 0.697246 34.564103
1.000000 7.969558 0.697246 34.564103
1.000000 7.969558 0.697246 34.564103
6.222821 5.449304 -2.682686 174.450081
6.848250 2.271937 0.167425 196.056079
6.262464 4.790883 1.509722 175.093654
6.595113 2.159823 3.768269 187.008582
1.000000 7.969558 0.697246 34.564103
4.746154 8.982110 3.909529 129.532226
5.906027 8.101855 6.064751 163.618496
1.000000 7.969558 0.697246 34.564103
4.636025 10.676732 -0.482560 123.822260
5.338279 8.197613 -1.442520 145.908343
6.839255 1.853030 2.894306 195.839069
6.520651 3.434286 1.817675 183.983163
6.635230 2.212280 1.491584 188.017722
6.511754 4.677863 4.076931 184.360097
6.429547 4.117765 5.043251 181.431120
6.436171 3.498888 3.082653 181.181833
6.507466 2.647650 4.732041 184.048783
6.699512 2.560561 5.879915 191.658833
6.434007 3.277359 7.152262 182.764002
6.408496 4.947798 6.034741 180.552472
6.375609 3.655660 8.247726 181.990509
1.000000 7.969558 0.697246 34.564103
6.423080 6.501589 6.460563 180.488786
1.000000 7.969558 0.697246 34.564103
5.771075 7.177075 10.758445 163.191460
6.390982 4.369698 7.047964 180.679699
5.931517 4.872656 9.795136 168.732026
1.000000 7.969558 0.697246 34.564103
1.000000 7.969558 0.697246 34.564103
1.000000 7.969558 0.697246 34.564103
1.000000 7.969558 0.697246 34.564103
1.000000 7.969558 0.697246 34.564103
1.000000 7.969558 0.697246 34.564103
1.000000 7.969558 0.697246 34.564103
1.000000 7.969558 0.697246 34.564103
1.000000 7.969558 0.697246 34.564103
1.000000 7.969558 0.697246 34.564103
1.000000 7.969558 0.697246 34.564103
1.000000 7.969558 0.697246 34.564103
1.000000 7.969558 0.697246 34.564103
1.000000 7.969558 0.697246 34.564103
1.000000 7.969558 0.697246 34.564103
1.000000 7.969558 0.697246 34.564103
1.000000 7.969558 0.697246 34.564103
1.000000 7.969558 0.697246 34.564103
1.000000 7.969558 0.697246 34.564103
1.000000 7.969558 0.697246 34.564103
1.000000 7.969558 0.697246 34.564103
1.000000 7.969558 0.697246 34.564103
1.000000 7.969558 0.697246 34.564103
1.000000 7.969558 0.697246 34.564103
1.000000 7.969558 0.697246 34.564103
1.000000 7.969558 0.697246 34.564103
1.000000 7.969558 0.697246 34.564103
1.000000 7.969558 0.697246 34.564103
1.000000 7.969558 0.697246 34.564103
1.182420 9.005097 0.333261 39.653704
1.000000 7.969558 0.697246 34.564103
5.729798 5.578380 10.342964 162.719000
1.000000 7.969558 0.697246 34.564103
1.000000 7.969558 0.697246 34.564103
5.519218 9.089228 0.057619 150.725299
6.013620 6.718634 3.812804 167.797930
1.000000 7.969558 0.697246 34.564103
1.000000 7.969558 0.697246 34.564103
1.000000 7.969558 0.697246 34.564103
5.591370 8.686118 11.600776 158.762951
4.892906 7.524047 10.928388 139.526353
1.685382 7.313761 2.703425 49.739310
2.838432 8.456561 7.553288 85.407968
0.846759 4.017057 1.756523 24.651602
5.672948 9.551209 12.007376 160.247294
4.999037 9.373313 11.402994 143.203846
4.716244 8.209219 10.997057 135.448801
4.539022 11.816071 11.467370 131.876263
5.474975 6.167716 10.660406 155.652503
5.331444 6.945018 10.986634 151.744323
6.096057 5.234653 8.869866 171.957010
6.088472 6.231805 9.570334 171.826593
6.105394 4.317504 9.122314 173.306650
5.783147 6.376912 10.206548 163.450694
2.315773 11.082639 2.768022 65.018442
5.260528 10.446786 6.894235 141.733620
1.746378 10.601929 2.866865 52.737069
4.822107 11.114183 9.355465 133.381061
5.191725 10.961025 10.703137 144.705680
1.000000 7.969558 0.697246 34.564103
1.000000 7.969558 0.697246 34.564103
1.000000 7.969558 0.697246 34.564103
1.000000 7.969558 0.697246 34.564103
1.000000 7.969558 0.697246 34.564103
1.000000 7.969558 0.697246 34.564103
1.000000 7.969558 0.697246 34.564103
1.000000 7.969558 0.697246 34.564103
1.000000 7.969558 0.697246 34.564103
1.000000 7.969558 0.697246 34.564103
1.000000 7.969558 0.697246 34.564103
1.000000 7.969558 0.697246 34.564103
1.206566 8.746511 0.896436 39.167196
4.398169 11.166557 7.892864 119.589049
6.221384 6.496752 7.829558 173.863543
6.046494 8.190962 10.376369 169.365206
1.937542 10.343356 2.240194 55.970581
1.000000 7.969558 0.697246 34.564103
1.000000 7.969558 0.697246 34.564103
1.000000 7.969558 0.697246 34.564103
1.000000 7.969558 0.697246 34.564103
1.000000 7.969558 0.697246 34.564103
1.000000 7.969558 0.697246 34.564103
1.000000 7.969558 0.697246 34.564103
1.000000 7.969558 0.697246 34.564103
1.000000 7.969558 0.697246 34.564103
1.000000 7.969558 0.697246 34.564103
1.000000 7.969558 0.697246 34.564103
1.000000 7.969558 0.697246 34.564103
1.000000 7.969558 0.697246 34.564103
1.000000 7.969558 0.697246 34.564103
1.000000 7.969558 0.697246 34.564103
1.000000 7.969558 0.697246 34.564103
1.000000 7.969558 0.697246 34.564103
1.000000 7.969558 0.697246 34.564103
1.000000 7.969558 0.697246 34.564103
1.000000 7.969558 0.697246 34.564103
1.000000 7.969558 0.697246 34.564103
1.000000 7.969558 0.697246 34.564103
1.000000 7.969558 0.697246 34.564103
1.000000 7.969558 0.697246 34.564103
1.000000 7.969558 0.697246 34.564103
1.000000 7.969558 0.697246 34.564103
1.000000 7.969558 0.697246 34.564103
1.000000 7.969558 0.697246 34.564103
1.000000 7.969558 0.697246 34.564103
1.000000 7.969558 0.697246 34.564103
1.000000 7.969558 0.697246 34.564103
1.000000 7.969558 0.697246 34.564103
5.295060 11.754201 13.129136 151.049245
5.167261 11.842531 13.166085 148.673458
4.808184 13.397148 11.992468 136.282993
1.000000 7.969558 0.697246 34.564103
1.000000 7.969558 0.697246 34.564103
1.000000 7.969558 0.697246 34.564103
1.000000 7.969558 0.697246 34.564103
1.000000 7.969558 0.697246 34.564103
1.000000 7.969558 0.697246 34.564103
1.000000 7.969558 0.697246 34.564103
1.000000 7.969558 0.697246 34.564103
1.000000 7.969558 0.697246 34.564103
1.000000 7.969558 0.697246 34.564103
1.000000 7.969558 0.697246 34.564103
1.000000 7.969558 0.697246 34.564103
1.000000 7.969558 0.697246 34.564103
1.000000 7.969558 0.697246 34.564103
1.000000 7.969558 0.697246 34.564103
1.387888 9.309963 1.051566 43.215753
1.000000 7.969558 0.697246 34.564103
1.000000 7.969558 0.697246 34.564103
1.000000 7.969558 0.697246 34.564103
1.000000 7.969558 0.697246 34.564103
1.000000 7.969558 0.697246 34.564103
1.000000 7.969558 0.697246 34.564103
1.380493 10.053644 1.805699 45.537379
1.232910 9.440353 1.339258 41.764063
1.000000 7.969558 0.697246 34.564103
1.000000 7.969558 0.697246 34.564103
1.000000 7.969558 0.697246 34.564103
1.000000 7.969558 0.697246 34.564103
1.000000 7.969558 0.697246 34.564103
1.000000 7.969558 0.697246 34.564103
1.000000 7.969558 0.697246 34.564103
1.000000 7.969558 0.697246 34.564103
1.000000 7.969558 0.697246 34.564103
1.000000 7.969558 0.697246 34.564103
1.000000 7.969558 0.697246 34.564103
5.806936 8.133555 10.906762 163.244627
5.462924 7.590470 11.011985 154.840450
5.831081 11.804729 12.852584 164.514783
5.497804 10.971104 12.989738 157.208030
3.233693 11.197555 7.949872 96.104823
2.122285 11.853587 3.776930 63.261895
4.341850 14.375091 12.026116 126.206772
1.499133 10.107774 2.001350 47.396600
2.531596 12.149995 5.232984 74.163519
2.738246 13.418198 5.970743 81.130337
1.000000 7.969558 0.697246 34.564103
1.268391 9.415526 1.434095 42.026543
1.000000 7.969558 0.697246 34.564103
1.000000 7.969558 0.697246 34.564103
2.636257 14.765171 6.766289 82.586053
1.157724 8.958386 1.153486 39.458056
1.000000 7.969558 0.697246 34.564103
1.000000 7.969558 0.697246 34.564103
1.000000 7.969558 0.697246 34.564103
1.000000 7.969558 0.697246 34.564103
1.000000 7.969558 0.697246 34.564103
1.068376 8.229150 0.991732 36.136413
1.339056 9.325515 1.614826 42.722522
4.285641 13.762448 9.205782 118.463088
1.000000 7.969558 0.697246 34.564103
1.677997 10.922821 2.801057 52.465278
5.818750 9.159784 11.790695 164.061893
4.405953 13.540012 9.958075 123.771445
5.151566 13.138610 12.777607 146.461145
5.157430 9.396357 11.777179 146.791294
4.107693 10.212973 10.543424 119.768822
1.332910 9.575345 1.576831 43.281612
1.000000 7.969558 0.697246 34.564103
1.000000 7.969558 0.697246 34.564103
2.579140 11.906188 4.408340 73.662601
1.000000 7.969558 0.697246 34.564103
1.000000 7.969558 0.697246 34.564103
1.000000 7.969558 0.697246 34.564103
1.000000 7.969558 0.697246 34.564103
1.000000 7.969558 0.697246 34.564103
1.000000 7.969558 0.697246 34.564103
1.000000 7.969558 0.697246 34.564103
1.000000 7.969558 0.697246 34.564103
1.000000 7.969558 0.697246 34.564103
4.311352 11.169791 0.307379 114.557973
6.380080 5.879358 -0.091757 178.584077
4.965915 7.831056 1.530640 134.218888
4.171144 11.246006 3.681086 111.211663
6.282952 7.907602 8.814501 175.205966
6.296493 5.228347 7.998941 177.482583
6.109479 7.459043 9.628461 171.172196
5.498345 9.935978 9.099516 150.994406
1.000000 7.969558 0.697246 34.564103
2.427205 10.551396 1.793927 67.536635
1.660245 10.127333 2.011854 49.730039
3.215022 13.316194 8.642093 97.677136
2.269876 10.163315 4.786765 68.796131
2.577838 11.544281 6.188909 78.725904
1.000000 7.969558 0.697246 34.564103
1.000000 7.969558 0.697246 34.564103
0.892160 4.145772 1.769907 25.686750
1.000000 7.969558 0.697246 34.564103
1.000000 7.969558 0.697246 34.564103
1.000000 7.969558 0.697246 34.564103
1.000000 7.969558 0.697246 34.564103
1.000000 7.969558 0.697246 34.564103
1.000000 7.969558 0.697246 34.564103
1.000000 7.969558 0.697246 34.564103
1.000000 7.969558 0.697246 34.564103
1.000000 7.969558 0.697246 34.564103
1.000000 7.969558 0.697246 34.564103
1.000000 7.969558 0.697246 34.564103
1.000000 7.969558 0.697246 34.564103
1.000000 7.969558 0.697246 34.564103
1.000000 7.969558 0.697246 34.564103
1.000000 7.969558 0.697246 34.564103
1.000000 7.969558 0.697246 34.564103
1.000000 7.969558 0.697246 34.564103
1.000000 7.969558 0.697246 34.564103
1.000000 7.969558 0.697246 34.564103
1.000000 7.969558 0.697246 34.564103
1.000000 7.969558 0.697246 34.564103
1.000000 7.969558 0.697246 34.564103
1.000000 7.969558 0.697246 34.564103
1.000000 7.969558 0.697246 34.564103
1.000000 7.969558 0.697246 34.564103
1.000000 7.969558 0.697246 34.564103
1.000000 7.969558 0.697246 34.564103
1.000000 7.969558 0.697246 34.564103
1.000000 7.969558 0.697246 34.564103
1.000000 7.969558 0.697246 34.564103
1.000000 7.969558 0.697246 34.564103
1.000000 7.969558 0.697246 34.564103
1.572153 11.575442 2.480641 53.012547
1.000000 7.969558 0.697246 34.564103
1.000000 7.969558 0.697246 34.564103
1.000000 7.969558 0.697246 34.564103
1.000000 7.969558 0.697246 34.564103
1.000000 7.969558 0.697246 34.564103
1.000000 7.969558 0.697246 34.564103
1.000000 7.969558 0.697246 34.564103
1.000000 7.969558 0.697246 34.564103
1.000000 7.969558 0.697246 34.564103
1.000000 7.969558 0.697246 34.564103
1.000000 7.969558 0.697246 34.564103
1.000000 7.969558 0.697246 34.564103
1.581618 11.461380 2.617138 53.077275
1.384789 10.574342 1.755055 47.132481
1.275792 9.830844 1.446454 43.534451
1.000000 7.969558 0.697246 34.564103
1.000000 7.969558 0.697246 34.564103
1.000000 7.969558 0.697246 34.564103
1.587839 11.384484 2.622368 53.017188
1.588538 11.387821 2.624392 53.035514
1.000000 7.969558 0.697246 34.564103
1.000000 7.969558 0.697246 34.564103
1.000000 7.969558 0.697246 34.564103
1.000000 7.969558 0.697246 34.564103
1.000000 7.969558 0.697246 34.564103
1.000000 7.969558 0.697246 34.564103
0.152161 0.478412 -0.266451 3.551056
0.066073 0.277443 -0.193495 1.699016
0.143707 0.711864 -0.330517 3.923374
0.159088 0.810162 -0.370758 4.404821
0.009817 0.040856 -0.041999 0.237540
1.157333 9.097406 1.071348 39.798710
1.000000 7.969558 0.697246 34.564103
1.189109 9.284638 1.181157 40.781883
1.189417 9.286602 1.181937 40.791047
0.092928 0.484757 -0.187984 2.446154
0.129637 0.653430 -0.278921 3.459221
0.585690 3.252163 -0.131615 17.782612
0.722132 3.873084 0.071161 21.727762
0.487651 2.608023 -0.173491 14.380221
0.178450 0.941365 -0.237876 4.881502
0.138068 0.755490 -0.086701 3.674462
0.061006 0.348693 -0.096326 1.630551
0.430538 2.335884 -0.294324 12.754835
0.220751 1.145294 -0.333011 6.102996
0.210132 1.096176 -0.335139 5.844018
0.163473 0.805707 -0.296989 4.314447
0.069890 0.325889 -0.223507 1.887445
0.535663 2.859534 0.700816 16.007672
0.080299 0.505991 0.009859 2.255933
0.567048 2.980185 0.168459 16.726923
0.059069 0.338692 -0.093899 1.580649
1.097952 6.099925 1.260995 34.052440
1.944767 10.144254 4.284059 60.413747
2.693857 15.544517 7.091060 85.768478
2.882846 15.459767 7.761401 89.678424
1.858999 9.286473 3.607697 57.029214
1.454608 7.711427 2.290684 45.097220
2.707507 12.716930 6.945763 82.729120
1.532116 10.664808 2.411872 50.024600
3.296082 15.563672 9.348946 100.679708
1.537809 10.647248 2.397729 49.973971
3.692570 13.642623 10.184686 110.770298
2.784076 14.910664 6.870464 84.758498
2.152904 13.195280 4.733974 68.019580
3.614954 14.770121 9.158258 106.193370
3.137031 12.748711 8.357328 95.779570
3.420295 14.639905 9.359520 103.013730
1.422078 7.037967 2.041392 43.293586
1.614672 8.069837 2.563993 49.476541
1.614517 8.080544 2.590506 49.362018
2.578149 11.543729 6.186666 78.726528
2.153349 9.403903 4.586331 65.657956
0.233516 1.221860 -0.390061 6.572839
0.206441 1.072703 -0.225570 5.564137
0.107272 0.548983 -0.207953 2.806462
0.479333 2.782863 -0.296102 14.828870
0.899279 5.075140 0.562509 27.897560
0.469439 2.662932 -0.308397 14.364797
0.632002 3.607597 -0.058794 19.478902
0.744665 4.202392 0.147262 22.850280
0.892882 4.916731 0.532834 27.566748
0.721531 3.885316 0.090284 21.666702
0.369011 2.032860 -0.353958 11.042893
0.145742 0.790589 -0.080299 3.849111
0.440114 1.214180 0.013188 10.850205
0.273869 0.667597 -0.106509 6.394182
0.470942 1.360382 0.209316 11.955879
0.169750 0.688401 0.501530 4.545859
0.334393 1.786152 -0.362211 9.786965
0.327549 1.477385 -0.379041 8.867635
0.393694 1.384100 -0.004308 10.140083
0.560150 1.785509 0.163767 14.551048
0.455301 1.449254 0.026273 11.551235
0.530763 1.694882 0.216531 13.747047
0.541696 1.890372 0.194963 14.246675
0.377045 1.670225 0.601052 10.430093
0.577589 2.501464 0.202296 16.006455
1.581319 11.468844 2.620641 53.119165
0.637462 3.854835 0.394651 19.719642
0.642834 3.916735 0.409568 19.935867
0.751902 4.719337 0.652684 23.812866
1.405692 9.002251 2.520819 45.497223
1.405586 9.002853 2.521277 45.499102
0.778216 5.047941 0.842067 24.863217
1.207426 8.275819 1.869999 39.697979
0.884837 5.794128 1.081469 28.470793
0.018589 0.071575 -0.064621 0.426779
0.061796 0.163339 -0.153463 1.424472
0.075634 0.323112 -0.223290 1.941433
0.267847 0.973019 0.502633 6.977021
0.161142 0.818021 -0.371144 4.449517
0.150166 0.744386 -0.353632 4.109659
0.191401 0.921364 -0.406775 5.164708
0.581265 2.761441 0.130156 16.544390
0.548191 2.350721 0.142617 15.120533
0.570105 2.332633 0.122104 15.575674
0.507024 2.318983 0.375967 14.192588
0.583963 2.611458 0.201353 16.330246
0.561494 3.231243 0.518573 17.153996
0.573518 2.765667 0.225591 16.358270
0.769894 3.833374 0.586997 22.253979
0.433524 2.363314 -0.089575 12.969190
1.410863 6.983595 2.037090 43.057143
2.070866 9.213642 4.391475 63.559752
1.482344 6.851211 2.067285 43.992443
1.308370 6.349355 1.662057 39.500624
0.447852 2.558436 -0.328844 13.778221
1.844117 9.211017 3.526682 56.960090
0.628055 3.594376 -0.057245 19.408377
0.887340 4.894669 0.522194 27.421686
0.589249 3.255197 -0.138890 17.865505
0.481020 2.788641 -0.296792 14.857080
4.322983 12.143441 11.458744 126.306219
3.617626 13.133138 10.070432 108.668707
4.154874 14.208104 12.206606 124.221276
0.152110 0.887793 0.016413 4.174676
0.814783 4.273853 0.238147 24.261398
0.578927 3.025234 0.153785 17.007759
0.409887 2.239436 -0.263480 12.243966
3.332301 9.913548 7.966037 97.921956
2.796622 9.608547 6.797979 83.930223
1.396958 6.525140 1.981555 42.113365
3.202517 11.305174 8.044948 95.127548
3.387837 11.932499 5.357140 91.290002
4.585605 14.075112 12.360281 133.006852
2.689600 13.301666 5.994584 80.147607
0.243930 1.307609 -0.427789 7.043007
0.377231 2.082218 -0.368152 11.269072
0.166573 0.850000 -0.393934 4.646739
0.227797 1.227853 -0.437952 6.618530
0.168646 0.863992 -0.395924 4.710274
0.228559 1.198818 -0.390873 6.450607
0.151852 0.754505 -0.292084 4.050970
0.165518 0.822810 -0.346716 4.480776
0.129745 0.653816 -0.279116 3.461411
0.290703 1.073151 0.523506 7.588014
0.372334 0.815295 0.033129 8.856608
0.404809 1.139396 -0.139986 9.812165
0.212538 0.626887 -0.231127 4.945560
0.161305 0.485468 0.126607 3.610666
0.351249 1.983618 -0.417131 10.645569
0.337615 1.882995 -0.400773 10.165955
0.307738 1.743024 -0.438988 9.356107
0.212372 1.112818 -0.425887 6.055098
0.307918 1.743643 -0.439346 9.359609
0.225048 1.214560 -0.438843 6.575822
0.201845 0.858298 -0.330444 5.148586
0.467689 1.698634 -0.089103 12.190322
0.267918 1.044284 -0.331989 6.680041
0.456640 1.673352 0.356354 12.042805
0.342934 1.993018 -0.428258 10.570914
1.456873 10.047742 2.503884 48.143351
1.578141 11.425908 2.611191 52.938499
1.545679 11.295622 2.446438 51.929208
0.608635 3.139378 0.251078 17.786403
0.601788 3.251845 0.319594 17.866601
0.620517 3.536616 0.341913 18.798711
0.611414 3.743554 0.267342 18.998609
0.780439 4.911877 0.723945 24.754333
0.607811 3.721471 0.238040 18.944582
0.607746 3.247858 0.243429 17.991656
0.612731 3.738910 0.246069 19.060968
0.609027 3.182950 0.155087 17.860872
0.588122 3.499614 0.138218 18.119681
0.572710 3.457030 0.114915 17.775362
0.577459 2.617076 0.196352 16.191944
0.573256 2.821045 0.229846 16.437093
0.600842 3.266503 0.195237 17.894697
0.905090 5.569970 0.999696 28.774689
0.918459 5.345981 0.904876 28.421781
0.751830 4.489340 0.497084 23.441372
1.410169 8.296145 2.523223 44.711017
0.494688 2.029101 0.393569 13.424306
0.594108 2.524065 0.225326 16.375572
0.498370 2.574680 0.551651 14.549328
0.426536 2.379048 0.658431 12.888364
0.529196 3.134135 0.587472 16.528101
0.577856 2.563764 0.225968 16.123902
0.559179 2.096338 0.114075 14.923344
0.481287 2.570322 -0.122450 14.130895
0.513840 1.774317 0.005734 13.367532
0.541701 2.241871 0.062960 14.843999
0.452948 1.980755 -0.164014 12.400804
0.576839 3.110497 0.181532 17.081639
0.555434 3.272750 0.474701 17.090204
0.533480 3.155589 0.550274 16.529357
0.691761 4.252526 0.317723 21.892494
0.767795 5.116187 0.068299 24.629125
0.723032 4.694912 0.092525 22.988049
0.886428 6.028152 0.012923 28.695200
1.096096 7.611256 -0.265660 35.938237
0.550270 3.106307 0.303825 16.474719
0.576833 3.183940 0.171742 17.189608
0.546408 2.963340 0.214607 16.137882
0.544911 2.903433 0.237288 15.998805
0.695120 4.445723 0.101366 21.999534
0.223003 1.198244 -0.428298 6.471906
0.342724 1.992281 -0.427900 10.566860
0.365008 2.147306 -0.424647 11.278755
1.189086 6.423907 1.328092 36.689498
1.181682 6.404650 1.295695 36.702547
0.742357 4.195318 0.142303 22.834757
0.576925 3.334174 -0.155580 17.799774
0.900619 5.076739 0.568246 27.891473
0.920546 5.049053 0.538013 28.114446
0.924018 5.669690 1.046549 29.322578
0.751285 4.487541 0.496953 23.431058
0.900858 5.194334 0.806932 28.048486
0.667071 3.892056 0.086280 20.563669
0.530758 3.071826 -0.069362 16.131086
0.634069 3.753155 0.345356 19.449914
0.599308 3.188073 0.310813 17.677003
0.628883 3.686323 0.419556 19.192402
2.380578 11.939750 5.860465 73.482325
2.405416 13.860842 6.018864 76.712596
1.410120 8.297186 2.524129 44.715420
1.865315 12.483113 3.696141 61.067497
1.000000 7.969558 0.697246 34.564103
1.866341 12.487325 3.699059 61.093169
0.922356 5.741601 1.086753 29.239513
1.592363 10.989856 2.870119 52.650261
1.000000 7.969558 0.697246 34.564103
2.328340 11.373194 5.562750 71.743439
2.822759 15.014319 7.488341 87.755242
3.237103 15.349684 9.112161 99.098371
3.409020 14.872600 9.394069 102.477108
2.270614 10.173180 4.802707 68.726939
1.953470 10.340471 4.387859 60.799540
1.461288 7.743890 2.345621 45.045455
2.520887 14.420618 6.433331 80.061024
1.531107 8.469471 2.941908 48.073550
1.685853 9.687852 3.417114 53.156519
1.103275 6.150702 1.338902 34.019755
0.576711 3.333274 -0.157125 17.805244
0.533320 3.080790 -0.067375 16.188424
0.561517 3.302694 -0.109238 17.357451
0.568325 3.368325 -0.097977 17.626997
0.660958 3.868721 0.031542 20.586995
0.515261 3.029412 -0.240407 16.079614
0.501275 2.463005 -0.262374 14.365577
0.422499 2.289400 -0.316627 12.550719
0.436089 1.987525 -0.145047 12.102465
0.469447 2.513389 -0.151768 13.829552
1.661902 10.550274 3.296964 53.691170
1.000000 7.969558 0.697246 34.564103
1.000000 7.969558 0.697246 34.564103
1.000000 7.969558 0.697246 34.564103
1.000000 7.969558 0.697246 34.564103
1.000000 7.969558 0.697246 34.564103
1.000000 7.969558 0.697246 34.564103
1.000000 7.969558 0.697246 34.564103
1.000000 7.969558 0.697246 34.564103
1.000000 7.969558 0.697246 34.564103
0.576572 2.819304 0.374250 16.540778
0.299729 1.414608 -0.397025 8.263062
0.488414 2.620798 0.528230 14.481397
1.562251 10.903242 -0.996613 51.477546
1.711066 12.639124 -0.782808 57.351409
1.562506 10.903448 -0.997159 51.481069
1.679220 11.958191 -1.096753 55.701783
1.497465 10.636095 -0.811016 49.578520
0.578276 3.187221 0.172071 17.214932
0.527799 3.010098 0.162337 15.836495
0.516578 2.979010 0.258627 15.546591
0.766924 4.883001 0.148910 24.552837
0.858999 5.692995 0.024916 27.764313
0.564068 2.890415 0.351849 16.457452
0.565066 3.215825 0.393069 17.113100
0.602021 2.914851 0.238852 17.241951
0.672206 3.834982 0.495086 20.800357
1.833217 10.379532 -2.101303 57.378953
1.270718 7.106856 -0.565731 39.404692
2.190127 12.059316 -3.094525 68.015160
1.455283 9.191239 -1.138845 46.627399
1.063246 6.375591 -0.208909 33.474623
2.261813 14.600173 -2.736062 72.580243
1.295641 7.271332 -0.627785 39.880043
1.528895 10.306270 -1.093105 49.771959
2.012318 12.507652 -2.485166 64.397394
1.973768 12.013736 -2.388414 62.720792
2.209553 14.898253 -2.496898 72.189159
1.000000 7.969558 0.697246 34.564103
1.071766 8.472995 0.594393 36.819308
1.109052 8.645224 0.513682 37.725943
1.109484 8.647667 0.513143 37.737056
2.160581 14.871452 -2.191880 70.775071
1.088885 6.981594 -0.391125 35.028875
1.518446 10.240631 -1.073552 49.457863
0.858617 5.691818 0.025173 27.757121
1.685098 12.197169 -0.886452 56.006432
0.590446 2.915566 0.227929 17.012986
0.567848 3.220852 0.402895 17.181659
0.604796 3.252390 0.282011 17.915027
0.622996 3.865737 0.271290 19.626666
0.677167 4.395326 0.204834 21.681443
0.591318 3.229837 0.255111 17.616754
0.766475 4.881563 0.148989 24.544000
0.624294 3.870736 0.270579 19.655878
0.935509 6.299740 -0.041998 30.288838
1.474313 9.967600 -0.993255 48.134621
0.889790 6.057911 0.009670 28.815412
0.613524 3.630822 0.214527 18.877629
0.678986 4.382841 0.201165 21.675311
0.622860 3.794756 0.191421 19.386222
0.553405 2.828571 0.212054 16.037786
0.622657 3.703710 0.169941 19.162507
0.624818 3.708159 0.169764 19.203639
0.713107 4.243537 0.387459 22.359921
0.749212 4.600167 0.247869 23.672611
0.529381 3.089499 0.580698 16.401887
0.643468 3.962941 0.548964 20.049453
0.627403 3.905370 0.525572 19.591493
0.837593 5.584897 0.978810 27.057871
1.272370 8.839505 2.019029 42.039340
0.591507 3.100461 0.211243 17.345164
0.623073 3.550066 0.353004 18.869703
0.560902 2.890607 0.346858 16.396078
0.586573 2.870706 0.232155 16.837099
0.586801 2.785585 0.153187 16.692413
0.571311 2.751277 0.221314 16.301088
0.617898 3.270804 0.225782 18.231247
1.212676 8.312237 1.883996 39.869040
0.419790 1.120898 0.321505 10.527826
0.273018 1.092461 0.532856 7.274362
0.337235 1.653274 0.737287 9.645022
0.333964 1.552057 0.656947 9.573697
0.523536 2.298577 0.377993 14.462017
0.556887 2.085725 0.314699 14.873868
0.403859 2.085480 0.681583 11.780701
0.393223 2.085167 0.778912 11.737204
0.429516 2.365236 0.677362 12.939676
0.391341 2.115782 0.744827 11.718656
0.464132 2.604816 0.686891 14.137757
0.317909 1.483296 0.740693 8.920428
0.330954 1.639406 0.748179 9.494769
0.332308 1.040920 0.648912 8.496243
0.333520 1.554760 0.669061 9.407589
0.375902 1.273127 0.337319 9.684449
0.328287 1.479730 0.647813 9.201909
0.365619 1.578723 0.767592 10.063263
0.275223 1.326696 0.740074 7.892325
0.345292 1.561204 0.723434 9.639615
0.419428 2.132390 0.794721 12.292373
0.367981 1.688819 0.666043 10.418842
0.521517 2.909401 0.681300 15.875218
0.394670 2.118722 0.764670 11.826710
0.362321 1.822260 0.699187 10.477358
0.337284 1.724775 0.736793 9.853328
0.542802 2.998223 0.701454 16.531746
0.396016 2.137927 0.766232 11.898853
0.389718 2.010121 0.783818 11.432893
0.339360 1.657429 0.738244 9.689991
0.391620 1.652464 0.628249 10.690333
0.327654 1.550077 0.668211 9.354215
0.529165 2.865552 0.723460 16.035886
0.328996 1.529241 0.666410 9.368284
0.604531 3.661981 0.466871 18.660776
0.779126 5.057282 0.845379 24.902921
1.457280 10.048968 2.504846 48.151253
0.973159 6.396245 1.293756 31.425223
1.590990 10.965050 2.861879 52.551990
1.371724 10.330429 1.816826 46.509893
1.371253 10.327854 1.815493 46.496860
1.236119 9.574138 1.339026 42.309166
1.000000 7.969558 0.697246 34.564103
0.627416 3.681819 0.418254 19.163256
0.713728 4.499673 0.683894 22.529492
0.768967 4.835373 0.694897 24.379833
0.556392 3.292652 -0.050245 17.099985
0.883962 5.790814 1.080065 28.452095
0.946798 6.135152 1.207075 30.492948
0.712294 4.488803 0.679706 22.492789
0.946024 6.132226 1.205816 30.476175
0.541668 2.950620 0.222776 16.016568
0.577841 3.315848 0.355864 17.443605
0.551232 2.912008 0.226663 16.146509
0.583055 3.241801 0.163478 17.437147
0.557780 2.919289 0.242409 16.300364
0.591873 3.177436 0.321377 17.511539
0.566711 2.843524 0.242528 16.343085
0.572319 3.045026 0.185543 16.845966
0.574430 2.831682 0.228200 16.483702
0.577850 2.860289 0.221072 16.635121
0.644275 3.968764 0.551481 20.067699
0.583625 3.323319 0.343647 17.571337
0.544426 3.128986 0.326817 16.399591
0.599387 3.594440 0.101402 18.393485
1.210379 8.508857 -0.400499 39.875964
0.820225 5.468899 0.071308 26.459448
1.136346 7.893481 -0.323194 37.232364
1.611496 11.229643 -1.083650 53.015862
1.136799 7.894959 -0.323813 37.241375
1.386885 9.875306 -0.631401 45.944828
0.951356 6.583347 -0.098640 31.055822
1.210871 8.510470 -0.401364 39.885805
0.774822 5.196635 0.020164 24.903667
0.722520 4.700752 0.093444 22.995220
0.648044 4.086261 0.085661 20.281060
0.950540 6.580065 -0.097511 31.037877
0.648972 4.088973 0.085048 20.297475
0.600939 3.614213 0.097343 18.465893
0.820904 5.471524 0.070822 26.474133
1.497782 10.636780 -0.811789 49.584020
1.076370 8.513368 0.609266 36.965341
1.022429 8.140513 0.680136 35.307490
1.000000 7.969558 0.697246 34.564103
1.183091 9.309846 0.493429 40.491433
1.743923 12.927564 -0.822614 58.579202
1.578751 11.517529 -0.741224 52.730350
1.531855 10.956567 -0.841217 50.868450
1.172009 9.199638 0.486843 40.024036
1.726765 12.721655 -0.824734 57.794629
1.473187 11.326377 -0.051536 49.990325
1.069476 8.479734 0.628276 36.802551
1.000000 7.969558 0.697246 34.564103
1.127188 7.958334 -0.283250 37.146232
0.075040 0.329776 0.257791 1.986053
0.128134 0.503683 0.362697 3.277369
0.755860 3.955768 0.534571 22.500911
0.556128 3.340122 0.132530 17.019973
0.531398 3.027201 0.155392 15.942861
0.768810 5.119277 0.066929 24.649311
5.774495 6.873190 -8.501710 165.964546
3.071582 15.799767 -6.118020 95.637056
1.365989 10.086761 -0.041306 45.004510
2.986698 16.665653 -5.515430 93.234971
1.341800 10.082061 0.042556 44.662132
1.000000 7.969558 0.697246 34.564103
1.000000 7.969558 0.697246 34.564103
2.259771 14.591830 -2.731434 72.528980
1.000000 7.969558 0.697246 34.564103
0.751912 4.590441 0.283464 23.814929
0.803815 4.883477 0.222171 25.350914
0.715985 4.258513 0.384058 22.439229
0.842233 4.958131 0.209909 26.260091
0.567761 3.287530 0.564714 17.543343
1.189406 7.071457 -0.445713 37.298697
1.088848 6.982465 -0.391562 35.031455
1.455170 9.189286 -1.138110 46.619939
1.969107 13.382097 -1.904425 64.270424
1.828893 12.460047 -1.344411 58.667489
1.061878 6.380215 -0.221784 33.412629
0.837676 4.916209 0.228414 26.211876
1.762692 10.079415 -1.949940 55.491603
1.055974 6.081461 -0.146253 32.834012
1.056066 6.081984 -0.146160 32.840423
0.320034 1.562951 0.746056 9.131354
2.859921 16.054817 -5.118470 89.626373
0.419392 1.976371 0.674893 11.785976
0.505000 1.729744 0.313275 13.167468
0.367068 1.789250 0.709242 10.482894
0.672763 3.850716 0.478319 20.751641
0.400333 2.083272 0.670415 11.703809
0.566694 3.269619 0.578561 17.564539
0.513278 2.978579 0.603922 15.904159
1.000000 7.969558 0.697246 34.564103
1.000000 7.969558 0.697246 34.564103
1.000000 7.969558 0.697246 34.564103
1.000000 7.969558 0.697246 34.564103
1.000000 7.969558 0.697246 34.564103
1.000000 7.969558 0.697246 34.564103
1.000000 7.969558 0.697246 34.564103
1.000000 7.969558 0.697246 34.564103
1.000000 7.969558 0.697246 34.564103
1.000000 7.969558 0.697246 34.564103
1.000000 7.969558 0.697246 34.564103
1.000000 7.969558 0.697246 34.564103
1.000000 7.969558 0.697246 34.564103
1.000000 7.969558 0.697246 34.564103
1.000000 7.969558 0.697246 34.564103
1.000000 7.969558 0.697246 34.564103
3.120876 10.973343 -1.331069 86.726540
1.878585 10.531209 -0.796566 55.224467
1.000000 7.969558 0.697246 34.564103
1.000000 7.969558 0.697246 34.564103
1.000000 7.969558 0.697246 34.564103
1.000000 7.969558 0.697246 34.564103
1.125991 8.528795 0.581854 37.490851
1.387261 9.876270 -0.632195 45.951518
1.744245 13.008233 -0.765205 58.740150
1.000000 7.969558 0.697246 34.564103
1.021013 8.128066 0.679000 35.254299
1.000000 7.969558 0.697246 34.564103
1.000000 7.969558 0.697246 34.564103
1.000000 7.969558 0.697246 34.564103
1.000000 7.969558 0.697246 34.564103
1.000000 7.969558 0.697246 34.564103
1.000000 7.969558 0.697246 34.564103
1.000000 7.969558 0.697246 34.564103
1.000000 7.969558 0.697246 34.564103
1.000000 7.969558 0.697246 34.564103
1.000000 7.969558 0.697246 34.564103
1.000000 7.969558 0.697246 34.564103
1.000000 7.969558 0.697246 34.564103
1.000000 7.969558 0.697246 34.564103
1.000000 7.969558 0.697246 34.564103
1.000000 7.969558 0.697246 34.564103
1.000000 7.969558 0.697246 34.564103
1.000000 7.969558 0.697246 34.564103
1.000000 7.969558 0.697246 34.564103
1.000000 7.969558 0.697246 34.564103
4.655981 14.126836 -8.543726 131.383292
2.844773 15.128502 -4.512588 86.021810
2.389777 10.402083 -3.662842 71.998050
3.535045 16.451746 -6.540858 104.853577
3.167939 16.634578 -6.156748 97.185214
2.675103 9.307364 -5.106445 81.215417
0.825377 3.507384 -0.735334 22.314739
2.879462 8.419602 -6.199888 87.216327
1.000000 7.969558 0.697246 34.564103
1.000000 7.969558 0.697246 34.564103
1.000000 7.969558 0.697246 34.564103
1.000000 7.969558 0.697246 34.564103
1.863406 12.350836 -1.290652 58.597481
3.340700 16.793795 -6.966260 103.043065
3.199377 14.495147 -6.032298 97.512152
4.234683 10.189182 -8.641748 123.753085
1.456946 10.456112 -0.230746 47.225656
4.126597 14.604610 -8.715542 120.336548
2.474189 12.429868 -2.900557 71.950717
5.349169 9.638230 -8.969131 152.516607
3.422937 9.785008 -6.106069 100.986532
5.025613 8.224144 -9.711278 146.695199
1.000000 7.969558 0.697246 34.564103
1.073840 8.493228 0.594501 36.907684
1.969898 13.384889 -1.906399 64.288815
2.230949 14.781412 -2.624301 72.470672
1.000000 7.969558 0.697246 34.564103
1.000000 7.969558 0.697246 34.564103
1.000000 7.969558 0.697246 34.564103
1.018776 8.111437 0.684071 35.175446
1.000000 7.969558 0.697246 34.564103
1.000000 7.969558 0.697246 34.564103
1.743318 12.924643 -0.821099 58.563750
1.018264 8.106681 0.683906 35.154201
1.001667 7.982392 0.696485 34.619034
1.000000 7.969558 0.697246 34.564103
1.000000 7.969558 0.697246 34.564103
1.000000 7.969558 0.697246 34.564103
1.000000 7.969558 0.697246 34.564103
1.000000 7.969558 0.697246 34.564103
1.000000 7.969558 0.697246 34.564103
1.000000 7.969558 0.697246 34.564103
1.000000 7.969558 0.697246 34.564103
1.000000 7.969558 0.697246 34.564103
1.000000 7.969558 0.697246 34.564103
1.000000 7.969558 0.697246 34.564103
1.000000 7.969558 0.697246 34.564103
1.000000 7.969558 0.697246 34.564103
1.000000 7.969558 0.697246 34.564103
1.000000 7.969558 0.697246 34.564103
1.000000 7.969558 0.697246 34.564103
1.000000 7.969558 0.697246 34.564103
1.000000 7.969558 0.697246 34.564103
1.000000 7.969558 0.697246 34.564103
1.000000 7.969558 0.697246 34.564103
1.000000 7.969558 0.697246 34.564103
1.000000 7.969558 0.697246 34.564103
1.000000 7.969558 0.697246 34.564103
1.000000 7.969558 0.697246 34.564103
1.000000 7.969558 0.697246 34.564103
1.000000 7.969558 0.697246 34.564103
1.000000 7.969558 0.697246 34.564103
1.000000 7.969558 0.697246 34.564103
1.000000 7.969558 0.697246 34.564103
1.000000 7.969558 0.697246 34.564103
1.000000 7.969558 0.697246 34.564103
1.000000 7.969558 0.697246 34.564103
1.000000 7.969558 0.697246 34.564103
1.000000 7.969558 0.697246 34.564103
1.000000 7.969558 0.697246 34.564103
1.000000 7.969558 0.697246 34.564103
1.000000 7.969558 0.697246 34.564103
1.000000 7.969558 0.697246 34.564103
1.000000 7.969558 0.697246 34.564103
1.000000 7.969558 0.697246 34.564103
0.143855 0.710453 0.334870 3.878837
0.523030 2.574603 -0.114575 14.821515
1.490612 6.332130 -1.162250 43.599115
2.456840 9.590967 -4.417121 74.769646
1.532906 6.788935 -1.213967 45.220687
0.209069 1.110513 0.200095 5.697377
0.827716 3.889828 0.245556 23.825761
0.791432 3.789336 0.297725 22.944199
0.116271 0.620821 0.240275 3.186669
0.466216 2.305792 0.701147 13.474695
2.975114 10.340393 -5.428251 88.392540
0.910949 4.493310 0.202025 26.949024
1.443630 6.573055 -1.075065 43.004616
0.974147 4.757597 0.218143 28.560266
0.160304 0.739620 0.386031 4.270587
0.466318 2.306023 0.701266 13.475921
0.240820 1.116509 0.660667 6.795313
0.293720 1.416249 0.744479 8.453494
0.276460 1.356806 0.713209 8.092274
0.430509 2.166485 0.793673 12.604181
0.413542 2.121491 0.795760 12.113445
0.305465 1.443740 0.738006 8.627365
0.435908 2.229424 0.795131 12.709100
0.453044 2.284855 0.794043 13.159548
0.851042 4.356360 0.396171 25.267890
0.752135 3.332434 -0.779906 20.643253
0.105157 0.525191 0.287096 2.866458
0.532365 2.647810 0.777210 15.367276
0.231231 1.177174 0.259014 6.212644
0.811089 4.121101 0.447506 24.198566
4.200396 13.621688 -8.778546 123.183565
0.659369 3.520164 0.617987 19.810036
0.660048 3.514898 0.628689 19.861455
1.428513 6.960196 -0.847412 42.846126
2.304745 11.129279 -3.108664 70.369470
2.106265 10.982717 -2.823498 65.013593
3.768266 11.421639 -8.139951 111.190216
3.620546 14.083826 -7.760202 108.800390
1.619795 7.349156 -1.152411 47.879950
2.782465 10.731896 -4.468831 82.740424
3.577093 12.888260 -7.431106 106.873629
3.056370 12.903753 -6.134711 93.434111
1.375532 6.597179 -0.664434 41.344102
2.300268 9.789452 -3.400665 69.910559
2.002171 9.371655 -2.678414 61.479128
2.053621 10.795808 -2.696402 63.634248
0.337794 1.601350 0.674311 9.675912
0.329967 1.596855 0.742208 9.380293
0.372429 1.658176 0.668953 10.566550
0.471820 2.004727 0.722241 12.927972
0.536154 2.897187 0.720790 16.217890
0.396266 2.101182 0.778804 11.821281
0.414206 2.134856 0.784096 12.108196
1.243036 6.301535 -0.471523 37.812136
0.466016 2.606354 0.705605 14.234839
0.522055 2.896628 0.711149 15.966927
1.348569 6.907609 -0.557086 40.718427
1.136976 6.022054 -0.148695 34.758998
1.125038 6.005134 -0.175215 34.420716
0.800536 4.435989 0.407322 24.654985
0.722455 3.790907 0.541172 21.742963
0.761562 4.256743 0.448499 23.595160
0.764240 4.309603 0.390895 23.478010
0.240755 1.116325 0.660576 6.794364
1.000000 7.969558 0.697246 34.564103
