1.402546 4.172395 -0.813628 20.073383
1.000000 0.368761 -1.246602 3.409103
1.000000 0.368761 -1.246602 3.409103
1.000000 0.368761 -1.246602 3.409103
1.000000 0.368761 -1.246602 3.409103
1.000000 0.368761 -1.246602 3.409103
1.000000 0.368761 -1.246602 3.409103
1.000000 0.368761 -1.246602 3.409103
1.000000 0.368761 -1.246602 3.409103
1.000000 0.368761 -1.246602 3.409103
1.000000 0.368761 -1.246602 3.409103
1.000000 0.368761 -1.246602 3.409103
1.000000 0.368761 -1.246602 3.409103
1.000000 0.368761 -1.246602 3.409103
1.000000 0.368761 -1.246602 3.409103
1.000000 0.368761 -1.246602 3.409103
1.000000 0.368761 -1.246602 3.409103
1.000000 0.368761 -1.246602 3.409103
1.000000 0.368761 -1.246602 3.409103
1.000000 0.368761 -1.246602 3.409103
1.000000 0.368761 -1.246602 3.409103
1.000000 0.368761 -1.246602 3.409103
1.000000 0.368761 -1.246602 3.409103
1.000000 0.368761 -1.246602 3.409103
1.000000 0.368761 -1.246602 3.409103
1.000000 0.368761 -1.246602 3.409103
1.000000 0.368761 -1.246602 3.409103
1.000000 0.368761 -1.246602 3.409103
1.447482 4.596989 -0.765296 21.933590
1.000000 0.368761 -1.246602 3.409103
1.000000 0.368761 -1.246602 3.409103
1.000000 0.368761 -1.246602 3.409103
1.000000 0.368761 -1.246602 3.409103
1.000000 0.368761 -1.246602 3.409103
1.000000 0.368761 -1.246602 3.409103
1.000000 0.368761 -1.246602 3.409103
1.000000 0.368761 -1.246602 3.409103
1.000000 0.368761 -1.246602 3.409103
0.935453 0.341926 -1.168123 3.139404
1.000000 0.368761 -1.246602 3.409103
1.000000 0.368761 -1.246602 3.409103
1.000000 0.368761 -1.246602 3.409103
1.000000 0.368761 -1.246602 3.409103
1.000000 0.368761 -1.246602 3.409103
1.000000 0.368761 -1.246602 3.409103
1.000000 0.368761 -1.246602 3.409103
1.000000 0.368761 -1.246602 3.409103
1.000000 0.368761 -1.246602 3.409103
1.000000 0.368761 -1.246602 3.409103
1.000000 0.368761 -1.246602 3.409103
1.000000 0.368761 -1.246602 3.409103
1.000000 0.368761 -1.246602 3.409103
1.000000 0.368761 -1.246602 3.409103
0.991240 0.365465 -1.235704 3.372501
1.000000 0.368761 -1.246602 3.409103
1.000000 0.368761 -1.246602 3.409103
1.021255 0.376234 -1.273171 3.497912
1.000000 0.368761 -1.246602 3.409103
1.000000 0.368761 -1.246602 3.409103
1.000000 0.368761 -1.246602 3.409103
1.000000 0.368761 -1.246602 3.409103
1.000000 0.368761 -1.246602 3.409103
1.000000 0.368761 -1.246602 3.409103
0.967917 0.355978 -1.207077 3.275051
1.000000 0.368761 -1.246602 3.409103
1.000000 0.368761 -1.246602 3.409103
1.000000 0.368761 -1.246602 3.409103
1.000000 0.368761 -1.246602 3.409103
1.000000 0.368761 -1.246602 3.409103
1.000000 0.368761 -1.246602 3.409103
1.000000 0.368761 -1.246602 3.409103
1.000000 0.368761 -1.246602 3.409103
1.000000 0.368761 -1.246602 3.409103
1.000000 0.368761 -1.246602 3.409103
1.000000 0.368761 -1.246602 3.409103
1.000000 0.368761 -1.246602 3.409103
1.000000 0.368761 -1.246602 3.409103
1.000000 0.368761 -1.246602 3.409103
1.000000 0.368761 -1.246602 3.409103
1.000000 0.368761 -1.246602 3.409103
1.000000 0.368761 -1.246602 3.409103
1.454061 4.659154 -0.758220 22.205944
1.000000 0.368761 -1.246602 3.409103
1.046724 0.384010 -1.304983 3.604332
1.000000 0.368761 -1.246602 3.409103
1.000000 0.368761 -1.246602 3.409103
1.000000 0.368761 -1.246602 3.409103
1.000000 0.368761 -1.246602 3.409103
1.000000 0.368761 -1.246602 3.409103
1.000000 0.368761 -1.246602 3.409103
1.000000 0.368761 -1.246602 3.409103
1.000000 0.368761 -1.246602 3.409103
1.079179 0.392748 -1.345008 3.739939
1.000000 0.368761 -1.246602 3.409103
1.000000 0.368761 -1.246602 3.409103
1.000000 0.368761 -1.246602 3.409103
1.000000 0.368761 -1.246602 3.409103
1.000000 0.368761 -1.246602 3.409103
1.000000 0.368761 -1.246602 3.409103
1.121504 0.403184 -1.396249 3.916786
1.000000 0.368761 -1.246602 3.409103
1.000000 0.368761 -1.246602 3.409103
1.144092 0.407355 -1.422026 4.011168
1.000000 0.368761 -1.246602 3.409103
1.000000 0.368761 -1.246602 3.409103
1.000000 0.368761 -1.246602 3.409103
1.000000 0.368761 -1.246602 3.409103
1.000000 0.368761 -1.246602 3.409103
1.153371 0.408101 -1.430887 4.049937
1.000000 0.368761 -1.246602 3.409103
1.000000 0.368761 -1.246602 3.409103
1.000000 0.368761 -1.246602 3.409103
1.000000 0.368761 -1.246602 3.409103
1.000000 0.368761 -1.246602 3.409103
1.000000 0.368761 -1.246602 3.409103
1.000000 0.368761 -1.246602 3.409103
1.000000 0.368761 -1.246602 3.409103
1.000000 0.368761 -1.246602 3.409103
1.000000 0.368761 -1.246602 3.409103
1.000000 0.368761 -1.246602 3.409103
1.000000 0.368761 -1.246602 3.409103
1.000000 0.368761 -1.246602 3.409103
1.000000 0.368761 -1.246602 3.409103
1.526885 5.094682 -0.744487 24.185344
1.000000 0.368761 -1.246602 3.409103
1.000000 0.368761 -1.246602 3.409103
1.000000 0.368761 -1.246602 3.409103
1.000000 0.368761 -1.246602 3.409103
1.000000 0.368761 -1.246602 3.409103
1.000000 0.368761 -1.246602 3.409103
1.000000 0.368761 -1.246602 3.409103
1.000000 0.368761 -1.246602 3.409103
1.000000 0.368761 -1.246602 3.409103
1.000000 0.368761 -1.246602 3.409103
1.000000 0.368761 -1.246602 3.409103
1.000000 0.368761 -1.246602 3.409103
1.000000 0.368761 -1.246602 3.409103
1.000000 0.368761 -1.246602 3.409103
1.000000 0.368761 -1.246602 3.409103
1.000000 0.368761 -1.246602 3.409103
1.000000 0.368761 -1.246602 3.409103
1.000000 0.368761 -1.246602 3.409103
1.000000 0.368761 -1.246602 3.409103
1.000000 0.368761 -1.246602 3.409103
1.000000 0.368761 -1.246602 3.409103
1.000000 0.368761 -1.246602 3.409103
1.000000 0.368761 -1.246602 3.409103
1.000000 0.368761 -1.246602 3.409103
1.000000 0.368761 -1.246602 3.409103
1.183137 0.413480 -1.459720 4.174310
1.000000 0.368761 -1.246602 3.409103
1.000000 0.368761 -1.246602 3.409103
1.151864 0.435369 -1.421773 4.043640
1.000000 0.368761 -1.246602 3.409103
1.000000 0.368761 -1.246602 3.409103
1.000000 0.368761 -1.246602 3.409103
1.000000 0.368761 -1.246602 3.409103
1.172172 0.411554 -1.450412 4.128493
1.000000 0.368761 -1.246602 3.409103
1.000000 0.368761 -1.246602 3.409103
1.000000 0.368761 -1.246602 3.409103
1.000000 0.368761 -1.246602 3.409103
1.000000 0.368761 -1.246602 3.409103
1.000000 0.368761 -1.246602 3.409103
1.000000 0.368761 -1.246602 3.409103
1.000000 0.368761 -1.246602 3.409103
1.000000 0.368761 -1.246602 3.409103
1.000000 0.368761 -1.246602 3.409103
1.000000 0.368761 -1.246602 3.409103
1.000000 0.368761 -1.246602 3.409103
1.543038 5.239573 -0.729092 24.822317
1.000000 0.368761 -1.246602 3.409103
1.000000 0.368761 -1.246602 3.409103
1.000000 0.368761 -1.246602 3.409103
1.000000 0.368761 -1.246602 3.409103
1.000000 0.368761 -1.246602 3.409103
1.000000 0.368761 -1.246602 3.409103
1.000000 0.368761 -1.246602 3.409103
1.000000 0.368761 -1.246602 3.409103
1.000000 0.368761 -1.246602 3.409103
1.000000 0.368761 -1.246602 3.409103
1.000000 0.368761 -1.246602 3.409103
1.000000 0.368761 -1.246602 3.409103
1.000000 0.368761 -1.246602 3.409103
1.000000 0.368761 -1.246602 3.409103
1.000000 0.368761 -1.246602 3.409103
1.000000 0.368761 -1.246602 3.409103
1.000000 0.368761 -1.246602 3.409103
1.000000 0.368761 -1.246602 3.409103
1.000000 0.368761 -1.246602 3.409103
1.000000 0.368761 -1.246602 3.409103
1.000000 0.368761 -1.246602 3.409103
1.000000 0.368761 -1.246602 3.409103
1.000000 0.368761 -1.246602 3.409103
1.000000 0.368761 -1.246602 3.409103
1.000000 0.368761 -1.246602 3.409103
1.000000 0.368761 -1.246602 3.409103
1.000000 0.368761 -1.246602 3.409103
1.000000 0.368761 -1.246602 3.409103
1.000000 0.368761 -1.246602 3.409103
1.000000 0.368761 -1.246602 3.409103
1.000000 0.368761 -1.246602 3.409103
1.000000 0.368761 -1.246602 3.409103
1.000000 0.368761 -1.246602 3.409103
1.000000 0.368761 -1.246602 3.409103
1.000000 0.368761 -1.246602 3.409103
1.000000 0.368761 -1.246602 3.409103
1.000000 0.368761 -1.246602 3.409103
1.000000 0.368761 -1.246602 3.409103
1.000000 0.368761 -1.246602 3.409103
1.000000 0.368761 -1.246602 3.409103
1.000000 0.368761 -1.246602 3.409103
1.000000 0.368761 -1.246602 3.409103
1.000000 0.368761 -1.246602 3.409103
1.000000 0.368761 -1.246602 3.409103
1.000000 0.368761 -1.246602 3.409103
1.000000 0.368761 -1.246602 3.409103
1.000000 0.368761 -1.246602 3.409103
1.000000 0.368761 -1.246602 3.409103
1.000000 0.368761 -1.246602 3.409103
1.000000 0.368761 -1.246602 3.409103
1.000000 0.368761 -1.246602 3.409103
1.000000 0.368761 -1.246602 3.409103
1.000000 0.368761 -1.246602 3.409103
1.000000 0.368761 -1.246602 3.409103
1.524515 5.073426 -0.746745 24.091896
1.000000 0.368761 -1.246602 3.409103
1.000000 0.368761 -1.246602 3.409103
1.000000 0.368761 -1.246602 3.409103
1.000000 0.368761 -1.246602 3.409103
1.000000 0.368761 -1.246602 3.409103
1.000000 0.368761 -1.246602 3.409103
1.000000 0.368761 -1.246602 3.409103
1.000000 0.368761 -1.246602 3.409103
1.000000 0.368761 -1.246602 3.409103
1.000000 0.368761 -1.246602 3.409103
1.000000 0.368761 -1.246602 3.409103
1.000000 0.368761 -1.246602 3.409103
1.000000 0.368761 -1.246602 3.409103
1.000000 0.368761 -1.246602 3.409103
1.224693 3.475830 -0.753285 16.743924
1.536033 5.176742 -0.735768 24.546096
1.000000 0.368761 -1.246602 3.409103
1.000000 0.368761 -1.246602 3.409103
1.000000 0.368761 -1.246602 3.409103
1.000000 0.368761 -1.246602 3.409103
1.000000 0.368761 -1.246602 3.409103
1.000000 0.368761 -1.246602 3.409103
1.000000 0.368761 -1.246602 3.409103
1.000000 0.368761 -1.246602 3.409103
1.000000 0.368761 -1.246602 3.409103
1.555180 5.348479 -0.717521 25.301094
1.000000 0.368761 -1.246602 3.409103
1.000000 0.368761 -1.246602 3.409103
1.000000 0.368761 -1.246602 3.409103
1.000000 0.368761 -1.246602 3.409103
1.000000 0.368761 -1.246602 3.409103
1.000000 0.368761 -1.246602 3.409103
1.000000 0.368761 -1.246602 3.409103
1.000000 0.368761 -1.246602 3.409103
1.000000 0.368761 -1.246602 3.409103
1.000000 0.368761 -1.246602 3.409103
1.000000 0.368761 -1.246602 3.409103
1.000000 0.368761 -1.246602 3.409103
1.000000 0.368761 -1.246602 3.409103
1.000000 0.368761 -1.246602 3.409103
1.000000 0.368761 -1.246602 3.409103
1.000000 0.368761 -1.246602 3.409103
1.000000 0.368761 -1.246602 3.409103
1.000000 0.368761 -1.246602 3.409103
1.000000 0.368761 -1.246602 3.409103
1.000000 0.368761 -1.246602 3.409103
1.000000 0.368761 -1.246602 3.409103
1.000000 0.368761 -1.246602 3.409103
1.000000 0.368761 -1.246602 3.409103
1.000000 0.368761 -1.246602 3.409103
1.000000 0.368761 -1.246602 3.409103
1.000000 0.368761 -1.246602 3.409103
1.000000 0.368761 -1.246602 3.409103
1.000000 0.368761 -1.246602 3.409103
1.000000 0.368761 -1.246602 3.409103
1.000000 0.368761 -1.246602 3.409103
1.000000 0.368761 -1.246602 3.409103
1.000000 0.368761 -1.246602 3.409103
1.000000 0.368761 -1.246602 3.409103
1.000000 0.368761 -1.246602 3.409103
1.000000 0.368761 -1.246602 3.409103
1.000000 0.368761 -1.246602 3.409103
1.000000 0.368761 -1.246602 3.409103
1.000000 0.368761 -1.246602 3.409103
1.000000 0.368761 -1.246602 3.409103
1.000000 0.368761 -1.246602 3.409103
1.000000 0.368761 -1.246602 3.409103
1.000000 0.368761 -1.246602 3.409103
1.000000 0.368761 -1.246602 3.409103
1.000000 0.368761 -1.246602 3.409103
1.000000 0.368761 -1.246602 3.409103
1.000000 0.368761 -1.246602 3.409103
1.000000 0.368761 -1.246602 3.409103
1.000000 0.368761 -1.246602 3.409103
1.000000 0.368761 -1.246602 3.409103
1.000000 0.368761 -1.246602 3.409103
1.000000 0.368761 -1.246602 3.409103
1.000000 0.368761 -1.246602 3.409103
1.000000 0.368761 -1.246602 3.409103
1.000000 0.368761 -1.246602 3.409103
1.000000 0.368761 -1.246602 3.409103
1.000000 0.368761 -1.246602 3.409103
1.000000 0.368761 -1.246602 3.409103
1.000000 0.368761 -1.246602 3.409103
1.000000 0.368761 -1.246602 3.409103
1.000000 0.368761 -1.246602 3.409103
1.000000 0.368761 -1.246602 3.409103
1.000000 0.368761 -1.246602 3.409103
1.000000 0.368761 -1.246602 3.409103
1.000000 0.368761 -1.246602 3.409103
1.000000 0.368761 -1.246602 3.409103
1.000000 0.368761 -1.246602 3.409103
1.000000 0.368761 -1.246602 3.409103
1.000000 0.368761 -1.246602 3.409103
1.000000 0.368761 -1.246602 3.409103
1.233142 3.592656 -0.734736 17.245312
1.000000 0.368761 -1.246602 3.409103
1.564655 5.433463 -0.708492 25.674703
1.214075 3.329000 -0.776597 16.113763
1.000000 0.368761 -1.246602 3.409103
1.000000 0.368761 -1.246602 3.409103
1.247330 3.788861 -0.703584 18.087378
1.000000 0.368761 -1.246602 3.409103
1.000000 0.368761 -1.246602 3.409103
1.232451 3.583112 -0.736251 17.204349
1.000000 0.368761 -1.246602 3.409103
1.000000 0.368761 -1.246602 3.409103
1.219770 3.407759 -0.764092 16.451779
1.000000 0.368761 -1.246602 3.409103
1.000000 0.368761 -1.246602 3.409103
1.000000 0.368761 -1.246602 3.409103
1.000000 0.368761 -1.246602 3.409103
1.000000 0.368761 -1.246602 3.409103
1.000000 0.368761 -1.246602 3.409103
1.225095 3.481389 -0.752402 16.767782
1.000000 0.368761 -1.246602 3.409103
1.000000 0.368761 -1.246602 3.409103
1.000000 0.368761 -1.246602 3.409103
1.000000 0.368761 -1.246602 3.409103
1.000000 0.368761 -1.246602 3.409103
1.000000 0.368761 -1.246602 3.409103
1.000000 0.368761 -1.246602 3.409103
1.000000 0.368761 -1.246602 3.409103
1.000000 0.368761 -1.246602 3.409103
1.000000 0.368761 -1.246602 3.409103
1.000000 0.368761 -1.246602 3.409103
1.000000 0.368761 -1.246602 3.409103
1.000000 0.368761 -1.246602 3.409103
1.229574 3.543323 -0.742569 17.033585
1.000000 0.368761 -1.246602 3.409103
1.000000 0.368761 -1.246602 3.409103
1.000000 0.368761 -1.246602 3.409103
1.000000 0.368761 -1.246602 3.409103
1.000000 0.368761 -1.246602 3.409103
1.000000 0.368761 -1.246602 3.409103
1.000000 0.368761 -1.246602 3.409103
1.000000 0.368761 -1.246602 3.409103
1.000000 0.368761 -1.246602 3.409103
1.000000 0.368761 -1.246602 3.409103
1.000000 0.368761 -1.246602 3.409103
1.000000 0.368761 -1.246602 3.409103
1.000000 0.368761 -1.246602 3.409103
1.000000 0.368761 -1.246602 3.409103
1.000000 0.368761 -1.246602 3.409103
1.000000 0.368761 -1.246602 3.409103
1.000000 0.368761 -1.246602 3.409103
1.000000 0.368761 -1.246602 3.409103
1.220898 3.423348 -0.761617 16.518680
1.000000 0.368761 -1.246602 3.409103
1.190895 0.446933 -1.453460 4.206725
1.000000 0.368761 -1.246602 3.409103
1.000000 0.368761 -1.246602 3.409103
1.000000 0.368761 -1.246602 3.409103
0.912964 0.341480 -1.138103 3.045438
1.000000 0.368761 -1.246602 3.409103
1.000000 0.368761 -1.246602 3.409103
1.000000 0.368761 -1.246602 3.409103
1.000000 0.368761 -1.246602 3.409103
1.000000 0.368761 -1.246602 3.409103
1.000000 0.368761 -1.246602 3.409103
1.000000 0.368761 -1.246602 3.409103
1.000000 0.368761 -1.246602 3.409103
1.000000 0.368761 -1.246602 3.409103
1.000000 0.368761 -1.246602 3.409103
1.000000 0.368761 -1.246602 3.409103
1.266776 0.478007 -1.535687 4.523782
1.000000 0.368761 -1.246602 3.409103
1.000000 0.368761 -1.246602 3.409103
1.000000 0.368761 -1.246602 3.409103
1.196844 0.449369 -1.459907 4.231582
1.000000 0.368761 -1.246602 3.409103
1.000000 0.368761 -1.246602 3.409103
1.174318 0.445217 -1.447674 4.137461
1.000000 0.368761 -1.246602 3.409103
1.130805 0.426132 -1.397483 3.955650
1.000000 0.368761 -1.246602 3.409103
1.000000 0.368761 -1.246602 3.409103
1.000000 0.368761 -1.246602 3.409103
1.000000 0.368761 -1.246602 3.409103
1.000000 0.368761 -1.246602 3.409103
1.000000 0.368761 -1.246602 3.409103
1.000000 0.368761 -1.246602 3.409103
1.000000 0.368761 -1.246602 3.409103
1.000000 0.368761 -1.246602 3.409103
1.000000 0.368761 -1.246602 3.409103
1.000000 0.368761 -1.246602 3.409103
1.000000 0.368761 -1.246602 3.409103
1.000000 0.368761 -1.246602 3.409103
1.000000 0.368761 -1.246602 3.409103
1.000000 0.368761 -1.246602 3.409103
1.000000 0.368761 -1.246602 3.409103
1.000000 0.368761 -1.246602 3.409103
1.000000 0.368761 -1.246602 3.409103
1.000000 0.368761 -1.246602 3.409103
1.000000 0.368761 -1.246602 3.409103
1.000000 0.368761 -1.246602 3.409103
1.000000 0.368761 -1.246602 3.409103
1.000000 0.368761 -1.246602 3.409103
1.256100 0.473635 -1.524118 4.479175
1.000000 0.368761 -1.246602 3.409103
1.000000 0.368761 -1.246602 3.409103
1.000000 0.368761 -1.246602 3.409103
1.000000 0.368761 -1.246602 3.409103
1.000000 0.368761 -1.246602 3.409103
1.000000 0.368761 -1.246602 3.409103
1.000000 0.368761 -1.246602 3.409103
1.000000 0.368761 -1.246602 3.409103
1.000000 0.368761 -1.246602 3.409103
1.000000 0.368761 -1.246602 3.409103
1.000000 0.368761 -1.246602 3.409103
1.000000 0.368761 -1.246602 3.409103
1.000000 0.368761 -1.246602 3.409103
1.000000 0.368761 -1.246602 3.409103
1.000000 0.368761 -1.246602 3.409103
1.000000 0.368761 -1.246602 3.409103
1.000000 0.368761 -1.246602 3.409103
1.000000 0.368761 -1.246602 3.409103
1.000000 0.368761 -1.246602 3.409103
1.000000 0.368761 -1.246602 3.409103
1.000000 0.368761 -1.246602 3.409103
1.000000 0.368761 -1.246602 3.409103
1.000000 0.368761 -1.246602 3.409103
1.000000 0.368761 -1.246602 3.409103
1.000000 0.368761 -1.246602 3.409103
1.000000 0.368761 -1.246602 3.409103
1.000000 0.368761 -1.246602 3.409103
1.000000 0.368761 -1.246602 3.409103
1.000000 0.368761 -1.246602 3.409103
1.000000 0.368761 -1.246602 3.409103
1.000000 0.368761 -1.246602 3.409103
1.199795 0.450578 -1.463105 4.243914
1.262572 0.476285 -1.531131 4.506214
1.000000 0.368761 -1.246602 3.409103
1.000000 0.368761 -1.246602 3.409103
1.000000 0.368761 -1.246602 3.409103
1.000000 0.368761 -1.246602 3.409103
1.000000 0.368761 -1.246602 3.409103
1.000000 0.368761 -1.246602 3.409103
1.000000 0.368761 -1.246602 3.409103
1.000000 0.368761 -1.246602 3.409103
1.000000 0.368761 -1.246602 3.409103
1.000000 0.368761 -1.246602 3.409103
1.000000 0.368761 -1.246602 3.409103
1.000000 0.368761 -1.246602 3.409103
1.000000 0.368761 -1.246602 3.409103
1.000000 0.368761 -1.246602 3.409103
1.000000 0.368761 -1.246602 3.409103
1.000000 0.368761 -1.246602 3.409103
1.000000 0.368761 -1.246602 3.409103
1.000000 0.368761 -1.246602 3.409103
1.000000 0.368761 -1.246602 3.409103
1.000000 0.368761 -1.246602 3.409103
1.000000 0.368761 -1.246602 3.409103
1.000000 0.368761 -1.246602 3.409103
1.000000 0.368761 -1.246602 3.409103
1.000000 0.368761 -1.246602 3.409103
1.000000 0.368761 -1.246602 3.409103
1.000000 0.368761 -1.246602 3.409103
1.000000 0.368761 -1.246602 3.409103
1.126733 0.424346 -1.392786 3.938637
1.000000 0.368761 -1.246602 3.409103
1.000000 0.368761 -1.246602 3.409103
1.000000 0.368761 -1.246602 3.409103
1.000000 0.368761 -1.246602 3.409103
1.000000 0.368761 -1.246602 3.409103
1.000000 0.368761 -1.246602 3.409103
1.000000 0.368761 -1.246602 3.409103
1.000000 0.368761 -1.246602 3.409103
1.000000 0.368761 -1.246602 3.409103
1.000000 0.368761 -1.246602 3.409103
1.000000 0.368761 -1.246602 3.409103
1.000000 0.368761 -1.246602 3.409103
1.000000 0.368761 -1.246602 3.409103
1.000000 0.368761 -1.246602 3.409103
1.000000 0.368761 -1.246602 3.409103
1.000000 0.368761 -1.246602 3.409103
1.000000 0.368761 -1.246602 3.409103
1.000000 0.368761 -1.246602 3.409103
1.000000 0.368761 -1.246602 3.409103
1.000000 0.368761 -1.246602 3.409103
1.000000 0.368761 -1.246602 3.409103
1.000000 0.368761 -1.246602 3.409103
1.000000 0.368761 -1.246602 3.409103
0.938507 0.349486 -1.169944 3.152164
1.000000 0.368761 -1.246602 3.409103
1.000000 0.368761 -1.246602 3.409103
1.000000 0.368761 -1.246602 3.409103
1.000000 0.368761 -1.246602 3.409103
1.000000 0.368761 -1.246602 3.409103
1.000000 0.368761 -1.246602 3.409103
1.000000 0.368761 -1.246602 3.409103
1.000000 0.368761 -1.246602 3.409103
1.000000 0.368761 -1.246602 3.409103
1.000000 0.368761 -1.246602 3.409103
1.000000 0.368761 -1.246602 3.409103
1.000000 0.368761 -1.246602 3.409103
1.000000 0.368761 -1.246602 3.409103
1.000000 0.368761 -1.246602 3.409103
1.000000 0.368761 -1.246602 3.409103
1.000000 0.368761 -1.246602 3.409103
1.000000 0.368761 -1.246602 3.409103
1.000000 0.368761 -1.246602 3.409103
1.000000 0.368761 -1.246602 3.409103
1.000000 0.368761 -1.246602 3.409103
1.000000 0.368761 -1.246602 3.409103
1.000000 0.368761 -1.246602 3.409103
1.000000 0.368761 -1.246602 3.409103
1.000000 0.368761 -1.246602 3.409103
1.000000 0.368761 -1.246602 3.409103
1.000000 0.368761 -1.246602 3.409103
1.000000 0.368761 -1.246602 3.409103
1.000000 0.368761 -1.246602 3.409103
1.000000 0.368761 -1.246602 3.409103
1.000000 0.368761 -1.246602 3.409103
1.000000 0.368761 -1.246602 3.409103
1.000000 0.368761 -1.246602 3.409103
1.000000 0.368761 -1.246602 3.409103
1.000000 0.368761 -1.246602 3.409103
1.000000 0.368761 -1.246602 3.409103
1.000000 0.368761 -1.246602 3.409103
1.000000 0.368761 -1.246602 3.409103
1.000000 0.368761 -1.246602 3.409103
1.000000 0.368761 -1.246602 3.409103
1.000000 0.368761 -1.246602 3.409103
1.000000 0.368761 -1.246602 3.409103
1.000000 0.368761 -1.246602 3.409103
1.000000 0.368761 -1.246602 3.409103
1.000000 0.368761 -1.246602 3.409103
1.000000 0.368761 -1.246602 3.409103
1.000000 0.368761 -1.246602 3.409103
1.000000 0.368761 -1.246602 3.409103
1.000000 0.368761 -1.246602 3.409103
1.000000 0.368761 -1.246602 3.409103
1.000000 0.368761 -1.246602 3.409103
1.000000 0.368761 -1.246602 3.409103
1.000000 0.368761 -1.246602 3.409103
1.000000 0.368761 -1.246602 3.409103
1.000000 0.368761 -1.246602 3.409103
1.000000 0.368761 -1.246602 3.409103
1.000000 0.368761 -1.246602 3.409103
1.000000 0.368761 -1.246602 3.409103
1.000000 0.368761 -1.246602 3.409103
1.000000 0.368761 -1.246602 3.409103
1.000000 0.368761 -1.246602 3.409103
1.000000 0.368761 -1.246602 3.409103
1.000000 0.368761 -1.246602 3.409103
1.000000 0.368761 -1.246602 3.409103
1.000000 0.368761 -1.246602 3.409103
1.000000 0.368761 -1.246602 3.409103
1.000000 0.368761 -1.246602 3.409103
1.000000 0.368761 -1.246602 3.409103
1.000000 0.368761 -1.246602 3.409103
1.000000 0.368761 -1.246602 3.409103
1.000000 0.368761 -1.246602 3.409103
1.000000 0.368761 -1.246602 3.409103
1.000000 0.368761 -1.246602 3.409103
1.000000 0.368761 -1.246602 3.409103
1.000000 0.368761 -1.246602 3.409103
1.000000 0.368761 -1.246602 3.409103
1.000000 0.368761 -1.246602 3.409103
1.000000 0.368761 -1.246602 3.409103
1.000000 0.368761 -1.246602 3.409103
1.000000 0.368761 -1.246602 3.409103
1.000000 0.368761 -1.246602 3.409103
1.000000 0.368761 -1.246602 3.409103
1.000000 0.368761 -1.246602 3.409103
1.000000 0.368761 -1.246602 3.409103
1.000000 0.368761 -1.246602 3.409103
1.000000 0.368761 -1.246602 3.409103
1.000000 0.368761 -1.246602 3.409103
1.000000 0.368761 -1.246602 3.409103
1.000000 0.368761 -1.246602 3.409103
1.000000 0.368761 -1.246602 3.409103
1.000000 0.368761 -1.246602 3.409103
1.000000 0.368761 -1.246602 3.409103
1.000000 0.368761 -1.246602 3.409103
1.000000 0.368761 -1.246602 3.409103
1.000000 0.368761 -1.246602 3.409103
1.000000 0.368761 -1.246602 3.409103
1.000000 0.368761 -1.246602 3.409103
1.000000 0.368761 -1.246602 3.409103
1.000000 0.368761 -1.246602 3.409103
1.000000 0.368761 -1.246602 3.409103
1.000000 0.368761 -1.246602 3.409103
1.000000 0.368761 -1.246602 3.409103
1.000000 0.368761 -1.246602 3.409103
1.000000 0.368761 -1.246602 3.409103
1.000000 0.368761 -1.246602 3.409103
1.000000 0.368761 -1.246602 3.409103
1.000000 0.368761 -1.246602 3.409103
1.000000 0.368761 -1.246602 3.409103
1.000000 0.368761 -1.246602 3.409103
1.000000 0.368761 -1.246602 3.409103
1.000000 0.368761 -1.246602 3.409103
1.000000 0.368761 -1.246602 3.409103
1.000000 0.368761 -1.246602 3.409103
1.000000 0.368761 -1.246602 3.409103
1.000000 0.368761 -1.246602 3.409103
1.000000 0.368761 -1.246602 3.409103
1.000000 0.368761 -1.246602 3.409103
1.000000 0.368761 -1.246602 3.409103
1.000000 0.368761 -1.246602 3.409103
1.000000 0.368761 -1.246602 3.409103
1.000000 0.368761 -1.246602 3.409103
1.000000 0.368761 -1.246602 3.409103
1.000000 0.368761 -1.246602 3.409103
1.000000 0.368761 -1.246602 3.409103
1.000000 0.368761 -1.246602 3.409103
1.000000 0.368761 -1.246602 3.409103
1.000000 0.368761 -1.246602 3.409103
1.000000 0.368761 -1.246602 3.409103
1.000000 0.368761 -1.246602 3.409103
1.000000 0.368761 -1.246602 3.409103
1.000000 0.368761 -1.246602 3.409103
1.000000 0.368761 -1.246602 3.409103
1.000000 0.368761 -1.246602 3.409103
1.000000 0.368761 -1.246602 3.409103
1.000000 0.368761 -1.246602 3.409103
1.000000 0.368761 -1.246602 3.409103
1.000000 0.368761 -1.246602 3.409103
1.000000 0.368761 -1.246602 3.409103
1.000000 0.368761 -1.246602 3.409103
1.000000 0.368761 -1.246602 3.409103
1.000000 0.368761 -1.246602 3.409103
1.000000 0.368761 -1.246602 3.409103
1.000000 0.368761 -1.246602 3.409103
1.000000 0.368761 -1.246602 3.409103
1.000000 0.368761 -1.246602 3.409103
1.000000 0.368761 -1.246602 3.409103
1.000000 0.368761 -1.246602 3.409103
1.000000 0.368761 -1.246602 3.409103
1.000000 0.368761 -1.246602 3.409103
1.000000 0.368761 -1.246602 3.409103
1.000000 0.368761 -1.246602 3.409103
1.000000 0.368761 -1.246602 3.409103
1.000000 0.368761 -1.246602 3.409103
1.000000 0.368761 -1.246602 3.409103
1.000000 0.368761 -1.246602 3.409103
1.000000 0.368761 -1.246602 3.409103
1.000000 0.368761 -1.246602 3.409103
1.000000 0.368761 -1.246602 3.409103
1.000000 0.368761 -1.246602 3.409103
1.000000 0.368761 -1.246602 3.409103
1.000000 0.368761 -1.246602 3.409103
1.000000 0.368761 -1.246602 3.409103
1.000000 0.368761 -1.246602 3.409103
1.000000 0.368761 -1.246602 3.409103
1.000000 0.368761 -1.246602 3.409103
1.000000 0.368761 -1.246602 3.409103
1.000000 0.368761 -1.246602 3.409103
1.000000 0.368761 -1.246602 3.409103
1.000000 0.368761 -1.246602 3.409103
1.000000 0.368761 -1.246602 3.409103
1.000000 0.368761 -1.246602 3.409103
1.000000 0.368761 -1.246602 3.409103
1.000000 0.368761 -1.246602 3.409103
1.000000 0.368761 -1.246602 3.409103
1.000000 0.368761 -1.246602 3.409103
1.000000 0.368761 -1.246602 3.409103
1.000000 0.368761 -1.246602 3.409103
1.000000 0.368761 -1.246602 3.409103
1.000000 0.368761 -1.246602 3.409103
1.000000 0.368761 -1.246602 3.409103
1.000000 0.368761 -1.246602 3.409103
1.000000 0.368761 -1.246602 3.409103
1.000000 0.368761 -1.246602 3.409103
1.000000 0.368761 -1.246602 3.409103
1.000000 0.368761 -1.246602 3.409103
1.000000 0.368761 -1.246602 3.409103
1.000000 0.368761 -1.246602 3.409103
1.000000 0.368761 -1.246602 3.409103
1.000000 0.368761 -1.246602 3.409103
1.000000 0.368761 -1.246602 3.409103
1.000000 0.368761 -1.246602 3.409103
1.000000 0.368761 -1.246602 3.409103
1.000000 0.368761 -1.246602 3.409103
1.000000 0.368761 -1.246602 3.409103
1.000000 0.368761 -1.246602 3.409103
1.000000 0.368761 -1.246602 3.409103
0.699172 0.272042 -0.928447 2.152143
1.000000 0.368761 -1.246602 3.409103
1.000000 0.368761 -1.246602 3.409103
1.000000 0.368761 -1.246602 3.409103
0.693834 0.270326 -0.922801 2.129838
1.000000 0.368761 -1.246602 3.409103
1.000000 0.368761 -1.246602 3.409103
1.000000 0.368761 -1.246602 3.409103
1.000000 0.368761 -1.246602 3.409103
1.000000 0.368761 -1.246602 3.409103
1.000000 0.368761 -1.246602 3.409103
1.000000 0.368761 -1.246602 3.409103
1.000000 0.368761 -1.246602 3.409103
1.000000 0.368761 -1.246602 3.409103
1.000000 0.368761 -1.246602 3.409103
1.000000 0.368761 -1.246602 3.409103
1.000000 0.368761 -1.246602 3.409103
1.000000 0.368761 -1.246602 3.409103
1.000000 0.368761 -1.246602 3.409103
1.000000 0.368761 -1.246602 3.409103
1.000000 0.368761 -1.246602 3.409103
1.000000 0.368761 -1.246602 3.409103
1.000000 0.368761 -1.246602 3.409103
1.000000 0.368761 -1.246602 3.409103
1.000000 0.368761 -1.246602 3.409103
1.000000 0.368761 -1.246602 3.409103
1.000000 0.368761 -1.246602 3.409103
1.000000 0.368761 -1.246602 3.409103
1.000000 0.368761 -1.246602 3.409103
1.000000 0.368761 -1.246602 3.409103
1.000000 0.368761 -1.246602 3.409103
1.000000 0.368761 -1.246602 3.409103
1.000000 0.368761 -1.246602 3.409103
1.000000 0.368761 -1.246602 3.409103
1.000000 0.368761 -1.246602 3.409103
1.000000 0.368761 -1.246602 3.409103
1.000000 0.368761 -1.246602 3.409103
1.000000 0.368761 -1.246602 3.409103
1.000000 0.368761 -1.246602 3.409103
1.000000 0.368761 -1.246602 3.409103
1.000000 0.368761 -1.246602 3.409103
1.000000 0.368761 -1.246602 3.409103
1.000000 0.368761 -1.246602 3.409103
1.000000 0.368761 -1.246602 3.409103
1.000000 0.368761 -1.246602 3.409103
1.000000 0.368761 -1.246602 3.409103
1.000000 0.368761 -1.246602 3.409103
1.000000 0.368761 -1.246602 3.409103
1.000000 0.368761 -1.246602 3.409103
1.000000 0.368761 -1.246602 3.409103
1.000000 0.368761 -1.246602 3.409103
1.000000 0.368761 -1.246602 3.409103
1.000000 0.368761 -1.246602 3.409103
1.000000 0.368761 -1.246602 3.409103
1.000000 0.368761 -1.246602 3.409103
1.000000 0.368761 -1.246602 3.409103
1.000000 0.368761 -1.246602 3.409103
1.000000 0.368761 -1.246602 3.409103
1.000000 0.368761 -1.246602 3.409103
1.000000 0.368761 -1.246602 3.409103
1.000000 0.368761 -1.246602 3.409103
1.000000 0.368761 -1.246602 3.409103
1.000000 0.368761 -1.246602 3.409103
1.000000 0.368761 -1.246602 3.409103
1.000000 0.368761 -1.246602 3.409103
1.000000 0.368761 -1.246602 3.409103
1.000000 0.368761 -1.246602 3.409103
1.000000 0.368761 -1.246602 3.409103
1.000000 0.368761 -1.246602 3.409103
1.000000 0.368761 -1.246602 3.409103
1.000000 0.368761 -1.246602 3.409103
1.000000 0.368761 -1.246602 3.409103
1.000000 0.368761 -1.246602 3.409103
1.000000 0.368761 -1.246602 3.409103
1.000000 0.368761 -1.246602 3.409103
1.000000 0.368761 -1.246602 3.409103
1.000000 0.368761 -1.246602 3.409103
1.000000 0.368761 -1.246602 3.409103
1.000000 0.368761 -1.246602 3.409103
1.000000 0.368761 -1.246602 3.409103
1.000000 0.368761 -1.246602 3.409103
0.918539 0.343227 -1.145052 3.068731
0.714445 0.276952 -0.944600 2.215959
1.000000 0.368761 -1.246602 3.409103
1.000000 0.368761 -1.246602 3.409103
1.000000 0.368761 -1.246602 3.409103
1.000000 0.368761 -1.246602 3.409103
1.000000 0.368761 -1.246602 3.409103
1.000000 0.368761 -1.246602 3.409103
1.000000 0.368761 -1.246602 3.409103
1.000000 0.368761 -1.246602 3.409103
1.000000 0.368761 -1.246602 3.409103
1.000000 0.368761 -1.246602 3.409103
1.000000 0.368761 -1.246602 3.409103
1.000000 0.368761 -1.246602 3.409103
1.000000 0.368761 -1.246602 3.409103
1.000000 0.368761 -1.246602 3.409103
1.000000 0.368761 -1.246602 3.409103
1.000000 0.368761 -1.246602 3.409103
1.000000 0.368761 -1.246602 3.409103
1.000000 0.368761 -1.246602 3.409103
1.000000 0.368761 -1.246602 3.409103
1.000000 0.368761 -1.246602 3.409103
1.000000 0.368761 -1.246602 3.409103
1.000000 0.368761 -1.246602 3.409103
1.000000 0.368761 -1.246602 3.409103
1.000000 0.368761 -1.246602 3.409103
1.000000 0.368761 -1.246602 3.409103
1.000000 0.368761 -1.246602 3.409103
1.000000 0.368761 -1.246602 3.409103
1.000000 0.368761 -1.246602 3.409103
1.000000 0.368761 -1.246602 3.409103
1.000000 0.368761 -1.246602 3.409103
1.000000 0.368761 -1.246602 3.409103
1.000000 0.368761 -1.246602 3.409103
1.000000 0.368761 -1.246602 3.409103
1.000000 0.368761 -1.246602 3.409103
1.000000 0.368761 -1.246602 3.409103
1.000000 0.368761 -1.246602 3.409103
1.000000 0.368761 -1.246602 3.409103
1.000000 0.368761 -1.246602 3.409103
1.000000 0.368761 -1.246602 3.409103
1.000000 0.368761 -1.246602 3.409103
1.000000 0.368761 -1.246602 3.409103
1.000000 0.368761 -1.246602 3.409103
1.000000 0.368761 -1.246602 3.409103
1.000000 0.368761 -1.246602 3.409103
1.000000 0.368761 -1.246602 3.409103
1.000000 0.368761 -1.246602 3.409103
1.000000 0.368761 -1.246602 3.409103
1.000000 0.368761 -1.246602 3.409103
1.000000 0.368761 -1.246602 3.409103
1.000000 0.368761 -1.246602 3.409103
1.000000 0.368761 -1.246602 3.409103
1.000000 0.368761 -1.246602 3.409103
1.000000 0.368761 -1.246602 3.409103
1.000000 0.368761 -1.246602 3.409103
1.000000 0.368761 -1.246602 3.409103
1.000000 0.368761 -1.246602 3.409103
1.000000 0.368761 -1.246602 3.409103
1.000000 0.368761 -1.246602 3.409103
1.000000 0.368761 -1.246602 3.409103
1.000000 0.368761 -1.246602 3.409103
1.000000 0.368761 -1.246602 3.409103
1.000000 0.368761 -1.246602 3.409103
1.000000 0.368761 -1.246602 3.409103
1.000000 0.368761 -1.246602 3.409103
1.000000 0.368761 -1.246602 3.409103
1.000000 0.368761 -1.246602 3.409103
1.000000 0.368761 -1.246602 3.409103
1.000000 0.368761 -1.246602 3.409103
1.000000 0.368761 -1.246602 3.409103
1.000000 0.368761 -1.246602 3.409103
1.000000 0.368761 -1.246602 3.409103
1.000000 0.368761 -1.246602 3.409103
1.410102 4.243789 -0.805501 20.386170
1.000000 0.368761 -1.246602 3.409103
1.395483 4.105655 -0.821225 19.780984
1.000000 0.368761 -1.246602 3.409103
1.000000 0.368761 -1.246602 3.409103
1.000000 0.368761 -1.246602 3.409103
1.000000 0.368761 -1.246602 3.409103
1.000000 0.368761 -1.246602 3.409103
1.000000 0.368761 -1.246602 3.409103
1.000000 0.368761 -1.246602 3.409103
1.000000 0.368761 -1.246602 3.409103
1.000000 0.368761 -1.246602 3.409103
1.000000 0.368761 -1.246602 3.409103
1.000000 0.368761 -1.246602 3.409103
1.000000 0.368761 -1.246602 3.409103
1.000000 0.368761 -1.246602 3.409103
1.000000 0.368761 -1.246602 3.409103
1.000000 0.368761 -1.246602 3.409103
1.000000 0.368761 -1.246602 3.409103
1.000000 0.368761 -1.246602 3.409103
1.000000 0.368761 -1.246602 3.409103
1.000000 0.368761 -1.246602 3.409103
1.000000 0.368761 -1.246602 3.409103
1.000000 0.368761 -1.246602 3.409103
1.000000 0.368761 -1.246602 3.409103
1.000000 0.368761 -1.246602 3.409103
1.000000 0.368761 -1.246602 3.409103
1.000000 0.368761 -1.246602 3.409103
1.000000 0.368761 -1.246602 3.409103
1.000000 0.368761 -1.246602 3.409103
1.000000 0.368761 -1.246602 3.409103
1.000000 0.368761 -1.246602 3.409103
1.000000 0.368761 -1.246602 3.409103
1.000000 0.368761 -1.246602 3.409103
1.000000 0.368761 -1.246602 3.409103
1.000000 0.368761 -1.246602 3.409103
1.000000 0.368761 -1.246602 3.409103
1.000000 0.368761 -1.246602 3.409103
1.000000 0.368761 -1.246602 3.409103
1.394009 4.091726 -0.822811 19.719959
1.000000 0.368761 -1.246602 3.409103
1.000000 0.368761 -1.246602 3.409103
1.000000 0.368761 -1.246602 3.409103
1.000000 0.368761 -1.246602 3.409103
1.000000 0.368761 -1.246602 3.409103
1.000000 0.368761 -1.246602 3.409103
1.000000 0.368761 -1.246602 3.409103
1.000000 0.368761 -1.246602 3.409103
1.000000 0.368761 -1.246602 3.409103
1.000000 0.368761 -1.246602 3.409103
1.000000 0.368761 -1.246602 3.409103
1.000000 0.368761 -1.246602 3.409103
1.000000 0.368761 -1.246602 3.409103
1.000000 0.368761 -1.246602 3.409103
1.000000 0.368761 -1.246602 3.409103
1.000000 0.368761 -1.246602 3.409103
1.000000 0.368761 -1.246602 3.409103
1.000000 0.368761 -1.246602 3.409103
1.000000 0.368761 -1.246602 3.409103
1.000000 0.368761 -1.246602 3.409103
1.000000 0.368761 -1.246602 3.409103
1.415321 4.293102 -0.799888 20.602215
1.000000 0.368761 -1.246602 3.409103
1.000000 0.368761 -1.246602 3.409103
1.000000 0.368761 -1.246602 3.409103
1.000000 0.368761 -1.246602 3.409103
1.000000 0.368761 -1.246602 3.409103
1.000000 0.368761 -1.246602 3.409103
1.000000 0.368761 -1.246602 3.409103
1.000000 0.368761 -1.246602 3.409103
1.000000 0.368761 -1.246602 3.409103
1.000000 0.368761 -1.246602 3.409103
1.433563 4.465468 -0.780267 21.357379
1.000000 0.368761 -1.246602 3.409103
1.448964 4.610997 -0.763701 21.994962
1.000000 0.368761 -1.246602 3.409103
1.000000 0.368761 -1.246602 3.409103
1.000000 0.368761 -1.246602 3.409103
1.000000 0.368761 -1.246602 3.409103
1.000000 0.368761 -1.246602 3.409103
1.000000 0.368761 -1.246602 3.409103
1.000000 0.368761 -1.246602 3.409103
1.402744 4.174269 -0.813415 20.081591
1.000000 0.368761 -1.246602 3.409103
1.000000 0.368761 -1.246602 3.409103
1.000000 0.368761 -1.246602 3.409103
1.000000 0.368761 -1.246602 3.409103
1.000000 0.368761 -1.246602 3.409103
1.000000 0.368761 -1.246602 3.409103
1.000000 0.368761 -1.246602 3.409103
1.000000 0.368761 -1.246602 3.409103
0.758481 0.306185 -0.980839 2.399954
1.000000 0.368761 -1.246602 3.409103
1.000000 0.368761 -1.246602 3.409103
0.748230 0.303529 -0.969559 2.357123
1.000000 0.368761 -1.246602 3.409103
1.000000 0.368761 -1.246602 3.409103
1.000000 0.368761 -1.246602 3.409103
1.000000 0.368761 -1.246602 3.409103
1.000000 0.368761 -1.246602 3.409103
0.691875 0.269696 -0.920730 2.121652
1.000000 0.368761 -1.246602 3.409103
1.000000 0.368761 -1.246602 3.409103
1.000000 0.368761 -1.246602 3.409103
1.000000 0.368761 -1.246602 3.409103
1.000000 0.368761 -1.246602 3.409103
1.000000 0.368761 -1.246602 3.409103
1.000000 0.368761 -1.246602 3.409103
1.000000 0.368761 -1.246602 3.409103
1.000000 0.368761 -1.246602 3.409103
1.000000 0.368761 -1.246602 3.409103
0.707989 0.293103 -0.925280 2.188984
0.755519 0.305418 -0.977580 2.387580
1.000000 0.368761 -1.246602 3.409103
1.000000 0.368761 -1.246602 3.409103
1.000000 0.368761 -1.246602 3.409103
1.000000 0.368761 -1.246602 3.409103
1.000000 0.368761 -1.246602 3.409103
1.000000 0.368761 -1.246602 3.409103
1.000000 0.368761 -1.246602 3.409103
1.000000 0.368761 -1.246602 3.409103
1.000000 0.368761 -1.246602 3.409103
1.000000 0.368761 -1.246602 3.409103
1.000000 0.368761 -1.246602 3.409103
1.000000 0.368761 -1.246602 3.409103
1.000000 0.368761 -1.246602 3.409103
1.000000 0.368761 -1.246602 3.409103
1.000000 0.368761 -1.246602 3.409103
1.000000 0.368761 -1.246602 3.409103
1.000000 0.368761 -1.246602 3.409103
1.000000 0.368761 -1.246602 3.409103
1.000000 0.368761 -1.246602 3.409103
1.000000 0.368761 -1.246602 3.409103
1.000000 0.368761 -1.246602 3.409103
1.000000 0.368761 -1.246602 3.409103
0.685261 0.267569 -0.913735 2.094020
1.000000 0.368761 -1.246602 3.409103
1.000000 0.368761 -1.246602 3.409103
1.000000 0.368761 -1.246602 3.409103
1.000000 0.368761 -1.246602 3.409103
1.000000 0.368761 -1.246602 3.409103
1.000000 0.368761 -1.246602 3.409103
1.000000 0.368761 -1.246602 3.409103
1.000000 0.368761 -1.246602 3.409103
1.000000 0.368761 -1.246602 3.409103
1.000000 0.368761 -1.246602 3.409103
1.000000 0.368761 -1.246602 3.409103
1.000000 0.368761 -1.246602 3.409103
1.000000 0.368761 -1.246602 3.409103
1.000000 0.368761 -1.246602 3.409103
1.000000 0.368761 -1.246602 3.409103
