1.000000 7.969558 0.697246 34.564103
1.000000 7.969558 0.697246 34.564103
1.000000 7.969558 0.697246 34.564103
1.000000 7.969558 0.697246 34.564103
1.000000 7.969558 0.697246 34.564103
1.326252 9.635249 0.092763 43.181900
3.468903 16.414528 -6.207274 103.064764
2.888550 16.560570 -5.224162 90.950336
3.480011 15.309377 -6.639474 105.228868
2.036195 10.318790 -2.488561 63.360151
1.331926 5.974326 -0.945303 39.791450
1.247163 9.192110 0.292588 40.895223
1.000000 7.969558 0.697246 34.564103
1.360312 9.766058 0.069065 43.899585
1.000000 7.969558 0.697246 34.564103
2.272250 11.941849 -2.283689 65.656352
2.999764 14.633222 -4.152254 87.748486
2.393037 11.855578 -1.443645 68.250407
1.000000 7.969558 0.697246 34.564103
1.000000 7.969558 0.697246 34.564103
1.000000 7.969558 0.697246 34.564103
1.000000 7.969558 0.697246 34.564103
1.000000 7.969558 0.697246 34.564103
1.000000 7.969558 0.697246 34.564103
1.000000 7.969558 0.697246 34.564103
1.000000 7.969558 0.697246 34.564103
1.000000 7.969558 0.697246 34.564103
1.000000 7.969558 0.697246 34.564103
1.000000 7.969558 0.697246 34.564103
1.000000 7.969558 0.697246 34.564103
1.000000 7.969558 0.697246 34.564103
1.000000 7.969558 0.697246 34.564103
1.650522 12.026812 -0.785655 55.034719
1.000000 7.969558 0.697246 34.564103
1.000000 7.969558 0.697246 34.564103
1.000000 7.969558 0.697246 34.564103
1.225258 9.521186 0.362388 41.602793
1.000000 7.969558 0.697246 34.564103
5.478378 7.621429 -9.297502 159.738487
5.863332 8.840067 -8.228138 168.544480
4.694057 12.374457 -9.435624 134.212959
5.222336 9.702967 -9.422662 151.914677
5.396384 11.982348 -8.850872 152.316284
1.000000 7.969558 0.697246 34.564103
5.783966 6.789458 -5.967323 164.673768
1.000000 7.969558 0.697246 34.564103
1.000000 7.969558 0.697246 34.564103
1.000000 7.969558 0.697246 34.564103
1.000000 7.969558 0.697246 34.564103
1.000000 7.969558 0.697246 34.564103
1.000000 7.969558 0.697246 34.564103
1.000000 7.969558 0.697246 34.564103
1.436855 9.374787 0.561699 44.249972
6.421551 4.060632 -5.798531 185.864391
5.820222 6.572205 -4.933527 165.025255
6.084229 5.144984 -6.825302 175.142015
6.778832 2.938849 -3.125057 196.631244
6.424776 4.704504 -1.355095 182.227509
6.125023 4.921438 -4.038041 173.637025
4.781803 9.248424 -4.206804 133.410230
1.000000 7.969558 0.697246 34.564103
1.000000 7.969558 0.697246 34.564103
1.000000 7.969558 0.697246 34.564103
6.036672 5.781860 -7.709414 174.916164
5.343758 10.102940 -6.984489 150.546333
3.186039 11.776765 -0.751202 87.204807
4.655095 12.992903 -5.182280 126.357426
4.609020 11.726832 -9.072272 133.787363
5.506325 9.409678 -5.741487 155.989872
3.996726 13.005897 -6.327397 111.880427
6.368354 3.573024 -4.622535 182.453980
6.614631 2.994607 -1.479812 189.362256
1.000000 7.969558 0.697246 34.564103
1.000000 7.969558 0.697246 34.564103
1.000000 7.969558 0.697246 34.564103
1.000000 7.969558 0.697246 34.564103
1.000000 7.969558 0.697246 34.564103
1.000000 7.969558 0.697246 34.564103
1.000000 7.969558 0.697246 34.564103
1.000000 7.969558 0.697246 34.564103
1.000000 7.969558 0.697246 34.564103
1.000000 7.969558 0.697246 34.564103
6.144590 5.538486 -2.597614 172.967442
6.777089 2.267875 0.212057 195.429163
6.161603 4.752191 1.541866 173.206914
6.522341 2.105471 3.714888 186.308802
1.000000 7.969558 0.697246 34.564103
4.537438 9.129797 3.955795 124.099108
5.760144 8.215270 6.155767 160.316423
1.000000 7.969558 0.697246 34.564103
4.398354 10.963909 -0.158424 117.522662
5.158302 8.399164 -1.152344 140.988824
6.758106 1.808328 2.862526 194.927200
6.439174 3.360224 1.812571 182.894440
6.557837 2.162804 1.508517 187.152224
6.437919 4.625821 4.093939 183.468666
6.369914 4.057247 5.007423 181.025112
6.358107 3.430437 3.067810 180.200058
6.445188 2.590810 4.657673 183.653037
6.640610 2.508271 5.768263 191.375541
6.393581 3.233367 7.037661 182.927690
6.355910 4.898261 6.018113 180.282504
6.351230 3.610051 8.113465 182.601964
1.000000 7.969558 0.697246 34.564103
6.366657 6.497438 6.501104 179.975222
1.000000 7.969558 0.697246 34.564103
5.813932 7.362897 10.870431 165.257111
6.354332 4.328662 6.985517 180.881285
5.943753 4.872755 9.706605 170.260728
1.000000 7.969558 0.697246 34.564103
1.000000 7.969558 0.697246 34.564103
1.000000 7.969558 0.697246 34.564103
1.000000 7.969558 0.697246 34.564103
1.000000 7.969558 0.697246 34.564103
1.000000 7.969558 0.697246 34.564103
1.000000 7.969558 0.697246 34.564103
1.000000 7.969558 0.697246 34.564103
1.000000 7.969558 0.697246 34.564103
1.000000 7.969558 0.697246 34.564103
1.000000 7.969558 0.697246 34.564103
1.000000 7.969558 0.697246 34.564103
1.000000 7.969558 0.697246 34.564103
1.000000 7.969558 0.697246 34.564103
1.000000 7.969558 0.697246 34.564103
1.000000 7.969558 0.697246 34.564103
1.000000 7.969558 0.697246 34.564103
1.000000 7.969558 0.697246 34.564103
1.000000 7.969558 0.697246 34.564103
1.000000 7.969558 0.697246 34.564103
1.000000 7.969558 0.697246 34.564103
1.000000 7.969558 0.697246 34.564103
1.000000 7.969558 0.697246 34.564103
1.000000 7.969558 0.697246 34.564103
1.000000 7.969558 0.697246 34.564103
1.000000 7.969558 0.697246 34.564103
1.000000 7.969558 0.697246 34.564103
1.000000 7.969558 0.697246 34.564103
1.000000 7.969558 0.697246 34.564103
1.116036 8.654196 0.479102 37.836438
1.000000 7.969558 0.697246 34.564103
5.751959 5.637760 10.309640 164.404755
1.000000 7.969558 0.697246 34.564103
1.000000 7.969558 0.697246 34.564103
5.386938 9.407201 0.085384 147.600814
5.893122 6.786454 3.829998 165.160024
1.000000 7.969558 0.697246 34.564103
1.000000 7.969558 0.697246 34.564103
1.000000 7.969558 0.697246 34.564103
5.611999 8.805212 11.743525 160.226543
4.916096 7.615872 11.015793 141.132714
1.680918 7.327212 2.735309 49.932539
2.835900 8.483422 7.622320 85.927429
0.843115 4.016756 1.771609 24.715530
5.690517 9.683860 12.139387 161.565277
5.001551 9.396085 11.549655 144.150682
4.717100 8.246785 11.112067 136.342576
4.559477 11.895970 11.593150 133.089970
5.506511 6.231137 10.666692 157.616855
5.355882 7.037678 11.053781 153.407742
6.099442 5.266015 8.831083 173.147632
6.115350 6.370632 9.619276 173.549878
6.100812 4.315585 9.016469 174.359251
5.816860 6.501999 10.245426 165.375619
1.971633 10.469692 2.174780 56.844844
5.098444 10.984318 6.862656 137.248106
1.503943 9.917295 2.177711 46.887519
4.558938 11.382838 9.079200 126.244527
5.101072 11.195125 10.449332 142.446661
1.000000 7.969558 0.697246 34.564103
1.000000 7.969558 0.697246 34.564103
1.000000 7.969558 0.697246 34.564103
1.000000 7.969558 0.697246 34.564103
1.000000 7.969558 0.697246 34.564103
1.000000 7.969558 0.697246 34.564103
1.000000 7.969558 0.697246 34.564103
1.000000 7.969558 0.697246 34.564103
1.000000 7.969558 0.697246 34.564103
1.000000 7.969558 0.697246 34.564103
1.000000 7.969558 0.697246 34.564103
1.000000 7.969558 0.697246 34.564103
1.024519 8.070357 0.723991 35.116243
4.116870 11.705150 7.569084 112.097201
6.191965 6.584384 7.914556 173.934621
6.083438 8.514977 10.618645 170.908219
1.595433 9.692129 1.613673 48.048094
1.000000 7.969558 0.697246 34.564103
1.000000 7.969558 0.697246 34.564103
1.000000 7.969558 0.697246 34.564103
1.000000 7.969558 0.697246 34.564103
1.000000 7.969558 0.697246 34.564103
1.000000 7.969558 0.697246 34.564103
1.000000 7.969558 0.697246 34.564103
1.000000 7.969558 0.697246 34.564103
1.000000 7.969558 0.697246 34.564103
1.000000 7.969558 0.697246 34.564103
1.000000 7.969558 0.697246 34.564103
1.000000 7.969558 0.697246 34.564103
1.000000 7.969558 0.697246 34.564103
1.000000 7.969558 0.697246 34.564103
1.000000 7.969558 0.697246 34.564103
1.000000 7.969558 0.697246 34.564103
1.000000 7.969558 0.697246 34.564103
1.000000 7.969558 0.697246 34.564103
1.000000 7.969558 0.697246 34.564103
1.000000 7.969558 0.697246 34.564103
1.000000 7.969558 0.697246 34.564103
1.000000 7.969558 0.697246 34.564103
1.000000 7.969558 0.697246 34.564103
1.000000 7.969558 0.697246 34.564103
1.000000 7.969558 0.697246 34.564103
1.000000 7.969558 0.697246 34.564103
1.000000 7.969558 0.697246 34.564103
1.000000 7.969558 0.697246 34.564103
1.000000 7.969558 0.697246 34.564103
1.000000 7.969558 0.697246 34.564103
1.000000 7.969558 0.697246 34.564103
1.000000 7.969558 0.697246 34.564103
5.173359 11.666323 12.937769 148.264201
5.177319 11.936288 13.268241 149.551988
4.629028 13.676602 11.599381 131.547649
1.000000 7.969558 0.697246 34.564103
1.000000 7.969558 0.697246 34.564103
1.000000 7.969558 0.697246 34.564103
1.000000 7.969558 0.697246 34.564103
1.000000 7.969558 0.697246 34.564103
1.000000 7.969558 0.697246 34.564103
1.000000 7.969558 0.697246 34.564103
1.000000 7.969558 0.697246 34.564103
1.000000 7.969558 0.697246 34.564103
1.000000 7.969558 0.697246 34.564103
1.000000 7.969558 0.697246 34.564103
1.000000 7.969558 0.697246 34.564103
1.000000 7.969558 0.697246 34.564103
1.000000 7.969558 0.697246 34.564103
1.000000 7.969558 0.697246 34.564103
1.211651 8.758507 0.884347 39.318409
1.000000 7.969558 0.697246 34.564103
1.000000 7.969558 0.697246 34.564103
1.000000 7.969558 0.697246 34.564103
1.000000 7.969558 0.697246 34.564103
1.000000 7.969558 0.697246 34.564103
1.000000 7.969558 0.697246 34.564103
1.318909 9.754202 1.610221 43.805195
1.190095 9.186804 1.210816 40.464453
1.000000 7.969558 0.697246 34.564103
1.000000 7.969558 0.697246 34.564103
1.000000 7.969558 0.697246 34.564103
1.000000 7.969558 0.697246 34.564103
1.000000 7.969558 0.697246 34.564103
1.000000 7.969558 0.697246 34.564103
1.000000 7.969558 0.697246 34.564103
1.000000 7.969558 0.697246 34.564103
1.000000 7.969558 0.697246 34.564103
1.000000 7.969558 0.697246 34.564103
1.000000 7.969558 0.697246 34.564103
5.865816 8.393949 11.105797 165.601408
5.495507 7.740456 11.131254 156.669255
5.745705 11.686355 12.595633 162.675488
5.453680 10.857411 13.041274 156.731213
3.233827 11.267970 8.067526 96.705516
1.836889 11.214242 2.964065 56.141023
4.163096 14.615374 11.573274 121.536889
1.340447 9.557497 1.581368 43.458545
2.249849 11.795685 4.502939 67.201189
2.569702 12.947222 5.444301 76.686882
1.000000 7.969558 0.697246 34.564103
1.149137 8.829523 1.088388 38.785709
1.000000 7.969558 0.697246 34.564103
1.000000 7.969558 0.697246 34.564103
2.492128 14.361728 6.190046 78.561150
1.130578 8.805348 1.066436 38.644047
1.000000 7.969558 0.697246 34.564103
1.000000 7.969558 0.697246 34.564103
1.000000 7.969558 0.697246 34.564103
1.000000 7.969558 0.697246 34.564103
1.000000 7.969558 0.697246 34.564103
1.008135 8.004358 0.731423 34.758630
1.179967 8.767549 1.196943 38.945408
3.978211 13.420947 8.231543 110.467619
1.000000 7.969558 0.697246 34.564103
1.441961 10.044781 2.046497 46.344386
5.849453 9.358469 11.925415 165.567043
4.137054 13.259503 9.084644 116.545769
5.108394 13.438985 12.639043 145.359060
5.151632 9.431684 11.924697 147.511513
4.118609 10.258971 10.664708 120.801417
1.191554 8.979947 1.189375 39.686106
1.000000 7.969558 0.697246 34.564103
1.000000 7.969558 0.697246 34.564103
2.387241 11.633089 3.936892 68.833702
1.000000 7.969558 0.697246 34.564103
1.000000 7.969558 0.697246 34.564103
1.000000 7.969558 0.697246 34.564103
1.000000 7.969558 0.697246 34.564103
1.000000 7.969558 0.697246 34.564103
1.000000 7.969558 0.697246 34.564103
1.000000 7.969558 0.697246 34.564103
1.000000 7.969558 0.697246 34.564103
1.000000 7.969558 0.697246 34.564103
4.065930 11.282502 0.137500 108.251585
6.313736 6.033029 -0.055429 177.712214
4.762044 7.839608 1.454224 128.965670
3.911094 11.313084 3.558817 104.819794
6.275028 8.231614 9.043147 175.551786
6.278537 5.237086 7.997398 178.092377
6.148111 7.717403 9.799318 172.991658
5.391550 10.463140 8.997452 147.841567
1.000000 7.969558 0.697246 34.564103
2.221228 10.356769 1.784567 62.730461
1.447472 9.598376 1.761255 45.063887
3.215315 13.423754 8.767775 98.243212
2.273404 10.238530 4.885567 69.306688
2.582844 11.635628 6.308312 79.325272
1.000000 7.969558 0.697246 34.564103
1.000000 7.969558 0.697246 34.564103
0.885784 4.138871 1.785409 25.696553
1.000000 7.969558 0.697246 34.564103
1.000000 7.969558 0.697246 34.564103
1.000000 7.969558 0.697246 34.564103
1.000000 7.969558 0.697246 34.564103
1.000000 7.969558 0.697246 34.564103
1.000000 7.969558 0.697246 34.564103
1.000000 7.969558 0.697246 34.564103
1.000000 7.969558 0.697246 34.564103
1.000000 7.969558 0.697246 34.564103
1.000000 7.969558 0.697246 34.564103
1.000000 7.969558 0.697246 34.564103
1.000000 7.969558 0.697246 34.564103
1.000000 7.969558 0.697246 34.564103
1.000000 7.969558 0.697246 34.564103
1.000000 7.969558 0.697246 34.564103
1.000000 7.969558 0.697246 34.564103
1.000000 7.969558 0.697246 34.564103
1.000000 7.969558 0.697246 34.564103
1.000000 7.969558 0.697246 34.564103
1.000000 7.969558 0.697246 34.564103
1.000000 7.969558 0.697246 34.564103
1.000000 7.969558 0.697246 34.564103
1.000000 7.969558 0.697246 34.564103
1.000000 7.969558 0.697246 34.564103
1.000000 7.969558 0.697246 34.564103
1.000000 7.969558 0.697246 34.564103
1.000000 7.969558 0.697246 34.564103
1.000000 7.969558 0.697246 34.564103
1.000000 7.969558 0.697246 34.564103
1.000000 7.969558 0.697246 34.564103
1.000000 7.969558 0.697246 34.564103
1.000000 7.969558 0.697246 34.564103
1.551970 11.482711 2.400794 52.435099
1.000000 7.969558 0.697246 34.564103
1.000000 7.969558 0.697246 34.564103
1.000000 7.969558 0.697246 34.564103
1.000000 7.969558 0.697246 34.564103
1.000000 7.969558 0.697246 34.564103
1.000000 7.969558 0.697246 34.564103
1.000000 7.969558 0.697246 34.564103
1.000000 7.969558 0.697246 34.564103
1.000000 7.969558 0.697246 34.564103
1.000000 7.969558 0.697246 34.564103
1.000000 7.969558 0.697246 34.564103
1.000000 7.969558 0.697246 34.564103
1.565788 11.407122 2.549628 52.673084
1.361563 10.434964 1.679549 46.413513
1.253538 9.692960 1.378462 42.838928
1.000000 7.969558 0.697246 34.564103
1.000000 7.969558 0.697246 34.564103
1.000000 7.969558 0.697246 34.564103
1.556008 11.232801 2.507878 52.089335
1.556008 11.232801 2.507878 52.089335
1.000000 7.969558 0.697246 34.564103
1.000000 7.969558 0.697246 34.564103
1.000000 7.969558 0.697246 34.564103
1.000000 7.969558 0.697246 34.564103
1.000000 7.969558 0.697246 34.564103
1.000000 7.969558 0.697246 34.564103
0.099213 0.408787 -0.268017 2.551853
0.060126 0.261932 -0.184555 1.582811
0.136615 0.684910 -0.318728 3.771686
0.154103 0.790392 -0.360127 4.298500
0.009158 0.038602 -0.039307 0.223445
1.142133 8.993074 1.031415 39.304246
1.000000 7.969558 0.697246 34.564103
1.172598 9.176879 1.133952 40.255645
1.172598 9.176879 1.133952 40.255645
0.089508 0.470467 -0.180226 2.371498
0.124888 0.634399 -0.268975 3.356094
0.579110 3.234414 -0.119865 17.708154
0.716378 3.862316 0.083205 21.697496
0.481471 2.590036 -0.162925 14.298593
0.173968 0.923972 -0.229520 4.791543
0.134506 0.740988 -0.081401 3.604406
0.058438 0.336700 -0.091253 1.572766
0.424313 2.316157 -0.283755 12.661664
0.215819 1.126968 -0.323382 6.006871
0.205073 1.077068 -0.325380 5.743639
0.156482 0.778333 -0.286372 4.162639
0.066753 0.314266 -0.214304 1.817239
0.530423 2.846854 0.709243 15.970486
0.078352 0.496668 0.012043 2.216870
0.561694 2.967496 0.178394 16.682648
0.056995 0.329142 -0.089479 1.535107
1.093537 6.111275 1.292160 34.135791
1.954532 10.261445 4.376019 61.107859
2.634879 15.464887 6.830660 84.223568
2.784645 15.269509 7.380114 87.115503
1.861511 9.349784 3.683819 57.442364
1.452807 7.744809 2.340861 45.314361
2.722269 12.862675 7.071042 83.641821
1.460127 10.372165 2.158210 48.017359
3.216483 15.476228 9.075079 98.748152
1.465291 10.354804 2.147750 47.968697
3.680955 13.782165 10.273563 111.000386
2.625426 14.459142 6.280469 80.433949
2.006246 12.659502 4.189905 63.921865
3.506669 14.564047 8.888903 103.519744
3.146249 12.891558 8.491506 96.521489
3.373552 14.606578 9.282943 102.106686
1.417144 7.051429 2.077665 43.425539
1.611063 8.098002 2.618838 49.672725
1.610737 8.108661 2.646488 49.558349
2.582844 11.635628 6.308312 79.325272
2.158639 9.468837 4.670491 66.212896
0.228279 1.202318 -0.379823 6.470743
0.201767 1.055313 -0.217139 5.474104
0.102671 0.530157 -0.198536 2.705112
0.471644 2.756841 -0.283121 14.702329
0.891331 5.062271 0.585328 27.838480
0.462948 2.642223 -0.297882 14.270087
0.624200 3.586235 -0.044023 19.379476
0.735484 4.178828 0.166019 22.733467
0.886123 4.907358 0.550818 27.539420
0.715221 3.872514 0.103273 21.623502
0.362947 2.012096 -0.343692 10.942396
0.142271 0.776737 -0.074920 3.782245
0.381473 1.184937 -0.092142 9.661838
0.176611 0.666464 -0.166510 4.430401
0.447075 1.423113 0.218297 11.740403
0.167053 0.681964 0.497244 4.508689
0.271418 1.545329 -0.418267 8.285080
0.246273 1.265895 -0.403979 7.094324
0.335108 1.313014 -0.089085 8.912326
0.504566 1.822130 0.168180 13.615626
0.375221 1.381881 -0.053074 9.854880
0.485785 1.724915 0.232437 13.022623
0.508645 1.930322 0.223501 13.853116
0.331849 1.554568 0.628985 9.445514
0.554462 2.540529 0.208632 15.875929
1.565435 11.418148 2.551829 52.724147
0.592699 3.684855 0.308339 18.643100
0.597022 3.736542 0.320741 18.816856
0.722186 4.610750 0.607360 23.162192
1.414101 9.108537 2.559719 45.976858
1.414101 9.108537 2.559719 45.976859
0.756273 4.992661 0.799257 24.467690
1.196529 8.271701 1.836344 39.552763
0.863651 5.731925 1.036697 28.052264
0.016192 0.065170 -0.059362 0.382837
0.054097 0.157367 -0.148541 1.288282
0.068907 0.303714 -0.213235 1.809950
0.229427 0.915696 0.507246 6.219721
0.155781 0.796848 -0.360267 4.335315
0.142178 0.714018 -0.341406 3.940639
0.161628 0.834086 -0.388137 4.559838
0.539620 2.711290 0.070073 15.794457
0.511737 2.345801 0.113926 14.632735
0.526628 2.323156 0.103594 14.920532
0.464952 2.241404 0.424456 13.359780
0.561685 2.650945 0.202136 16.221171
0.530418 3.125437 0.531709 16.444491
0.552459 2.793297 0.224173 16.273220
0.763662 3.822499 0.599920 22.226942
0.427642 2.345119 -0.080128 12.886898
1.407258 7.000836 2.071578 43.217305
2.075255 9.275325 4.471839 64.084584
1.477292 6.861021 2.097633 44.125161
1.302882 6.353656 1.687092 39.595078
0.441205 2.536503 -0.318222 13.676516
1.843461 9.259052 3.602449 57.275077
0.620995 3.575354 -0.043364 19.323046
0.880133 4.883772 0.540082 27.384434
0.582941 3.238750 -0.127701 17.797702
0.472801 2.760856 -0.283216 14.720879
4.327270 12.268953 11.630736 127.126047
3.629547 13.346049 10.178272 109.433774
4.092656 14.402180 12.076332 122.869230
0.149042 0.874986 0.020137 4.118542
0.809221 4.266060 0.251756 24.251062
0.572606 3.009346 0.165136 16.943175
0.403923 2.220191 -0.253526 12.153380
3.335594 9.957358 8.047953 98.637772
2.794639 9.641226 6.868309 84.430508
1.392224 6.532592 2.006089 42.251071
3.208544 11.404247 8.170418 95.882164
3.070322 12.005097 5.127828 83.666899
4.534459 14.396897 12.300107 131.838263
2.516532 12.817592 5.461041 75.606942
0.238479 1.286932 -0.417213 6.936797
0.371032 2.061024 -0.357584 11.167034
0.159999 0.823880 -0.382443 4.506645
0.222232 1.206189 -0.427050 6.507262
0.163307 0.842659 -0.385028 4.596611
0.223167 1.178545 -0.380446 6.344498
0.145492 0.729480 -0.281408 3.911698
0.159101 0.797322 -0.335974 4.341250
0.124888 0.634399 -0.268975 3.356094
0.231454 0.976410 0.531468 6.361213
0.300643 0.881266 -0.005902 7.466999
0.257815 1.006748 -0.257588 6.640712
0.099824 0.447381 -0.276325 2.648372
0.109199 0.433671 0.135578 2.627960
0.345044 1.961373 -0.406492 10.538175
0.331464 1.860886 -0.390262 10.057941
0.301703 1.720416 -0.428260 9.245304
0.193876 1.044544 -0.419138 5.668496
0.301703 1.720416 -0.428260 9.245304
0.205883 1.138016 -0.432519 6.155688
0.137318 0.688140 -0.337596 3.813823
0.375094 1.586774 -0.175631 10.185891
0.146411 0.743329 -0.363248 4.101513
0.423858 1.671588 0.382554 11.519058
0.335535 1.965006 -0.414934 10.430680
1.449883 10.062775 2.475352 48.088562
1.562486 11.375830 2.543793 52.548368
1.525953 11.208260 2.370638 51.378025
0.580694 3.120259 0.232233 17.428847
0.575161 3.223729 0.293781 17.505097
0.577213 3.404276 0.267163 17.846686
0.569089 3.568000 0.194389 17.945975
0.760743 4.846494 0.694383 24.357904
0.569058 3.560465 0.174738 17.987215
0.564880 3.144727 0.181135 17.129416
0.569599 3.562356 0.175687 18.000338
0.557182 3.052335 0.082546 16.760904
0.543732 3.321496 0.074147 17.040140
0.535736 3.300243 0.061746 16.861895
0.555881 2.655691 0.197998 16.105286
0.551932 2.843459 0.229446 16.343484
0.550848 3.120333 0.115985 16.790818
0.901897 5.594914 1.017215 28.886814
0.915567 5.362277 0.928182 28.521332
0.742085 4.468181 0.503884 23.325976
1.420842 8.416487 2.584778 45.322281
0.452520 1.989282 0.437235 12.636803
0.549938 2.493276 0.275377 15.622273
0.456929 2.443385 0.576539 13.599385
0.403812 2.286820 0.656730 12.339823
0.517880 3.099207 0.576900 16.298302
0.540670 2.538722 0.267229 15.533806
0.504782 2.077209 0.076348 13.987329
0.415046 2.346641 -0.220071 12.547314
0.431848 1.705581 -0.080942 11.633664
0.491868 2.202528 0.026552 13.985450
0.363499 1.772611 -0.266786 10.410818
0.551634 3.085874 0.202152 16.740974
0.527479 3.170360 0.493306 16.435685
0.514177 3.086444 0.552069 16.092281
0.681506 4.240713 0.312928 21.763567
0.740046 5.020839 0.121486 24.020303
0.694522 4.605074 0.142348 22.389276
0.875021 6.018900 0.037269 28.544696
1.088532 7.634080 -0.239306 35.914967
0.530240 3.101457 0.293013 16.322639
0.554605 3.175667 0.182952 16.958963
0.527587 2.976313 0.212405 16.059228
0.526572 2.919896 0.235824 15.951777
0.668628 4.368587 0.146564 21.461674
0.217504 1.176857 -0.417513 6.361418
0.335535 1.965005 -0.414934 10.430680
0.356824 2.115810 -0.409468 11.118525
1.182568 6.427813 1.361463 36.728576
1.174711 6.405362 1.329111 36.722445
0.733532 4.172591 0.160874 22.722146
0.567616 3.304375 -0.139107 17.649727
0.892329 5.063579 0.590605 27.832465
0.911694 5.032426 0.559828 28.035420
0.923504 5.707229 1.068939 29.504932
0.742084 4.468181 0.503884 23.325976
0.896033 5.198315 0.829706 28.088194
0.659035 3.871600 0.101699 20.464892
0.483298 2.885735 -0.129497 14.976190
0.588442 3.590853 0.264750 18.382494
0.573955 3.174362 0.293179 17.387098
0.592987 3.584380 0.361439 18.471460
2.394200 12.094318 5.979133 74.385617
2.399874 13.993334 5.977262 76.789176
1.420842 8.416487 2.584778 45.322281
1.825249 12.323285 3.550974 59.951445
1.000000 7.969558 0.697246 34.564103
1.825249 12.323285 3.550974 59.951445
0.920776 5.774153 1.103330 29.393876
1.585110 11.002083 2.837436 52.573410
1.000000 7.969558 0.697246 34.564103
2.341036 11.499251 5.669718 72.538519
2.763335 14.958618 7.259604 86.310474
3.177298 15.316366 8.910693 97.696564
3.305796 14.707384 9.098364 99.985875
2.273886 10.248546 4.902712 69.242537
1.965352 10.475330 4.484687 61.585392
1.460165 7.782478 2.395700 45.294594
2.499879 14.490268 6.334959 79.693714
1.537935 8.561869 3.009935 48.614857
1.699592 9.836710 3.491256 53.902770
1.100085 6.169647 1.370194 34.145423
0.567656 3.304286 -0.140827 17.658573
0.483298 2.885735 -0.129497 14.976191
0.540295 3.226415 -0.113611 16.906880
0.559939 3.342479 -0.084410 17.501120
0.652148 3.843979 0.048085 20.463520
0.505759 2.996307 -0.224683 15.912188
0.435398 2.284748 -0.311796 12.874308
0.370853 2.112743 -0.364004 11.332349
0.353691 1.778559 -0.257042 10.247515
0.416749 2.336615 -0.230864 12.581646
1.672755 10.677610 3.342056 54.258813
1.000000 7.969558 0.697246 34.564103
1.000000 7.969558 0.697246 34.564103
1.000000 7.969558 0.697246 34.564103
1.000000 7.969558 0.697246 34.564103
1.000000 7.969558 0.697246 34.564103
1.000000 7.969558 0.697246 34.564103
1.000000 7.969558 0.697246 34.564103
1.000000 7.969558 0.697246 34.564103
1.000000 7.969558 0.697246 34.564103
0.529618 2.707880 0.416170 15.540627
0.250325 1.272313 -0.412551 7.179420
0.448727 2.479669 0.555900 13.534890
1.561128 10.971591 -0.967628 51.633123
1.677364 12.460257 -0.681551 56.362418
1.561128 10.971591 -0.967628 51.633123
1.677359 12.022123 -1.056898 55.825901
1.496020 10.699818 -0.777796 49.720593
0.554605 3.175667 0.182952 16.958964
0.514213 3.036783 0.168123 15.880091
0.501310 2.990917 0.257810 15.523321
0.761963 4.900947 0.141526 24.578649
0.856757 5.728842 0.023792 27.875607
0.520454 2.772604 0.397551 15.504422
0.525628 3.080420 0.430852 16.199058
0.572367 2.896241 0.259355 16.816440
0.668735 3.843507 0.477378 20.804437
1.860593 10.639170 -2.198489 58.565216
1.278431 7.210762 -0.610491 39.850639
2.221901 12.368955 -3.210913 69.407866
1.473737 9.372920 -1.192739 47.454311
1.072402 6.486672 -0.246467 33.950483
2.174033 14.226453 -2.478536 70.126073
1.304191 7.384431 -0.674031 40.362677
1.528903 10.384776 -1.074086 49.980642
2.034944 12.743403 -2.553520 65.449044
1.996014 12.238153 -2.462056 63.720062
2.135359 14.578504 -2.245707 70.040556
1.000000 7.969558 0.697246 34.564103
1.055506 8.362058 0.620724 36.315227
1.085977 8.509069 0.556706 37.068395
1.085977 8.509069 0.556706 37.068395
2.103332 14.626577 -1.998833 69.158936
1.099177 7.099895 -0.425416 35.550963
1.520742 10.334129 -1.058963 49.737445
0.856757 5.728842 0.023792 27.875607
1.650522 12.026812 -0.785655 55.034719
0.561664 2.894748 0.249296 16.608779
0.529132 3.089264 0.439226 16.284998
0.568279 3.167454 0.316814 17.188716
0.594511 3.761848 0.301154 18.971637
0.653692 4.309293 0.237163 21.152019
0.555596 3.143040 0.292193 16.905980
0.761963 4.900947 0.141526 24.578649
0.594511 3.761848 0.301154 18.971637
0.934994 6.348668 -0.040794 30.453764
1.478828 10.073674 -0.983725 48.479850
0.878064 6.041296 0.034189 28.641438
0.577690 3.518889 0.256157 18.097875
0.652312 4.288021 0.237032 21.079988
0.587556 3.674175 0.238383 18.594379
0.533984 2.849540 0.214667 15.975086
0.589505 3.609823 0.211398 18.481303
0.589505 3.609823 0.211398 18.481303
0.711234 4.268961 0.366852 22.433629
0.748420 4.636727 0.232823 23.807467
0.507379 3.011745 0.578504 15.905902
0.618943 3.908007 0.509860 19.638822
0.605887 3.866859 0.494255 19.288296
0.816455 5.526408 0.930154 26.654879
1.261895 8.836526 1.981015 41.895198
0.564390 3.075997 0.229173 16.965201
0.580663 3.426609 0.281990 17.958963
0.516401 2.768194 0.393860 15.422524
0.563500 2.882128 0.239154 16.639182
0.547941 2.746468 0.101785 16.034456
0.551187 2.779785 0.220582 16.230195
0.574730 3.169267 0.166118 17.361297
1.200812 8.299838 1.847357 39.686618
0.375660 1.165428 0.358124 9.740172
0.267763 1.081048 0.528723 7.193939
0.330755 1.633115 0.728696 9.523528
0.329118 1.537948 0.653154 9.498447
0.478151 2.226005 0.427105 13.568797
0.516617 2.085447 0.359011 14.198837
0.371718 1.972910 0.692660 11.040662
0.387767 2.071329 0.768460 11.647359
0.406273 2.275288 0.675395 12.393048
0.380952 2.080798 0.733854 11.501469
0.456738 2.584904 0.673602 14.003133
0.312521 1.466236 0.736157 8.827254
0.324789 1.619630 0.739618 9.377492
0.326702 1.033288 0.646697 8.420408
0.303610 1.458234 0.674692 8.747812
0.331066 1.271335 0.372775 8.898928
0.295999 1.395519 0.648417 8.524465
0.358628 1.556977 0.760829 9.935620
0.271667 1.315252 0.735428 7.835663
0.338994 1.540609 0.718164 9.525553
0.417231 2.131087 0.792221 12.294431
0.362316 1.672155 0.662628 10.327129
0.516595 2.903226 0.667130 15.813316
0.383881 2.083762 0.753007 11.605001
0.335461 1.728526 0.704039 9.864126
0.329023 1.697448 0.728012 9.686896
0.538372 2.994545 0.687895 16.484578
0.390356 2.123068 0.754363 11.800069
0.384762 1.998144 0.774962 11.357316
0.330486 1.631408 0.728451 9.517075
0.343489 1.545472 0.647578 9.664656
0.321520 1.532689 0.660954 9.248536
0.524994 2.862227 0.712064 15.998339
0.323126 1.513023 0.660058 9.269551
0.582740 3.630963 0.441321 18.380082
0.756848 4.996547 0.800623 24.485704
1.449883 10.062775 2.475352 48.088562
0.958811 6.366403 1.265258 31.189734
1.583913 10.976811 2.829879 52.475298
1.347685 10.196974 1.735541 45.779575
1.347685 10.196974 1.735541 45.779575
1.218682 9.465119 1.285519 41.757918
1.000000 7.969558 0.697246 34.564103
0.592987 3.584380 0.361439 18.471460
0.684045 4.404994 0.625404 21.907980
0.745139 4.752809 0.657975 23.880625
0.537512 3.223536 -0.058186 16.699541
0.863651 5.731924 1.036697 28.052264
0.930973 6.098949 1.180923 30.224207
0.683410 4.397454 0.622841 21.888978
0.930973 6.098949 1.180923 30.224207
0.522838 2.963086 0.219163 15.943710
0.554877 3.288526 0.333537 17.168102
0.532282 2.928643 0.226837 16.081554
0.560190 3.225899 0.179028 17.165308
0.538763 2.936899 0.241902 16.233096
0.567482 3.164001 0.301430 17.247586
0.546054 2.864439 0.243035 16.257471
0.549297 3.038473 0.198200 16.604672
0.552889 2.853520 0.229886 16.377867
0.555391 2.871321 0.228886 16.457931
0.618947 3.910582 0.511137 19.641639
0.560154 3.296082 0.323223 17.282913
0.525259 3.122777 0.314434 16.260142
0.581569 3.591413 0.125454 18.240481
1.205854 8.551579 -0.372417 39.940238
0.807336 5.446497 0.091665 26.255642
1.130946 7.924731 -0.299153 37.256212
1.608717 11.287513 -1.050240 53.117990
1.130946 7.924731 -0.299153 37.256212
1.384561 9.934919 -0.598006 46.075756
0.931494 6.533635 -0.051004 30.672864
1.205854 8.551579 -0.372417 39.940238
0.758285 5.179353 0.056324 24.688231
0.694693 4.608697 0.142497 22.399609
0.631013 4.078274 0.114462 20.107800
0.931494 6.533635 -0.051004 30.672864
0.631013 4.078274 0.114462 20.107800
0.583269 3.607333 0.123065 18.300982
0.807336 5.446497 0.091665 26.255642
1.496020 10.699818 -0.777796 49.720593
1.056960 8.377340 0.633969 36.359995
1.016629 8.096687 0.685164 35.116346
1.000000 7.969558 0.697246 34.564103
1.150153 9.073492 0.536666 39.434040
1.715963 12.793798 -0.725513 57.785648
1.567259 11.509037 -0.679432 52.525872
1.530169 11.020590 -0.804189 51.010525
1.140497 8.978723 0.530583 39.031746
1.692984 12.547204 -0.720968 56.813838
1.432811 11.060885 0.030203 48.727802
1.051164 8.346733 0.648281 36.216088
1.000000 7.969558 0.697246 34.564103
1.114995 7.954639 -0.239658 36.983605
0.073960 0.326692 0.255788 1.972620
0.126179 0.499269 0.360237 3.253793
0.753286 3.967118 0.522024 22.537139
0.544566 3.370801 0.142326 17.081066
0.517934 3.053242 0.162559 15.980298
0.740046 5.020839 0.121486 24.020303
5.762542 6.903820 -8.475889 166.474774
3.099904 16.205855 -6.193239 96.838041
1.247666 9.447532 0.226260 41.679096
2.935002 16.728289 -5.306824 92.132609
1.247781 9.560398 0.263417 41.970007
1.000000 7.969558 0.697246 34.564103
1.000000 7.969558 0.697246 34.564103
2.174033 14.226453 -2.478535 70.126072
1.000000 7.969558 0.697246 34.564103
0.750355 4.624140 0.266346 23.926366
0.806760 4.942063 0.200635 25.592308
0.714544 4.285522 0.363674 22.522576
0.843467 5.006658 0.184748 26.446042
0.562316 3.282494 0.548912 17.478890
1.201387 7.206151 -0.489979 37.884022
1.099177 7.099895 -0.425416 35.550963
1.473737 9.372920 -1.192739 47.454310
1.940393 13.305029 -1.795661 63.576732
1.666142 11.726034 -0.864336 54.084728
1.071495 6.491864 -0.256943 33.908724
0.838502 4.961308 0.203088 26.381641
1.791243 10.338103 -2.045856 56.698276
1.060994 6.161633 -0.181493 33.171167
1.060994 6.161633 -0.181493 33.171167
0.314335 1.544563 0.738850 9.025009
2.838780 16.234740 -5.005463 89.369598
0.373096 1.843646 0.690810 10.744273
0.458446 1.728020 0.349904 12.348047
0.338277 1.701065 0.709626 9.849138
0.669209 3.859628 0.460280 20.756272
0.368111 1.967001 0.682097 10.953549
0.561224 3.263942 0.562796 17.497568
0.500405 2.935653 0.592625 15.633637
1.000000 7.969558 0.697246 34.564103
1.000000 7.969558 0.697246 34.564103
1.000000 7.969558 0.697246 34.564103
1.000000 7.969558 0.697246 34.564103
1.000000 7.969558 0.697246 34.564103
1.000000 7.969558 0.697246 34.564103
1.000000 7.969558 0.697246 34.564103
1.000000 7.969558 0.697246 34.564103
1.000000 7.969558 0.697246 34.564103
1.000000 7.969558 0.697246 34.564103
1.000000 7.969558 0.697246 34.564103
1.000000 7.969558 0.697246 34.564103
1.000000 7.969558 0.697246 34.564103
1.000000 7.969558 0.697246 34.564103
1.000000 7.969558 0.697246 34.564103
1.000000 7.969558 0.697246 34.564103
2.906432 10.967783 -1.193127 81.098165
1.729296 10.241724 -0.647624 51.758911
1.000000 7.969558 0.697246 34.564103
1.000000 7.969558 0.697246 34.564103
1.000000 7.969558 0.697246 34.564103
1.000000 7.969558 0.697246 34.564103
1.000000 7.969558 0.697246 34.564103
1.384561 9.934919 -0.598006 46.075756
1.709483 12.818341 -0.658485 57.701445
1.000000 7.969558 0.697246 34.564103
1.015746 8.088802 0.684289 35.082592
1.000000 7.969558 0.697246 34.564103
1.000000 7.969558 0.697246 34.564103
1.000000 7.969558 0.697246 34.564103
1.000000 7.969558 0.697246 34.564103
1.000000 7.969558 0.697246 34.564103
1.000000 7.969558 0.697246 34.564103
1.000000 7.969558 0.697246 34.564103
1.000000 7.969558 0.697246 34.564103
1.000000 7.969558 0.697246 34.564103
1.000000 7.969558 0.697246 34.564103
1.000000 7.969558 0.697246 34.564103
1.000000 7.969558 0.697246 34.564103
1.000000 7.969558 0.697246 34.564103
1.000000 7.969558 0.697246 34.564103
1.000000 7.969558 0.697246 34.564103
1.000000 7.969558 0.697246 34.564103
1.000000 7.969558 0.697246 34.564103
1.000000 7.969558 0.697246 34.564103
1.000000 7.969558 0.697246 34.564103
4.486450 14.569921 -8.292514 126.969095
2.624667 14.608118 -3.796626 80.050219
2.404085 10.555827 -3.775128 72.800436
3.391279 16.303519 -6.063463 101.000750
3.041721 16.508467 -5.672246 93.770972
2.673604 9.338290 -5.169425 81.589849
0.813992 3.486719 -0.745564 22.153292
2.862165 8.434204 -6.228656 87.216352
1.000000 7.969558 0.697246 34.564103
1.000000 7.969558 0.697246 34.564103
1.000000 7.969558 0.697246 34.564103
1.000000 7.969558 0.697246 34.564103
1.686060 11.559755 -0.819956 53.706344
3.343281 17.140088 -6.964479 103.554786
3.242476 14.840875 -6.233200 99.310883
4.210286 10.282516 -8.772262 123.722842
1.270526 9.555878 0.202016 42.222167
4.043680 14.923060 -8.469847 118.400047
2.128538 11.881851 -2.168021 63.627082
5.344707 9.844877 -9.074110 152.986898
3.395166 9.813272 -6.182694 100.744107
5.022970 8.280196 -9.733100 147.360355
1.000000 7.969558 0.697246 34.564103
1.056964 8.376685 0.621159 36.379179
1.940393 13.305029 -1.795661 63.576732
2.191596 14.667611 -2.471850 71.422828
1.000000 7.969558 0.697246 34.564103
1.000000 7.969558 0.697246 34.564103
1.000000 7.969558 0.697246 34.564103
1.013502 8.071900 0.688281 35.004590
1.000000 7.969558 0.697246 34.564103
1.000000 7.969558 0.697246 34.564103
1.715963 12.793798 -0.725513 57.785648
1.013213 8.069100 0.688133 34.991929
1.001159 7.978490 0.696736 34.602321
1.000000 7.969558 0.697246 34.564103
1.000000 7.969558 0.697246 34.564103
1.000000 7.969558 0.697246 34.564103
1.000000 7.969558 0.697246 34.564103
1.000000 7.969558 0.697246 34.564103
1.000000 7.969558 0.697246 34.564103
1.000000 7.969558 0.697246 34.564103
1.000000 7.969558 0.697246 34.564103
1.000000 7.969558 0.697246 34.564103
1.000000 7.969558 0.697246 34.564103
1.000000 7.969558 0.697246 34.564103
1.000000 7.969558 0.697246 34.564103
1.000000 7.969558 0.697246 34.564103
1.000000 7.969558 0.697246 34.564103
1.000000 7.969558 0.697246 34.564103
1.000000 7.969558 0.697246 34.564103
1.000000 7.969558 0.697246 34.564103
1.000000 7.969558 0.697246 34.564103
1.000000 7.969558 0.697246 34.564103
1.000000 7.969558 0.697246 34.564103
1.000000 7.969558 0.697246 34.564103
1.000000 7.969558 0.697246 34.564103
1.000000 7.969558 0.697246 34.564103
1.000000 7.969558 0.697246 34.564103
1.000000 7.969558 0.697246 34.564103
1.000000 7.969558 0.697246 34.564103
1.000000 7.969558 0.697246 34.564103
1.000000 7.969558 0.697246 34.564103
1.000000 7.969558 0.697246 34.564103
1.000000 7.969558 0.697246 34.564103
1.000000 7.969558 0.697246 34.564103
1.000000 7.969558 0.697246 34.564103
1.000000 7.969558 0.697246 34.564103
1.000000 7.969558 0.697246 34.564103
1.000000 7.969558 0.697246 34.564103
1.000000 7.969558 0.697246 34.564103
1.000000 7.969558 0.697246 34.564103
1.000000 7.969558 0.697246 34.564103
1.000000 7.969558 0.697246 34.564103
1.000000 7.969558 0.697246 34.564103
0.139666 0.694473 0.324316 3.787314
0.515385 2.553951 -0.125488 14.701778
1.483810 6.333950 -1.182151 43.623810
2.475124 9.705524 -4.491826 75.667020
1.536505 6.833714 -1.230306 45.538642
0.204255 1.092584 0.191298 5.600040
0.819994 3.875574 0.231653 23.736515
0.785202 3.778382 0.286726 22.888059
0.112457 0.605190 0.230985 3.101055
0.460853 2.291133 0.691316 13.393124
2.996099 10.471219 -5.517610 89.405189
0.910355 4.509139 0.199800 27.070125
1.447465 6.617032 -1.090576 43.321831
0.976926 4.789324 0.219733 28.775199
0.153330 0.715066 0.370878 4.113321
0.460853 2.291133 0.691316 13.393124
0.236092 1.099789 0.652745 6.704128
0.290342 1.405508 0.738226 8.400913
0.272013 1.342156 0.702955 8.008896
0.429430 2.168270 0.795396 12.638421
0.409659 2.114421 0.788645 12.068853
0.300606 1.427918 0.733587 8.544008
0.432573 2.225207 0.788262 12.680269
0.450982 2.284797 0.791811 13.168267
0.850292 4.376103 0.387583 25.368984
0.743467 3.316099 -0.787557 20.536016
0.101442 0.510239 0.277020 2.781697
0.531453 2.652164 0.779797 15.417402
0.225572 1.157052 0.248681 6.098419
0.813442 4.147964 0.449725 24.384627
4.260792 14.018197 -9.016387 125.430464
0.656115 3.525496 0.605662 19.815950
0.657111 3.521157 0.617088 19.874146
1.431980 7.022788 -0.881592 43.152329
2.326486 11.332086 -3.224422 71.402144
2.132376 11.230354 -2.930628 66.161225
3.816008 11.634484 -8.340685 113.042895
3.644090 14.394223 -7.975239 110.216971
1.634073 7.445615 -1.167510 48.496752
2.818770 10.940831 -4.560113 84.134996
3.647216 13.259133 -7.648586 109.342688
3.088379 13.184802 -6.333772 94.973156
1.387683 6.681463 -0.673983 41.883972
2.333409 9.977749 -3.474131 71.183025
2.014909 9.500205 -2.769887 62.177522
2.082071 11.050343 -2.808379 64.840614
0.332219 1.585135 0.668194 9.582205
0.323995 1.578070 0.734948 9.270002
0.367243 1.642741 0.666888 10.487447
0.464305 1.983404 0.720432 12.806387
0.532224 2.894882 0.709611 16.186167
0.391207 2.088842 0.768645 11.740334
0.409939 2.126557 0.775548 12.052769
1.245563 6.353085 -0.500171 38.067296
0.458636 2.586670 0.692327 14.101080
0.517267 2.890688 0.697536 15.908305
1.351399 6.972350 -0.595369 41.001033
1.138082 6.069559 -0.179641 34.960119
1.126497 6.054042 -0.205670 34.634602
0.798437 4.454450 0.388129 24.712725
0.721305 3.804831 0.533694 21.815646
0.758965 4.271545 0.430029 23.634783
0.761672 4.326890 0.371355 23.523050
0.236092 1.099789 0.652745 6.704128
1.000000 7.969558 0.697246 34.564103
