1.000000 7.969558 0.697246 34.564103
1.000000 7.969558 0.697246 34.564103
1.000000 7.969558 0.697246 34.564103
1.000000 7.969558 0.697246 34.564103
1.000000 7.969558 0.697246 34.564103
1.336064 9.680921 0.072048 43.438686
3.477690 16.420765 -6.236933 103.300330
2.898346 16.577000 -5.262703 91.217616
3.477748 15.284140 -6.624452 105.116336
2.034869 10.305383 -2.480855 63.292505
1.332957 5.976753 -0.943665 39.807858
1.256082 9.231446 0.276299 41.119695
1.000000 7.969558 0.697246 34.564103
1.375277 9.825171 0.040516 44.265141
1.002159 7.981933 0.693913 34.621086
2.283527 11.954874 -2.309670 65.925835
3.018631 14.679241 -4.203048 88.246384
2.410682 11.885382 -1.468415 68.679228
1.000000 7.969558 0.697246 34.564103
1.000000 7.969558 0.697246 34.564103
1.000000 7.969558 0.697246 34.564103
1.000000 7.969558 0.697246 34.564103
1.000000 7.969558 0.697246 34.564103
1.000000 7.969558 0.697246 34.564103
1.000000 7.969558 0.697246 34.564103
1.000000 7.969558 0.697246 34.564103
1.000000 7.969558 0.697246 34.564103
1.000000 7.969558 0.697246 34.564103
1.000000 7.969558 0.697246 34.564103
1.000000 7.969558 0.697246 34.564103
1.000000 7.969558 0.697246 34.564103
1.000000 7.969558 0.697246 34.564103
1.652950 12.038858 -0.792602 55.102456
1.000000 7.969558 0.697246 34.564103
1.000000 7.969558 0.697246 34.564103
1.000000 7.969558 0.697246 34.564103
1.231872 9.563865 0.349830 41.804747
1.000000 7.969558 0.697246 34.564103
5.479884 7.620015 -9.294264 159.730800
5.864974 8.832233 -8.220876 168.541327
4.700849 12.354576 -9.431543 134.362831
5.222588 9.697476 -9.413423 151.871083
5.401437 11.965410 -8.852021 152.439757
1.000000 7.969558 0.697246 34.564103
5.789947 6.782163 -5.962667 164.821294
1.000000 7.969558 0.697246 34.564103
1.000000 7.969558 0.697246 34.564103
1.000000 7.969558 0.697246 34.564103
1.000000 7.969558 0.697246 34.564103
1.000000 7.969558 0.697246 34.564103
1.000000 7.969558 0.697246 34.564103
1.000000 7.969558 0.697246 34.564103
1.452609 9.416578 0.551206 44.599136
6.425127 4.058351 -5.794374 185.904824
5.825846 6.560190 -4.933862 165.176360
6.087631 5.144102 -6.819303 175.189351
6.781899 2.935381 -3.123842 196.634932
6.427889 4.697135 -1.356411 182.247052
6.129439 4.915202 -4.037671 173.722117
4.793775 9.228034 -4.214914 133.766031
1.000000 7.969558 0.697246 34.564103
1.000000 7.969558 0.697246 34.564103
1.000000 7.969558 0.697246 34.564103
6.039372 5.781959 -7.705498 174.941447
5.351516 10.087067 -6.981374 150.729522
3.201801 11.779835 -0.761777 87.604452
4.672385 12.974902 -5.205712 126.806141
4.610805 11.714532 -9.055784 133.786937
5.515222 9.395581 -5.738939 156.225178
4.015013 12.999022 -6.354443 112.347818
6.371819 3.570149 -4.619535 182.490206
6.617829 2.990599 -1.481357 189.371610
1.000000 7.969558 0.697246 34.564103
1.000000 7.969558 0.697246 34.564103
1.000000 7.969558 0.697246 34.564103
1.000000 7.969558 0.697246 34.564103
1.000000 7.969558 0.697246 34.564103
1.000000 7.969558 0.697246 34.564103
1.000000 7.969558 0.697246 34.564103
1.000000 7.969558 0.697246 34.564103
1.000000 7.969558 0.697246 34.564103
1.000000 7.969558 0.697246 34.564103
6.149022 5.530336 -2.602308 173.053347
6.781332 2.268080 0.209635 195.462543
6.167973 4.754503 1.541535 173.327535
6.527040 2.109181 3.719126 186.353669
1.000000 7.969558 0.697246 34.564103
4.550510 9.120211 3.954536 124.441212
5.769810 8.208853 6.151538 160.535296
1.000000 7.969558 0.697246 34.564103
4.413995 10.945555 -0.177091 117.937952
5.169634 8.383547 -1.170358 141.304747
6.763293 1.811425 2.865201 194.985227
6.444336 3.365078 1.814192 182.963926
6.562618 2.166178 1.508061 187.203627
6.442696 4.629121 4.094031 183.526869
6.373928 4.061483 5.010680 181.054587
6.363116 3.434909 3.069880 180.263259
6.449325 2.594792 4.663283 183.680138
6.644657 2.512056 5.776508 191.397690
6.396486 3.236915 7.046406 182.921103
6.359593 4.902212 6.020242 180.305334
6.353125 3.613759 8.123871 182.566068
1.000000 7.969558 0.697246 34.564103
6.370740 6.498485 6.499821 180.018267
1.000000 7.969558 0.697246 34.564103
5.811409 7.350705 10.864329 165.124427
6.357013 4.332187 6.990839 180.872898
5.943240 4.873443 9.714340 170.162449
1.000000 7.969558 0.697246 34.564103
1.000000 7.969558 0.697246 34.564103
1.000000 7.969558 0.697246 34.564103
1.000000 7.969558 0.697246 34.564103
1.000000 7.969558 0.697246 34.564103
1.000000 7.969558 0.697246 34.564103
1.000000 7.969558 0.697246 34.564103
1.000000 7.969558 0.697246 34.564103
1.000000 7.969558 0.697246 34.564103
1.000000 7.969558 0.697246 34.564103
1.000000 7.969558 0.697246 34.564103
1.000000 7.969558 0.697246 34.564103
1.000000 7.969558 0.697246 34.564103
1.000000 7.969558 0.697246 34.564103
1.000000 7.969558 0.697246 34.564103
1.000000 7.969558 0.697246 34.564103
1.000000 7.969558 0.697246 34.564103
1.000000 7.969558 0.697246 34.564103
1.000000 7.969558 0.697246 34.564103
1.000000 7.969558 0.697246 34.564103
1.000000 7.969558 0.697246 34.564103
1.000000 7.969558 0.697246 34.564103
1.000000 7.969558 0.697246 34.564103
1.000000 7.969558 0.697246 34.564103
1.000000 7.969558 0.697246 34.564103
1.000000 7.969558 0.697246 34.564103
1.000000 7.969558 0.697246 34.564103
1.000000 7.969558 0.697246 34.564103
1.000000 7.969558 0.697246 34.564103
1.120513 8.678646 0.469660 37.959769
1.000000 7.969558 0.697246 34.564103
5.750816 5.634368 10.313659 164.296470
1.000000 7.969558 0.697246 34.564103
1.000000 7.969558 0.697246 34.564103
5.395705 9.386588 0.085588 147.813040
5.900921 6.781874 3.830278 165.332674
1.000000 7.969558 0.697246 34.564103
1.000000 7.969558 0.697246 34.564103
1.000000 7.969558 0.697246 34.564103
5.611099 8.797952 11.735358 160.140732
4.914929 7.610413 11.011412 141.030343
1.681361 7.326794 2.733596 49.921873
2.836367 8.482381 7.618668 85.898355
0.843433 4.017069 1.770831 24.712417
5.689844 9.675510 12.132212 161.493675
5.001860 9.395246 11.541320 144.097946
4.717550 8.245061 11.105782 136.292067
4.558396 11.890852 11.585970 133.016620
5.504742 6.227506 10.667994 157.489102
5.354687 7.032117 11.050840 153.303476
6.099481 5.264713 8.835274 173.071723
6.113808 6.361771 9.617533 173.437106
6.101393 4.316401 9.025231 174.292969
5.814933 6.494061 10.244411 165.251135
1.993205 10.513662 2.211968 57.355988
5.109645 10.949696 6.865633 137.551043
1.518328 9.962056 2.218588 47.235791
4.576895 11.366926 9.100734 126.732682
5.107799 11.180595 10.469069 142.622843
1.000000 7.969558 0.697246 34.564103
1.000000 7.969558 0.697246 34.564103
1.000000 7.969558 0.697246 34.564103
1.000000 7.969558 0.697246 34.564103
1.000000 7.969558 0.697246 34.564103
1.000000 7.969558 0.697246 34.564103
1.000000 7.969558 0.697246 34.564103
1.000000 7.969558 0.697246 34.564103
1.000000 7.969558 0.697246 34.564103
1.000000 7.969558 0.697246 34.564103
1.000000 7.969558 0.697246 34.564103
1.000000 7.969558 0.697246 34.564103
1.035273 8.114004 0.735274 35.357868
4.136279 11.672166 7.593238 112.608072
6.194329 6.579323 7.910087 173.938878
6.081248 8.492830 10.603752 170.810907
1.617330 9.741518 1.653579 48.553420
1.000000 7.969558 0.697246 34.564103
1.000000 7.969558 0.697246 34.564103
1.000000 7.969558 0.697246 34.564103
1.000000 7.969558 0.697246 34.564103
1.000000 7.969558 0.697246 34.564103
1.000000 7.969558 0.697246 34.564103
1.000000 7.969558 0.697246 34.564103
1.000000 7.969558 0.697246 34.564103
1.000000 7.969558 0.697246 34.564103
1.000000 7.969558 0.697246 34.564103
1.000000 7.969558 0.697246 34.564103
1.000000 7.969558 0.697246 34.564103
1.000000 7.969558 0.697246 34.564103
1.000000 7.969558 0.697246 34.564103
1.000000 7.969558 0.697246 34.564103
1.000000 7.969558 0.697246 34.564103
1.000000 7.969558 0.697246 34.564103
1.000000 7.969558 0.697246 34.564103
1.000000 7.969558 0.697246 34.564103
1.000000 7.969558 0.697246 34.564103
1.000000 7.969558 0.697246 34.564103
1.000000 7.969558 0.697246 34.564103
1.000000 7.969558 0.697246 34.564103
1.000000 7.969558 0.697246 34.564103
1.000000 7.969558 0.697246 34.564103
1.000000 7.969558 0.697246 34.564103
1.000000 7.969558 0.697246 34.564103
1.000000 7.969558 0.697246 34.564103
1.000000 7.969558 0.697246 34.564103
1.000000 7.969558 0.697246 34.564103
1.000000 7.969558 0.697246 34.564103
1.000000 7.969558 0.697246 34.564103
5.181573 11.672603 12.951776 148.456770
5.177058 11.929903 13.263024 149.506192
4.640864 13.658680 11.627225 131.862296
1.000000 7.969558 0.697246 34.564103
1.000000 7.969558 0.697246 34.564103
1.000000 7.969558 0.697246 34.564103
1.000000 7.969558 0.697246 34.564103
1.000000 7.969558 0.697246 34.564103
1.000000 7.969558 0.697246 34.564103
1.000000 7.969558 0.697246 34.564103
1.000000 7.969558 0.697246 34.564103
1.000000 7.969558 0.697246 34.564103
1.000000 7.969558 0.697246 34.564103
1.000000 7.969558 0.697246 34.564103
1.000000 7.969558 0.697246 34.564103
1.000000 7.969558 0.697246 34.564103
1.000000 7.969558 0.697246 34.564103
1.000000 7.969558 0.697246 34.564103
1.222191 8.793977 0.894125 39.552302
1.000000 7.969558 0.697246 34.564103
1.000000 7.969558 0.697246 34.564103
1.000000 7.969558 0.697246 34.564103
1.000000 7.969558 0.697246 34.564103
1.000000 7.969558 0.697246 34.564103
1.000000 7.969558 0.697246 34.564103
1.323059 9.774680 1.623214 43.921893
1.192930 9.203753 1.219208 40.550596
1.000000 7.969558 0.697246 34.564103
1.000000 7.969558 0.697246 34.564103
1.000000 7.969558 0.697246 34.564103
1.000000 7.969558 0.697246 34.564103
1.000000 7.969558 0.697246 34.564103
1.000000 7.969558 0.697246 34.564103
1.000000 7.969558 0.697246 34.564103
1.000000 7.969558 0.697246 34.564103
1.000000 7.969558 0.697246 34.564103
1.000000 7.969558 0.697246 34.564103
1.000000 7.969558 0.697246 34.564103
5.862185 8.376421 11.093697 165.450119
5.493748 7.730857 11.124653 156.554389
5.751690 11.695084 12.613742 162.810520
5.456991 10.865309 13.039459 156.775054
3.233991 11.263439 8.060561 96.668529
1.855392 11.260681 3.016889 56.601767
4.175386 14.601002 11.607128 121.859923
1.349955 9.592970 1.606503 43.695943
2.267675 11.821345 4.549690 67.639644
2.580643 12.979251 5.477991 76.976869
1.000000 7.969558 0.697246 34.564103
1.156162 8.866009 1.108184 38.978643
1.000000 7.969558 0.697246 34.564103
1.000000 7.969558 0.697246 34.564103
2.501509 14.388803 6.227422 78.823846
1.132270 8.815044 1.071805 38.695011
1.000000 7.969558 0.697246 34.564103
1.000000 7.969558 0.697246 34.564103
1.000000 7.969558 0.697246 34.564103
1.000000 7.969558 0.697246 34.564103
1.000000 7.969558 0.697246 34.564103
1.011708 8.019201 0.746565 34.842843
1.189287 8.803571 1.221662 39.168821
3.997688 13.445217 8.292864 110.977163
1.000000 7.969558 0.697246 34.564103
1.455512 10.098851 2.089094 46.697881
5.847892 9.345795 11.918150 165.482779
4.154014 13.279148 9.139976 117.004712
5.111866 13.418780 12.650627 145.450626
5.152441 9.429872 11.916303 147.474173
4.118216 10.256460 10.657867 120.739922
1.200065 9.018624 1.212380 39.905082
1.000000 7.969558 0.697246 34.564103
1.000000 7.969558 0.697246 34.564103
2.398933 11.650973 3.965941 69.128332
1.000000 7.969558 0.697246 34.564103
1.000000 7.969558 0.697246 34.564103
1.000000 7.969558 0.697246 34.564103
1.000000 7.969558 0.697246 34.564103
1.000000 7.969558 0.697246 34.564103
1.000000 7.969558 0.697246 34.564103
1.000000 7.969558 0.697246 34.564103
1.000000 7.969558 0.697246 34.564103
1.000000 7.969558 0.697246 34.564103
4.081506 11.276439 0.148763 108.651366
6.317887 6.022963 -0.055912 177.769492
4.774841 7.839166 1.460314 129.295722
3.927422 11.311097 3.567104 105.216785
6.276060 8.210102 9.028896 175.538863
6.280037 5.237458 7.998777 178.057406
6.145762 7.700238 9.789192 172.872193
5.399335 10.427688 9.006949 148.070540
1.000000 7.969558 0.697246 34.564103
2.233872 10.369921 1.786455 63.025499
1.460055 9.632575 1.776624 45.340285
3.215780 13.417721 8.760939 98.219350
2.273366 10.234063 4.879390 69.276594
2.582815 11.630410 6.301065 79.293132
1.000000 7.969558 0.697246 34.564103
1.000000 7.969558 0.697246 34.564103
0.886280 4.139616 1.784630 25.696876
1.000000 7.969558 0.697246 34.564103
1.000000 7.969558 0.697246 34.564103
1.000000 7.969558 0.697246 34.564103
1.000000 7.969558 0.697246 34.564103
1.000000 7.969558 0.697246 34.564103
1.000000 7.969558 0.697246 34.564103
1.000000 7.969558 0.697246 34.564103
1.000000 7.969558 0.697246 34.564103
1.000000 7.969558 0.697246 34.564103
1.000000 7.969558 0.697246 34.564103
1.000000 7.969558 0.697246 34.564103
1.000000 7.969558 0.697246 34.564103
1.000000 7.969558 0.697246 34.564103
1.000000 7.969558 0.697246 34.564103
1.000000 7.969558 0.697246 34.564103
1.000000 7.969558 0.697246 34.564103
1.000000 7.969558 0.697246 34.564103
1.000000 7.969558 0.697246 34.564103
1.000000 7.969558 0.697246 34.564103
1.000000 7.969558 0.697246 34.564103
1.000000 7.969558 0.697246 34.564103
1.000000 7.969558 0.697246 34.564103
1.000000 7.969558 0.697246 34.564103
1.000000 7.969558 0.697246 34.564103
1.000000 7.969558 0.697246 34.564103
1.000000 7.969558 0.697246 34.564103
1.000000 7.969558 0.697246 34.564103
1.000000 7.969558 0.697246 34.564103
1.000000 7.969558 0.697246 34.564103
1.000000 7.969558 0.697246 34.564103
1.000000 7.969558 0.697246 34.564103
1.000000 7.969558 0.697246 34.564103
1.553424 11.489476 2.406517 52.476815
1.000000 7.969558 0.697246 34.564103
1.000000 7.969558 0.697246 34.564103
1.000000 7.969558 0.697246 34.564103
1.000000 7.969558 0.697246 34.564103
1.000000 7.969558 0.697246 34.564103
1.000000 7.969558 0.697246 34.564103
1.000000 7.969558 0.697246 34.564103
1.000000 7.969558 0.697246 34.564103
1.000000 7.969558 0.697246 34.564103
1.000000 7.969558 0.697246 34.564103
1.000000 7.969558 0.697246 34.564103
1.000000 7.969558 0.697246 34.564103
1.566783 11.410265 2.554011 52.697843
1.363139 10.444462 1.684643 46.462330
1.255120 9.702822 1.383259 42.888457
1.000000 7.969558 0.697246 34.564103
1.000000 7.969558 0.697246 34.564103
1.000000 7.969558 0.697246 34.564103
1.558272 11.243682 2.515985 52.155421
1.558327 11.243949 2.516144 52.156873
1.000000 7.969558 0.697246 34.564103
1.000000 7.969558 0.697246 34.564103
1.000000 7.969558 0.697246 34.564103
1.000000 7.969558 0.697246 34.564103
1.000000 7.969558 0.697246 34.564103
1.000000 7.969558 0.697246 34.564103
0.099619 0.410005 -0.268788 2.560109
0.060366 0.262713 -0.185132 1.587830
0.137006 0.686435 -0.319458 3.779878
0.154447 0.791740 -0.360843 4.305502
0.009201 0.038749 -0.039482 0.224346
1.143208 9.000473 1.034215 39.339226
1.000000 7.969558 0.697246 34.564103
1.173769 9.184551 1.137271 40.292990
1.173792 9.184702 1.137330 40.293691
0.089732 0.471393 -0.180719 2.376186
0.125205 0.635653 -0.269622 3.362677
0.579622 3.235884 -0.120604 17.713986
0.716832 3.863298 0.082487 21.700259
0.481927 2.591399 -0.163581 14.304346
0.174271 0.925138 -0.230053 4.797315
0.134742 0.741940 -0.081725 3.608816
0.058602 0.337461 -0.091566 1.576332
0.424774 2.317643 -0.284437 12.668246
0.216162 1.128228 -0.324010 6.013168
0.205424 1.078381 -0.326021 5.750229
0.156950 0.780148 -0.287067 4.172404
0.066964 0.315042 -0.214911 1.821779
0.530808 2.847857 0.708801 15.973319
0.078480 0.497273 0.011915 2.219307
0.562094 2.968510 0.177820 16.685929
0.057129 0.329754 -0.089753 1.537933
1.094016 6.111288 1.290164 34.134242
1.954015 10.253886 4.369985 61.063896
2.639220 15.471891 6.849735 84.338682
2.791731 15.284681 7.407681 87.302455
1.861582 9.346395 3.679019 57.420260
1.453133 7.743387 2.337669 45.304464
2.721354 12.852821 7.062442 83.581916
1.464718 10.391300 2.174281 48.145741
3.222285 15.483722 9.095253 98.891852
1.469915 10.373902 2.163583 48.096882
3.682320 13.773905 10.269908 111.002472
2.635793 14.489516 6.318749 80.717098
2.015369 12.693805 4.223531 64.177711
3.514425 14.579694 8.908404 103.714272
3.146007 12.882833 8.483951 96.482950
3.377243 14.610400 9.290026 102.184492
1.417612 7.050974 2.075541 43.418762
1.611488 8.096778 2.615417 49.663167
1.611200 8.107539 2.643004 49.549413
2.582877 11.630482 6.300974 79.294075
2.158388 9.464719 4.665250 66.176927
0.228650 1.203689 -0.380507 6.477575
0.202085 1.056485 -0.217672 5.479886
0.102971 0.531373 -0.199133 2.711466
0.472225 2.758862 -0.283982 14.711646
0.892023 5.063826 0.583836 27.845695
0.463440 2.643841 -0.298572 14.277051
0.624808 3.588018 -0.044959 19.387325
0.736233 4.180982 0.164778 22.743758
0.886653 4.908283 0.549712 27.542123
0.715720 3.873664 0.102490 21.627299
0.363391 2.013631 -0.344368 10.949397
0.142501 0.777648 -0.075247 3.786451
0.382834 1.187035 -0.092162 9.688346
0.177199 0.668004 -0.167060 4.441618
0.448577 1.425178 0.218029 11.769870
0.167414 0.683000 0.497890 4.515416
0.272100 1.548074 -0.418998 8.299311
0.246979 1.268319 -0.404640 7.108465
0.336211 1.315467 -0.088848 8.933724
0.506202 1.824394 0.168554 13.645867
0.376750 1.384666 -0.052664 9.885235
0.487337 1.727089 0.232593 13.051580
0.510131 1.932666 0.223656 13.879738
0.332900 1.557849 0.629615 9.467930
0.556068 2.543859 0.209018 15.905214
1.566411 11.420955 2.556230 52.747708
0.594097 3.689864 0.310104 18.672649
0.598424 3.741682 0.322537 18.846873
0.722834 4.611744 0.607237 23.168350
1.413480 9.100780 2.556913 45.941878
1.413476 9.100854 2.556957 45.942143
0.757025 4.993661 0.800223 24.476472
1.196550 8.268115 1.836533 39.541121
0.864058 5.731181 1.036872 28.051353
0.016281 0.065449 -0.059644 0.384609
0.054385 0.157939 -0.149141 1.294268
0.069161 0.304580 -0.213849 1.815225
0.230014 0.917162 0.507809 6.230742
0.156153 0.798300 -0.361003 4.342884
0.142581 0.715601 -0.342162 3.949052
0.162027 0.835677 -0.388919 4.568012
0.541262 2.715685 0.071097 15.827018
0.513362 2.349513 0.114565 14.663385
0.528403 2.326920 0.104035 14.954684
0.466613 2.246169 0.424254 13.395606
0.563284 2.654400 0.202700 16.250039
0.531539 3.128719 0.532301 16.467240
0.554016 2.797025 0.224861 16.300825
0.764137 3.823457 0.599206 22.229337
0.428066 2.346455 -0.080705 12.892522
1.407606 7.000020 2.069557 43.207956
2.075073 9.271462 4.466846 64.050741
1.477752 6.860772 2.095941 44.118030
1.303360 6.353757 1.685693 39.590262
0.441710 2.538214 -0.318926 13.684006
1.843730 9.256666 3.597689 57.259195
0.621542 3.576933 -0.044239 19.329727
0.880700 4.884830 0.538984 27.387928
0.583428 3.240102 -0.128402 17.802940
0.473424 2.763027 -0.284119 14.730994
4.327207 12.260464 11.620498 127.076791
3.629201 13.332373 10.173164 109.396172
4.097479 14.390375 12.088444 122.980995
0.149246 0.875833 0.019918 4.122081
0.809666 4.266855 0.250960 24.252561
0.573075 3.010588 0.164474 16.947858
0.404358 2.221612 -0.254160 12.159640
3.335680 9.955125 8.043509 98.595897
2.795009 9.639648 6.864488 84.401570
1.392665 6.532538 2.004773 42.243737
3.208392 11.397900 8.162992 95.836703
3.090496 12.003465 5.144437 84.142545
4.538551 14.375835 12.307816 131.935738
2.527727 12.850387 5.495157 75.902399
0.238873 1.288419 -0.417934 6.944080
0.371492 2.062615 -0.358286 11.174266
0.160393 0.825434 -0.383209 4.514675
0.222637 1.207757 -0.427803 6.514968
0.163683 0.844142 -0.385776 4.604242
0.223550 1.179973 -0.381146 6.351628
0.145921 0.731151 -0.282110 3.920707
0.159543 0.799055 -0.336702 4.350448
0.125214 0.635686 -0.269637 3.362854
0.232370 0.978590 0.532306 6.379595
0.301755 0.882905 -0.006036 7.488671
0.258756 1.009078 -0.257951 6.659256
0.100202 0.448695 -0.277047 2.656196
0.109578 0.434707 0.135638 2.634789
0.345508 1.963058 -0.407213 10.545883
0.331918 1.862529 -0.390970 10.065544
0.302153 1.722110 -0.428996 9.253199
0.194283 1.046160 -0.419915 5.676554
0.302169 1.722172 -0.429024 9.253527
0.206301 1.139691 -0.433305 6.163932
0.137724 0.689721 -0.338368 3.822291
0.376695 1.590441 -0.174915 10.218536
0.146824 0.744965 -0.364038 4.110094
0.425510 1.674997 0.382250 11.553176
0.336090 1.967136 -0.415849 10.440869
1.450026 10.059766 2.476334 48.081856
1.563447 11.378603 2.548100 52.571634
1.527371 11.214614 2.376061 51.417736
0.582401 3.125004 0.233423 17.461488
0.576784 3.228510 0.295268 17.536538
0.578871 3.410069 0.269057 17.882250
0.570024 3.571131 0.194820 17.963270
0.761028 4.845706 0.693660 24.354209
0.569939 3.563423 0.174963 18.003356
0.566666 3.150549 0.182729 17.166791
0.570580 3.565672 0.176042 18.018755
0.558980 3.058137 0.083843 16.798703
0.544830 3.325521 0.074398 17.062001
0.536624 3.303540 0.061726 16.878909
0.557485 2.659236 0.198530 16.134112
0.553506 2.847352 0.230169 16.371317
0.552559 3.126285 0.117439 16.827640
0.901875 5.592036 1.015316 28.871995
0.915902 5.361777 0.926687 28.517655
0.742579 4.468902 0.502853 23.328849
1.420204 8.408474 2.580688 45.282050
0.454226 1.993439 0.436925 12.673183
0.551835 2.497684 0.274866 15.661070
0.458422 2.448437 0.576971 13.633110
0.404743 2.290304 0.657748 12.360880
0.518483 3.100548 0.578118 16.308521
0.542493 2.543209 0.266859 15.570989
0.506526 2.080500 0.076885 14.020851
0.416528 2.352064 -0.219551 12.579697
0.433637 1.709158 -0.079937 11.670182
0.493505 2.206300 0.026910 14.017390
0.364925 1.776699 -0.266605 10.440683
0.553078 3.089532 0.201662 16.767621
0.528440 3.173135 0.493610 16.454584
0.514934 3.088463 0.552933 16.106409
0.681760 4.239082 0.313950 21.758766
0.740889 5.022130 0.120064 24.031998
0.695475 4.606799 0.141069 22.403383
0.875008 6.014999 0.037189 28.530080
1.088356 7.628353 -0.239765 35.894372
0.531516 3.104492 0.293904 16.342612
0.555962 3.178674 0.182643 16.981553
0.528892 2.979158 0.212774 16.079186
0.527949 2.923233 0.236407 15.973840
0.669530 4.370130 0.145480 21.474817
0.217900 1.178388 -0.418253 6.368989
0.336072 1.967068 -0.415824 10.440517
0.357454 2.118294 -0.410560 11.130752
1.183188 6.428300 1.359337 36.729678
1.175338 6.405973 1.326984 36.724275
0.734244 4.174632 0.159649 22.731855
0.568363 3.306916 -0.140247 17.662088
0.893059 5.065217 0.589149 27.840015
0.912414 5.034062 0.558417 28.042896
0.923425 5.704049 1.066942 29.488513
0.742555 4.468830 0.502872 23.328461
0.896513 5.198733 0.828232 28.088976
0.659721 3.873640 0.100646 20.474599
0.484446 2.890182 -0.129461 15.000197
0.589935 3.596070 0.266380 18.413758
0.575569 3.178810 0.294470 17.417172
0.594559 3.589512 0.363388 18.503213
2.393421 12.084127 5.971333 74.327525
2.400517 13.985198 5.981154 76.791307
1.420197 8.408543 2.580749 45.282298
1.828103 12.334804 3.561275 60.031089
1.000000 7.969558 0.697246 34.564103
1.828185 12.335144 3.561507 60.033139
0.920660 5.770777 1.101488 29.376273
1.585635 11.001257 2.839797 52.579076
1.000000 7.969558 0.697246 34.564103
2.340317 11.491022 5.662518 72.487954
2.767782 14.964279 7.276730 86.420735
3.182032 15.321057 8.926968 97.811408
3.313093 14.720002 9.119673 100.165612
2.273907 10.244183 4.896505 69.213028
1.964692 10.466540 4.478359 61.535079
1.460448 7.780701 2.392528 45.282552
2.501599 14.486642 6.342831 79.726977
1.537599 8.555978 3.005466 48.580668
1.698754 9.826760 3.486376 53.853602
1.100473 6.169092 1.368202 34.140768
0.568376 3.306732 -0.141951 17.670501
0.484487 2.890339 -0.129467 15.001074
0.541149 3.229477 -0.114385 16.922387
0.560634 3.344833 -0.085373 17.512361
0.652881 3.846292 0.046947 20.474773
0.506510 2.999051 -0.225789 15.925627
0.436893 2.289459 -0.312276 12.905750
0.371904 2.116703 -0.364579 11.354760
0.355034 1.782721 -0.256783 10.275971
0.417956 2.340986 -0.230706 12.607205
1.672129 10.669200 3.339340 54.222519
1.000000 7.969558 0.697246 34.564103
1.000000 7.969558 0.697246 34.564103
1.000000 7.969558 0.697246 34.564103
1.000000 7.969558 0.697246 34.564103
1.000000 7.969558 0.697246 34.564103
1.000000 7.969558 0.697246 34.564103
1.000000 7.969558 0.697246 34.564103
1.000000 7.969558 0.697246 34.564103
1.000000 7.969558 0.697246 34.564103
0.531508 2.713516 0.415961 15.582320
0.251044 1.274708 -0.413244 7.193782
0.450165 2.484876 0.556271 13.568176
1.561147 10.966219 -0.969520 51.618697
1.679793 12.473241 -0.688674 56.433153
1.561165 10.966216 -0.969556 51.618855
1.677443 12.017139 -1.059581 55.814144
1.495849 10.693481 -0.779529 49.700604
0.556031 3.178873 0.182658 16.982911
0.515247 3.038491 0.168053 15.892429
0.502368 2.993031 0.258241 15.537094
0.761909 4.897348 0.142740 24.563870
0.856531 5.723991 0.024597 27.854967
0.522228 2.778272 0.397192 15.544114
0.527014 3.084903 0.430582 16.228729
0.574071 2.900540 0.259250 16.850163
0.669110 3.843340 0.478747 20.806907
1.858547 10.619427 -2.191065 58.473845
1.277922 7.202982 -0.607104 39.817609
2.219490 12.345340 -3.201945 69.299781
1.472415 9.359515 -1.188807 47.392445
1.071783 6.478389 -0.243575 33.914909
2.180391 14.253993 -2.496717 70.303207
1.303605 7.375918 -0.670540 40.326391
1.528920 10.379099 -1.075385 49.964432
2.033348 12.726286 -2.548570 65.371527
1.994417 12.221659 -2.456700 63.645328
2.140728 14.602065 -2.263494 70.195425
1.000000 7.969558 0.697246 34.564103
1.056631 8.369780 0.618953 36.350160
1.087585 8.518658 0.553776 37.114324
1.087618 8.518847 0.553737 37.115174
2.107476 14.644627 -2.012485 69.275242
1.098360 7.090646 -0.422746 35.508992
1.520594 10.327345 -1.059944 49.716010
0.856523 5.724016 0.024584 27.855027
1.653016 12.039196 -0.792742 55.104163
0.563336 2.899096 0.249114 16.641775
0.530520 3.093704 0.439030 16.314766
0.569912 3.172096 0.316239 17.222328
0.595359 3.763749 0.301083 18.985730
0.654208 4.309407 0.236908 21.156055
0.557188 3.147700 0.291504 16.938752
0.761897 4.897352 0.142717 24.563813
0.595395 3.763873 0.301090 18.986464
0.934676 6.342967 -0.040148 30.429818
1.478491 10.065794 -0.984298 48.452779
0.878088 6.037817 0.034060 28.628454
0.579073 3.522927 0.255408 18.125520
0.652942 4.288496 0.236671 21.086450
0.588856 3.678092 0.237364 18.620243
0.535402 2.852874 0.215042 15.998485
0.590887 3.613681 0.210360 18.508013
0.590951 3.613899 0.210359 18.509351
0.711450 4.267248 0.368519 22.429320
0.748362 4.633241 0.234192 23.793036
0.508263 3.014351 0.579571 15.923483
0.620132 3.911268 0.511399 19.659770
0.607047 3.869880 0.495778 19.307608
0.817085 5.526860 0.931259 26.661035
1.261849 8.832467 1.981325 41.881803
0.565918 3.079775 0.228842 16.993776
0.582387 3.432516 0.283996 17.995788
0.518192 2.773999 0.393465 15.462661
0.565041 2.885758 0.239387 16.667223
0.549662 2.751014 0.102884 16.068442
0.552715 2.783507 0.221295 16.257485
0.576531 3.175050 0.167611 17.398983
1.200891 8.296719 1.847716 39.677116
0.376812 1.167081 0.358167 9.762569
0.268396 1.082690 0.529241 7.205860
0.331558 1.636099 0.729557 9.541505
0.329783 1.540291 0.653733 9.512681
0.479875 2.230606 0.426876 13.605537
0.518278 2.088760 0.358749 14.232176
0.372885 1.977173 0.693428 11.067218
0.388391 2.073411 0.769438 11.660189
0.407221 2.278756 0.676413 12.414237
0.381664 2.083294 0.734954 11.516814
0.457343 2.586658 0.674762 14.014782
0.313261 1.468996 0.736853 8.843482
0.325564 1.622613 0.740494 9.395108
0.327410 1.034558 0.647112 8.432923
0.304456 1.461079 0.675522 8.765901
0.332121 1.273508 0.372969 8.919563
0.296823 1.398119 0.649210 8.541724
0.359597 1.560363 0.761966 9.957474
0.272140 1.317132 0.736129 7.845966
0.339860 1.543830 0.719023 9.545147
0.417575 2.132102 0.792645 12.299782
0.363092 1.674882 0.663149 10.343869
0.517110 2.904375 0.668279 15.821958
0.384596 2.086233 0.754104 11.620294
0.336443 1.732197 0.704982 9.886516
0.329853 1.700618 0.728984 9.705766
0.538855 2.995528 0.689016 16.492322
0.390985 2.125188 0.755424 11.813279
0.385365 2.000159 0.775845 11.369569
0.331315 1.634439 0.729350 9.535549
0.344598 1.548654 0.648263 9.688021
0.322264 1.535201 0.661715 9.264320
0.525467 2.863242 0.713048 16.005756
0.323853 1.515432 0.660774 9.284905
0.583950 3.634022 0.442632 18.400022
0.757608 4.997727 0.801655 24.495192
1.450042 10.059779 2.476369 48.082046
0.958796 6.363300 1.264344 31.176066
1.584425 10.976023 2.832188 52.480959
1.349394 10.206527 1.741288 45.831571
1.349358 10.206324 1.741184 45.830549
1.219916 9.472871 1.289282 41.796979
1.000000 7.969558 0.697246 34.564103
0.594499 3.589301 0.363340 18.501957
0.685142 4.408091 0.626966 21.927774
0.745570 4.752720 0.657521 23.880828
0.538275 3.226202 -0.058807 16.712719
0.864034 5.731117 1.036854 28.050977
0.931034 6.096259 1.179925 30.212784
0.684477 4.400416 0.624344 21.908124
0.931020 6.096245 1.179929 30.212664
0.524148 2.965961 0.219612 15.963548
0.556247 3.292295 0.334835 17.191997
0.533670 2.931956 0.227337 16.104019
0.561564 3.229089 0.178535 17.189076
0.540169 2.940304 0.242497 16.256276
0.569080 3.168492 0.302817 17.277283
0.547556 2.868038 0.243624 16.283082
0.550699 3.041741 0.197965 16.628999
0.554415 2.857099 0.230382 16.404170
0.556922 2.874991 0.229058 16.485530
0.620174 3.914014 0.512734 19.663393
0.561534 3.299829 0.324436 17.307071
0.526500 3.125798 0.315409 16.279465
0.582671 3.593430 0.124490 18.256268
1.205542 8.544737 -0.373094 39.915342
0.807434 5.443579 0.091767 26.245208
1.130740 7.918987 -0.299635 37.235414
1.608932 11.283360 -1.052575 53.109670
1.130751 7.918972 -0.299645 37.235442
1.384242 9.927607 -0.599319 46.050132
0.931839 6.531367 -0.052209 30.668494
1.205555 8.544716 -0.373117 39.915364
0.758979 5.179185 0.054961 24.693456
0.695607 4.610459 0.141263 22.413323
0.631995 4.079746 0.113226 20.120783
0.931811 6.531289 -0.052177 30.668025
0.632045 4.079911 0.113195 20.121747
0.584350 3.609424 0.122048 18.316811
0.807451 5.443607 0.091775 26.245417
1.495863 10.693467 -0.779568 49.700685
1.058302 8.386785 0.632309 36.401904
1.017022 8.099664 0.684835 35.129311
1.000000 7.969558 0.697246 34.564103
1.152467 9.090160 0.533734 39.508361
1.717928 12.803204 -0.732242 57.840638
1.567747 11.507521 -0.683051 52.529029
1.530005 11.014132 -0.806162 50.990065
1.142695 8.994193 0.527618 39.100997
1.695438 12.560004 -0.728304 56.884542
1.435650 11.079642 0.024601 48.816423
1.052424 8.355909 0.646945 36.256465
1.000000 7.969558 0.697246 34.564103
1.114952 7.949553 -0.240848 36.966871
0.074107 0.327195 0.256109 1.975259
0.126441 0.499989 0.360634 3.258239
0.753640 3.967020 0.522983 22.539165
0.545439 3.371623 0.141930 17.089201
0.518961 3.054965 0.162416 15.992811
0.740934 5.022299 0.120019 24.032916
5.764463 6.901686 -8.471888 166.477961
3.098060 16.175765 -6.188718 96.753363
1.255810 9.492814 0.208663 41.908961
2.939172 16.725877 -5.323333 92.222929
1.254203 9.597215 0.249034 42.155091
1.000000 7.969558 0.697246 34.564103
1.000000 7.969558 0.697246 34.564103
2.180223 14.253279 -2.496357 70.299023
1.000000 7.969558 0.697246 34.564103
0.750358 4.620900 0.267879 23.913935
0.806602 4.937759 0.202341 25.574600
0.714733 4.283722 0.365307 22.517702
0.843465 5.003238 0.186715 26.433522
0.562808 3.283212 0.550213 17.485708
1.200552 7.196060 -0.486579 37.839960
1.098362 7.090748 -0.422793 35.509395
1.472407 9.359355 -1.188743 47.391784
1.942508 13.310944 -1.803395 63.626874
1.677716 11.780354 -0.897507 54.411663
1.070844 6.483541 -0.254228 33.871587
0.838534 4.958162 0.205076 26.370530
1.789143 10.318338 -2.038406 56.605962
1.060700 6.155693 -0.178758 33.146802
1.060685 6.155717 -0.178819 33.146706
0.315056 1.547347 0.739630 9.041241
2.840762 16.223565 -5.015079 89.398836
0.374587 1.848565 0.691543 10.777934
0.460210 1.731315 0.349501 12.384130
0.339269 1.704600 0.710558 9.871304
0.669596 3.859451 0.461688 20.758821
0.369279 1.971355 0.682868 10.980330
0.561714 3.264702 0.564087 17.504553
0.501074 2.937475 0.593838 15.646083
1.000000 7.969558 0.697246 34.564103
1.000000 7.969558 0.697246 34.564103
1.000000 7.969558 0.697246 34.564103
1.000000 7.969558 0.697246 34.564103
1.000000 7.969558 0.697246 34.564103
1.000000 7.969558 0.697246 34.564103
1.000000 7.969558 0.697246 34.564103
1.000000 7.969558 0.697246 34.564103
1.000000 7.969558 0.697246 34.564103
1.000000 7.969558 0.697246 34.564103
1.000000 7.969558 0.697246 34.564103
1.000000 7.969558 0.697246 34.564103
1.000000 7.969558 0.697246 34.564103
1.000000 7.969558 0.697246 34.564103
1.000000 7.969558 0.697246 34.564103
1.000000 7.969558 0.697246 34.564103
2.920240 10.966197 -1.204503 81.465836
1.736792 10.255361 -0.659645 51.936529
1.000000 7.969558 0.697246 34.564103
1.000000 7.969558 0.697246 34.564103
1.000000 7.969558 0.697246 34.564103
1.000000 7.969558 0.697246 34.564103
1.003264 7.985422 0.694207 34.641507
1.384254 9.927576 -0.599349 46.050115
1.712004 12.832239 -0.666033 57.776321
1.000000 7.969558 0.697246 34.564103
1.016104 8.091481 0.683943 35.094287
1.000000 7.969558 0.697246 34.564103
1.000000 7.969558 0.697246 34.564103
1.000000 7.969558 0.697246 34.564103
1.000000 7.969558 0.697246 34.564103
1.000000 7.969558 0.697246 34.564103
1.000000 7.969558 0.697246 34.564103
1.000000 7.969558 0.697246 34.564103
1.000000 7.969558 0.697246 34.564103
1.000000 7.969558 0.697246 34.564103
1.000000 7.969558 0.697246 34.564103
1.000000 7.969558 0.697246 34.564103
1.000000 7.969558 0.697246 34.564103
1.000000 7.969558 0.697246 34.564103
1.000000 7.969558 0.697246 34.564103
1.000000 7.969558 0.697246 34.564103
1.000000 7.969558 0.697246 34.564103
1.000000 7.969558 0.697246 34.564103
1.000000 7.969558 0.697246 34.564103
1.000000 7.969558 0.697246 34.564103
4.498541 14.529769 -8.311733 127.275731
2.640330 14.646776 -3.846909 80.473698
2.402933 10.543394 -3.766603 72.736414
3.401970 16.315414 -6.098301 101.284846
3.051035 16.518712 -5.708108 94.021224
2.674453 9.338882 -5.164576 81.585451
0.815321 3.490216 -0.744405 22.179834
2.864233 8.435739 -6.225732 87.243115
1.000000 7.969558 0.697246 34.564103
1.000000 7.969558 0.697246 34.564103
1.000000 7.969558 0.697246 34.564103
1.000000 7.969558 0.697246 34.564103
1.698662 11.617913 -0.852347 54.054210
3.343439 17.114998 -6.966077 103.524098
3.239323 14.814265 -6.217580 99.174689
4.212996 10.279575 -8.762461 123.751718
1.282691 9.617913 0.175401 42.550857
4.049998 14.894872 -8.488598 118.544646
2.152411 11.919111 -2.217772 64.187497
5.346533 9.835734 -9.064834 152.991823
3.397991 9.814150 -6.176470 100.787001
5.024118 8.278323 -9.728998 147.346816
1.000000 7.969558 0.697246 34.564103
1.058134 8.384819 0.619366 36.415909
1.942575 13.311194 -1.803552 63.628403
2.194524 14.676489 -2.482773 71.499875
1.000000 7.969558 0.697246 34.564103
1.000000 7.969558 0.697246 34.564103
1.000000 7.969558 0.697246 34.564103
1.013848 8.074502 0.688015 35.015820
1.000000 7.969558 0.697246 34.564103
1.000000 7.969558 0.697246 34.564103
1.717881 12.802972 -0.732127 57.839442
1.013545 8.071575 0.687866 35.002601
1.001191 7.978740 0.696721 34.603394
1.000000 7.969558 0.697246 34.564103
1.000000 7.969558 0.697246 34.564103
1.000000 7.969558 0.697246 34.564103
1.000000 7.969558 0.697246 34.564103
1.000000 7.969558 0.697246 34.564103
1.000000 7.969558 0.697246 34.564103
1.000000 7.969558 0.697246 34.564103
1.000000 7.969558 0.697246 34.564103
1.000000 7.969558 0.697246 34.564103
1.000000 7.969558 0.697246 34.564103
1.000000 7.969558 0.697246 34.564103
1.000000 7.969558 0.697246 34.564103
1.000000 7.969558 0.697246 34.564103
1.000000 7.969558 0.697246 34.564103
1.000000 7.969558 0.697246 34.564103
1.000000 7.969558 0.697246 34.564103
1.000000 7.969558 0.697246 34.564103
1.000000 7.969558 0.697246 34.564103
1.000000 7.969558 0.697246 34.564103
1.000000 7.969558 0.697246 34.564103
1.000000 7.969558 0.697246 34.564103
1.000000 7.969558 0.697246 34.564103
1.000000 7.969558 0.697246 34.564103
1.000000 7.969558 0.697246 34.564103
1.000000 7.969558 0.697246 34.564103
1.000000 7.969558 0.697246 34.564103
1.000000 7.969558 0.697246 34.564103
1.000000 7.969558 0.697246 34.564103
1.000000 7.969558 0.697246 34.564103
1.000000 7.969558 0.697246 34.564103
1.000000 7.969558 0.697246 34.564103
1.000000 7.969558 0.697246 34.564103
1.000000 7.969558 0.697246 34.564103
1.000000 7.969558 0.697246 34.564103
1.000000 7.969558 0.697246 34.564103
1.000000 7.969558 0.697246 34.564103
1.000000 7.969558 0.697246 34.564103
1.000000 7.969558 0.697246 34.564103
1.000000 7.969558 0.697246 34.564103
1.000000 7.969558 0.697246 34.564103
0.140180 0.696604 0.325641 3.799918
0.516364 2.557345 -0.124312 14.723172
1.484839 6.336127 -1.180310 43.639171
2.474336 9.699195 -4.486345 75.616224
1.536697 6.832394 -1.228991 45.529081
0.204842 1.095049 0.192353 5.614003
0.821037 3.878702 0.233224 23.757913
0.786123 3.781255 0.288045 22.906604
0.112914 0.607213 0.232115 3.112441
0.461588 2.293792 0.692687 13.409671
2.995146 10.463725 -5.510972 89.346534
0.910785 4.509752 0.200211 27.073065
1.447657 6.615814 -1.089318 43.312697
0.976991 4.788266 0.219619 28.767705
0.154175 0.718218 0.372766 4.133832
0.461611 2.293855 0.692720 13.410113
0.236731 1.102300 0.653982 6.719129
0.290827 1.407422 0.739275 8.412034
0.272602 1.344441 0.704417 8.023043
0.429716 2.169178 0.795570 12.642247
0.410147 2.115916 0.789392 12.077939
0.301264 1.430458 0.734257 8.558467
0.432991 2.226378 0.788968 12.687522
0.451317 2.285733 0.792189 13.173217
0.850520 4.375459 0.388162 25.366695
0.744500 3.319065 -0.786692 20.556248
0.101892 0.512173 0.278277 2.792969
0.531753 2.653011 0.779854 15.420903
0.226266 1.159823 0.249931 6.114714
0.813510 4.147159 0.449650 24.378349
4.256205 13.984735 -8.998191 125.256716
0.656514 3.525823 0.606656 19.820003
0.657482 3.521405 0.618021 19.877616
1.431796 7.018259 -0.879249 43.131193
2.324931 11.316549 -3.215335 71.324383
2.130424 11.211248 -2.922384 66.072516
3.813312 11.621037 -8.326282 112.926221
3.642120 14.368815 -7.958547 110.101972
1.633135 7.438915 -1.166695 48.454469
2.816027 10.924556 -4.553414 84.028660
3.641548 13.227766 -7.631421 109.142753
3.085743 13.161729 -6.318157 94.848064
1.386906 6.675687 -0.673512 41.847328
2.330884 9.963086 -3.468673 71.085244
2.013876 9.489776 -2.762898 62.121367
2.079933 11.030648 -2.799707 64.747037
0.332930 1.587636 0.668879 9.597516
0.324757 1.580941 0.735724 9.287055
0.367969 1.645311 0.667310 10.502992
0.465337 1.986839 0.720807 12.828327
0.532675 2.895811 0.710563 16.193063
0.391802 2.090825 0.769589 11.752555
0.410450 2.128127 0.776383 12.062528
1.245442 6.349387 -0.498179 38.049728
0.459236 2.588403 0.693478 14.112629
0.517783 2.891867 0.698677 15.917056
1.351316 6.967816 -0.592492 40.982703
1.138124 6.066374 -0.177281 34.947930
1.126507 6.050733 -0.203350 34.621230
0.798718 4.453559 0.389628 24.711525
0.721545 3.804555 0.534257 21.814928
0.759287 4.270947 0.431490 23.635034
0.761972 4.326014 0.372846 23.522202
0.236714 1.102246 0.653952 6.718773
1.000000 7.969558 0.697246 34.564103
