1.000000 7.969558 0.697246 34.564103
1.000000 7.969558 0.697246 34.564103
1.000000 7.969558 0.697246 34.564103
1.000000 7.969558 0.697246 34.564103
1.000000 7.969558 0.697246 34.564103
1.720794 11.270901 -0.827083 53.438080
3.770303 16.493985 -7.243600 111.055811
3.245701 16.995882 -6.587668 100.483241
3.429332 14.538321 -6.203200 101.843131
2.028167 9.997173 -2.282690 61.701945
1.369758 6.026636 -0.921653 39.874104
1.619905 10.621280 -0.456007 50.213230
1.000000 7.969558 0.697246 34.564103
1.978819 11.683247 -1.200041 58.952937
1.243630 9.134290 0.207837 40.693271
3.046546 12.161287 -3.355635 83.946514
3.679982 16.038861 -6.146252 105.725103
3.171357 13.057935 -2.790823 87.475881
1.000000 7.969558 0.697246 34.564103
1.000000 7.969558 0.697246 34.564103
1.000000 7.969558 0.697246 34.564103
1.000000 7.969558 0.697246 34.564103
1.000000 7.969558 0.697246 34.564103
1.000000 7.969558 0.697246 34.564103
1.000000 7.969558 0.697246 34.564103
1.000000 7.969558 0.697246 34.564103
1.000000 7.969558 0.697246 34.564103
1.000000 7.969558 0.697246 34.564103
1.000000 7.969558 0.697246 34.564103
1.000000 7.969558 0.697246 34.564103
1.000000 7.969558 0.697246 34.564103
1.000000 7.969558 0.697246 34.564103
1.765008 12.566159 -1.119465 58.136439
1.000000 7.969558 0.697246 34.564103
1.000000 7.969558 0.697246 34.564103
1.000000 7.969558 0.697246 34.564103
1.546755 11.462961 -0.350710 51.256480
1.000000 7.969558 0.697246 34.564103
5.545606 7.588920 -9.470268 158.077933
5.902902 8.404764 -8.281210 166.958842
4.884875 11.625753 -9.285268 138.052296
5.241011 9.398315 -9.319447 149.637485
5.506204 11.110293 -8.891562 154.643345
1.000000 7.969558 0.697246 34.564103
6.089279 6.800365 -6.065297 170.901654
1.000000 7.969558 0.697246 34.564103
1.000000 7.969558 0.697246 34.564103
1.000000 7.969558 0.697246 34.564103
1.000000 7.969558 0.697246 34.564103
1.000000 7.969558 0.697246 34.564103
1.000000 7.969558 0.697246 34.564103
1.000000 7.969558 0.697246 34.564103
2.266082 11.022179 -0.368803 63.058905
6.685845 4.199557 -5.892495 189.271079
6.163475 6.562895 -5.093794 172.781138
6.306584 5.348451 -6.933563 177.854190
7.016288 2.881465 -3.165635 198.335153
6.634016 4.438618 -1.543087 183.948292
6.422188 4.972355 -4.175485 178.910189
5.419563 8.844894 -4.528808 150.933885
1.000000 7.969558 0.697246 34.564103
1.000000 7.969560 0.697246 34.564112
1.000000 7.969558 0.697246 34.564103
6.209195 5.986239 -7.944282 176.149379
5.554900 9.313514 -7.121304 154.856951
3.883677 11.626755 -1.238354 104.565520
5.042274 11.494761 -5.925100 137.385316
4.671113 11.287615 -8.647265 133.310236
5.862321 8.882802 -5.868967 164.276794
4.543807 12.253294 -7.129635 126.084883
6.629498 3.673790 -4.658847 185.738073
6.833556 2.858315 -1.630849 190.686136
1.000000 7.969558 0.697246 34.564103
1.000000 7.969558 0.697246 34.564103
1.000000 7.969558 0.697246 34.564103
1.000000 7.969558 0.697246 34.564103
1.000000 7.969558 0.697246 34.564103
1.000000 7.969558 0.697246 34.564103
1.000000 7.969558 0.697246 34.564103
1.000000 7.969558 0.697246 34.564103
1.000000 7.969558 0.697246 34.564103
1.000000 7.969558 0.697246 34.564103
6.433211 5.456723 -2.925007 178.174418
7.032385 2.282556 0.034883 197.576609
6.488658 4.873040 1.279409 178.972254
6.767688 2.225121 3.778080 188.403745
1.000000 7.969558 0.697246 34.564103
5.243341 8.610458 3.587950 142.363651
6.179329 7.613680 5.735330 169.915835
1.000000 7.969558 0.697246 34.564103
5.119978 10.135371 -1.380451 136.551995
5.749040 7.993201 -2.117603 156.688290
7.029400 1.914235 2.883245 197.556982
6.705624 3.565577 1.715183 186.082568
6.824533 2.293651 1.396005 189.904708
6.671345 4.713932 3.924307 186.007233
6.565079 4.131874 4.994015 182.196292
6.611151 3.593158 3.006275 183.036451
6.659236 2.687365 4.763896 184.915359
6.844912 2.581779 5.942204 192.160929
6.552804 3.248158 7.176960 182.769794
6.521059 4.871193 5.925522 180.947119
6.481984 3.628760 8.266050 181.545560
1.000000 7.969558 0.697246 34.564103
6.523485 6.279534 6.233644 181.174346
1.000000 7.969558 0.697246 34.564103
5.810508 7.031950 10.310485 162.178558
6.494466 4.288509 6.981815 180.635027
6.009688 4.814238 9.729688 167.770769
1.000000 7.969558 0.697246 34.564103
1.000000 7.969558 0.697246 34.564103
1.000000 7.969558 0.697246 34.564103
1.000000 7.969558 0.697246 34.564103
1.000000 7.969558 0.697246 34.564103
1.000000 7.969558 0.697246 34.564103
1.000000 7.969558 0.697246 34.564103
1.000000 7.969558 0.697246 34.564103
1.000000 7.969558 0.697246 34.564103
1.000000 7.969558 0.697246 34.564103
1.000000 7.969558 0.697246 34.564103
1.000000 7.969558 0.697246 34.564103
1.000000 7.969558 0.697246 34.564103
1.000000 7.969558 0.697246 34.564103
1.000000 7.969558 0.697246 34.564103
1.000000 7.969558 0.697246 34.564103
1.000000 7.969558 0.697246 34.564103
1.000000 7.969558 0.697246 34.564103
1.000000 7.969558 0.697246 34.564103
1.000000 7.969558 0.697246 34.564103
1.000000 7.969558 0.697246 34.564103
1.000000 7.969558 0.697246 34.564103
1.000000 7.969558 0.697246 34.564103
1.000000 7.969558 0.697246 34.564103
1.000000 7.969558 0.697246 34.564103
1.000000 7.969558 0.697246 34.564103
1.000000 7.969558 0.697246 34.564103
1.000000 7.969558 0.697246 34.564103
1.000000 7.969558 0.697246 34.564103
1.312949 9.630594 0.017834 43.171522
1.000000 7.969558 0.697246 34.564103
5.792909 5.501484 10.196286 161.619084
1.000000 7.969558 0.697246 34.564103
1.000000 7.969558 0.697246 34.564103
5.772346 8.416003 -0.183450 156.049013
6.262034 6.504185 3.649036 172.981238
1.000000 7.969558 0.697246 34.564103
1.000000 7.969558 0.697246 34.564103
1.000000 7.969558 0.697246 34.564103
5.506260 8.376636 11.205311 154.178353
4.889282 7.446066 10.792640 136.958042
1.686336 7.211427 2.631332 48.804082
2.823648 8.311106 7.439567 83.416694
0.843178 3.955355 1.730591 24.075983
5.540875 9.164683 11.407471 154.572804
4.924744 9.069633 11.081698 138.883301
4.684153 8.044560 10.843779 132.210045
4.458467 11.362548 10.983070 127.740177
5.514380 6.125557 10.542681 153.918031
5.339707 6.853965 10.832850 149.390366
6.165436 5.066779 8.697814 171.238734
6.125417 5.938005 9.231957 170.575938
6.193287 4.241365 9.065317 172.661309
5.827716 6.195636 9.903378 162.215441
3.212358 11.915222 4.170096 86.638580
5.589554 9.128843 6.877264 151.746794
2.483343 11.922583 4.908135 70.433000
5.405299 10.347005 9.584184 148.916679
5.617993 10.328377 10.521186 154.943860
1.000000 7.969558 0.697246 34.564103
1.000000 7.969558 0.697246 34.564103
1.000000 7.969558 0.697246 34.564103
1.000000 7.969558 0.697246 34.564103
1.000000 7.969558 0.697246 34.564103
1.000000 7.969558 0.697246 34.564103
1.000000 7.969558 0.697246 34.564103
1.000000 7.969558 0.697246 34.564103
1.000000 7.969558 0.697246 34.564103
1.000000 7.969558 0.697246 34.564103
1.000000 7.969558 0.697246 34.564103
1.000000 7.969558 0.697246 34.564103
1.699510 9.913658 1.323674 50.072560
5.020825 10.034649 8.270330 136.844264
6.294199 6.138176 7.496466 174.131783
6.085925 7.661061 9.707518 169.322590
2.816552 11.317213 3.647570 76.975841
1.000000 7.969558 0.697246 34.564103
1.000000 7.969558 0.697246 34.564103
1.000000 7.969558 0.697246 34.564103
1.000000 7.969558 0.697246 34.564103
1.000000 7.969558 0.697246 34.564103
1.000000 7.969558 0.697246 34.564103
1.000000 7.969558 0.697246 34.564103
1.000000 7.969558 0.697246 34.564103
1.000000 7.969558 0.697246 34.564103
1.000000 7.969558 0.697246 34.564103
1.000000 7.969558 0.697246 34.564103
1.000000 7.969558 0.697246 34.564103
1.000000 7.969558 0.697246 34.564103
1.000000 7.969558 0.697246 34.564103
1.000000 7.969558 0.697246 34.564103
1.000000 7.969558 0.697246 34.564103
1.000000 7.969558 0.697246 34.564103
1.000000 7.969558 0.697246 34.564103
1.000000 7.969558 0.697246 34.564103
1.000000 7.969558 0.697246 34.564103
1.000000 7.969558 0.697246 34.564103
1.000000 7.969558 0.697246 34.564103
1.000000 7.969558 0.697246 34.564103
1.000000 7.969558 0.697246 34.564103
1.000000 7.969558 0.697246 34.564103
1.000000 7.969558 0.697246 34.564103
1.000000 7.969558 0.697246 34.564103
1.000000 7.969559 0.697246 34.564106
1.000000 7.969558 0.697246 34.564103
1.000000 7.969558 0.697246 34.564103
1.000000 7.969558 0.697246 34.564103
1.000000 7.969558 0.697246 34.564103
5.321246 11.000790 12.789315 149.918177
5.054438 11.325665 12.539902 143.685772
5.185517 12.871734 12.724581 146.087089
1.000000 7.969558 0.697246 34.564103
1.000000 7.969558 0.697246 34.564103
1.000000 7.969558 0.697246 34.564103
1.000000 7.969558 0.697246 34.564103
1.000000 7.969558 0.697246 34.564103
1.000000 7.969558 0.697246 34.564103
1.000000 7.969558 0.697246 34.564103
1.000000 7.969558 0.697246 34.564103
1.000000 7.969558 0.697246 34.564103
1.000000 7.969558 0.697246 34.564103
1.000000 7.969558 0.697246 34.564103
1.000000 7.969558 0.697246 34.564103
1.000000 7.969558 0.697246 34.564103
1.000000 7.969558 0.697246 34.564103
1.000000 7.969558 0.697246 34.564103
1.887093 10.433651 1.537004 54.139356
1.000000 7.969558 0.697246 34.564103
1.000000 7.969558 0.697246 34.564103
1.000000 7.969558 0.697246 34.564103
1.000000 7.969558 0.697246 34.564103
1.000000 7.969558 0.697246 34.564103
1.000000 7.969558 0.697246 34.564103
1.560704 10.862287 2.399571 50.555399
1.368495 10.205494 1.766164 45.838250
1.000000 7.969558 0.697246 34.564103
1.000000 7.969558 0.697246 34.564103
1.000000 7.969558 0.697246 34.564103
1.000000 7.969558 0.697246 34.564103
1.000000 7.969558 0.697246 34.564103
1.000000 7.969558 0.697246 34.564103
1.000000 7.969558 0.697246 34.564103
1.000000 7.969558 0.697246 34.564103
1.000000 7.969558 0.697246 34.564103
1.000000 7.969558 0.697246 34.564103
1.000000 7.969558 0.697246 34.564103
5.851394 7.830096 10.260369 162.835720
5.433029 7.450622 10.707311 151.716358
5.703418 10.870168 12.629087 159.607170
5.372397 10.413949 12.378953 151.592225
3.215616 10.918121 7.614935 93.956897
2.835363 12.966422 5.845928 81.527282
4.704058 13.845774 12.749428 135.510551
2.040762 11.555527 3.491157 60.906744
3.355901 13.034901 7.540309 95.339791
3.172334 14.401827 7.390760 92.495768
1.000000 7.969558 0.697246 34.564103
1.658447 10.995281 2.661528 52.453043
1.000000 7.969558 0.697246 34.564103
1.000000 7.969558 0.697246 34.564103
3.037484 15.721000 8.375886 93.665685
1.248690 9.436086 1.455963 42.135176
1.000000 7.969558 0.697246 34.564103
1.000000 7.969558 0.697246 34.564103
1.000000 7.969558 0.697246 34.564103
1.000000 7.969558 0.697246 34.564103
1.000000 7.969558 0.697246 34.564103
1.327333 9.096753 1.744142 42.108095
1.820339 10.503494 2.803577 53.977982
5.316857 12.950347 10.700936 144.587470
1.465925 9.691135 1.370307 45.200585
2.843069 13.030890 5.472679 80.066900
5.905138 8.912722 10.980280 164.598981
4.903598 12.582236 11.439914 136.765893
5.213855 12.635043 12.893415 147.765836
5.073508 9.044595 11.367715 142.367043
4.059806 9.912475 10.217263 116.482925
1.762339 10.961173 2.799374 54.073392
1.000000 7.969558 0.697246 34.564103
1.240127 9.122086 1.492401 40.851715
3.295961 12.911895 6.423285 91.909467
1.000000 7.969558 0.697246 34.564103
1.000000 7.969558 0.697246 34.564103
1.000000 7.969558 0.697246 34.564103
1.000000 7.969558 0.697246 34.564103
1.000000 7.969558 0.697246 34.564103
1.000000 7.969558 0.697246 34.564103
1.000000 7.969558 0.697246 34.564103
1.000000 7.969558 0.697246 34.564103
1.000000 7.969558 0.697246 34.564103
4.869044 10.693188 0.644201 128.897439
6.529099 5.561641 -0.326392 180.046795
5.445308 7.738047 1.561098 146.534995
4.771422 10.673836 3.965969 126.821878
6.306773 7.135140 8.226152 175.010528
6.368107 5.042092 7.802189 176.946331
6.122689 6.923711 9.080779 170.053992
5.776971 9.015094 9.037058 158.975160
1.000000 7.969558 0.697246 34.564103
2.966161 10.857565 1.618344 80.193521
2.279176 11.150220 2.671294 63.463559
3.204868 13.035177 8.289705 95.850452
2.264116 9.986154 4.536771 67.468169
2.566188 11.322173 5.889537 77.107582
1.000000 7.969558 0.697246 34.564103
1.000000 7.969558 0.697246 34.564103
0.894792 4.098244 1.746253 25.218443
1.000000 7.969558 0.697246 34.564103
1.000000 7.969558 0.697246 34.564106
1.000000 7.969558 0.697246 34.564103
1.000000 7.969558 0.697246 34.564103
1.000000 7.969558 0.697246 34.564103
1.000000 7.969558 0.697246 34.564103
1.000000 7.969558 0.697246 34.564103
1.000000 7.969558 0.697246 34.564103
1.000000 7.969558 0.697246 34.564103
1.000000 7.969558 0.697246 34.564103
1.000000 7.969558 0.697246 34.564103
1.000000 7.969558 0.697246 34.564103
1.000000 7.969558 0.697246 34.564103
1.000000 7.969558 0.697246 34.564103
1.000000 7.969558 0.697246 34.564103
1.000000 7.969558 0.697246 34.564103
1.000000 7.969558 0.697246 34.564103
1.000000 7.969558 0.697246 34.564103
1.000000 7.969558 0.697246 34.564103
1.000000 7.969558 0.697246 34.564103
1.000000 7.969558 0.697246 34.564103
1.000000 7.969558 0.697246 34.564103
1.000000 7.969558 0.697246 34.564103
1.000000 7.969558 0.697246 34.564103
1.000000 7.969558 0.697246 34.564103
1.000000 7.969558 0.697246 34.564103
1.000000 7.969558 0.697246 34.564103
1.000000 7.969558 0.697246 34.564103
1.000000 7.969558 0.697246 34.564103
1.000000 7.969558 0.697246 34.564103
1.000000 7.969558 0.697246 34.564103
1.000000 7.969558 0.697246 34.564103
1.638422 11.870120 2.742430 54.888746
1.000000 7.969558 0.697246 34.564103
1.000000 7.969558 0.697246 34.564103
1.000000 7.969558 0.697246 34.564103
1.000000 7.969558 0.697246 34.564103
1.000000 7.969558 0.697246 34.564103
1.000000 7.969558 0.697246 34.564103
1.000000 7.969558 0.697246 34.564103
1.000000 7.969558 0.697246 34.564103
1.000000 7.969558 0.697246 34.564103
1.000000 7.969558 0.697246 34.564103
1.000000 7.969558 0.697246 34.564103
1.000000 7.969558 0.697246 34.564103
1.644463 11.691660 2.871353 54.711855
1.466251 11.049572 2.026376 49.627872
1.344627 10.245548 1.662797 45.663211
1.000000 7.969558 0.697246 34.564103
1.000000 7.969558 0.697246 34.564103
1.000000 7.969558 0.697246 34.564103
1.677816 11.790814 2.950812 55.598378
1.680744 11.803991 2.959573 55.674595
1.000000 7.969558 0.697246 34.564103
1.000000 7.969558 0.697246 34.564103
1.000000 7.969558 0.697246 34.564103
1.000000 7.969558 0.697246 34.564103
1.000000 7.969558 0.697246 34.564103
1.000000 7.969558 0.697246 34.564103
0.493805 0.378198 -0.131210 9.374256
0.453381 0.301438 -0.178327 8.548244
0.491190 0.679549 -0.196786 9.947498
0.398162 1.228778 -0.229543 9.053941
0.361850 0.153283 -0.141590 6.441552
1.206481 9.429461 1.204695 41.387799
1.000000 7.969558 0.697246 34.564103
1.241223 9.617460 1.334692 42.428783
1.242567 9.625826 1.338270 42.468624
0.097511 0.497608 -0.197341 2.498525
0.184899 0.771137 -0.330131 4.419671
0.603829 3.286190 -0.163904 17.846843
0.734747 3.874459 0.040619 21.606196
0.498519 2.616746 -0.195043 14.331655
0.184302 0.953040 -0.248206 4.911179
0.141490 0.760483 -0.092083 3.673863
0.064019 0.358560 -0.101544 1.666216
0.443941 2.359194 -0.318492 12.793103
0.228815 1.162320 -0.348605 6.158601
0.234107 1.157993 -0.353628 6.199182
0.423893 0.944459 -0.149963 9.134515
0.414763 0.411684 -0.255574 8.033308
0.536477 2.827342 0.685792 15.687829
0.081320 0.505559 0.008147 2.233562
0.571716 2.960152 0.152439 16.491441
0.061367 0.345345 -0.098261 1.601423
1.116954 6.096034 1.190006 33.893981
1.930447 9.881774 4.060512 58.841375
2.832519 15.598134 7.688541 89.191514
3.122684 15.767098 8.662554 95.699650
1.860074 9.149808 3.434395 56.040296
1.465761 7.647097 2.176905 44.576507
2.676231 12.355906 6.632546 80.490887
1.752877 11.466975 3.201585 56.096808
3.468039 15.614419 9.900642 104.559456
1.758617 11.447153 3.173108 56.014467
3.706827 13.323632 9.879511 109.599072
3.218004 15.971620 8.507058 96.505907
2.601900 14.640912 6.438489 80.451655
3.839140 15.056293 9.714084 111.475268
3.117216 12.444087 8.004514 93.851308
3.502824 14.576123 9.423526 104.136711
1.438650 6.999428 1.946614 42.881029
1.630134 8.012408 2.430885 48.993405
1.630046 8.022713 2.458308 48.858346
2.565282 11.319307 5.887230 77.047383
2.135144 9.205008 4.359370 63.991872
0.263709 1.304928 -0.407657 7.045614
0.212260 1.081984 -0.236183 5.580195
0.116123 0.574545 -0.220700 2.931614
0.531443 2.963854 -0.291790 15.772636
0.924440 5.118031 0.508218 28.012143
0.495648 2.739167 -0.328187 14.689303
0.656041 3.664869 -0.100331 19.675321
0.772512 4.266684 0.099581 23.079426
0.912635 4.936335 0.482102 27.554996
0.737480 3.899339 0.055475 21.616384
0.391877 2.094716 -0.372957 11.318105
0.148981 0.794360 -0.085843 3.843175
0.591664 0.912224 0.103518 12.166552
0.493849 0.492588 -0.071782 9.660612
0.616583 1.182231 0.280095 13.264928
0.294309 0.868770 0.521949 6.869732
0.638618 2.268866 -0.002870 15.581906
0.634668 1.716090 -0.013267 14.390499
0.625439 1.133448 -0.023578 13.193582
0.692489 1.553034 0.159363 15.058357
0.621078 1.206853 0.039167 13.048222
0.682537 1.495074 0.210697 14.893916
0.669266 1.731123 0.204019 14.751760
0.591750 1.955161 0.474908 14.183287
0.681396 2.436344 0.262242 16.137154
1.646469 11.694829 2.884739 54.770545
0.784445 4.279521 0.636364 22.501696
0.792397 4.365870 0.655999 22.815938
0.896048 5.210149 0.903194 26.893595
1.410861 8.837095 2.484872 44.923566
1.408746 8.831904 2.483056 44.889384
0.873247 5.257861 0.994331 26.241858
1.273247 8.415387 2.056451 40.885867
0.984386 6.083224 1.291286 30.358605
0.428441 0.103206 -0.055955 7.797053
0.450821 0.183209 -0.125353 8.314519
0.463539 0.379022 -0.175337 8.791614
0.470162 1.034355 0.435241 10.495540
0.480801 1.152648 -0.160764 10.589750
0.498154 0.743623 -0.168663 10.066423
0.539504 1.049492 -0.096996 11.386464
0.707091 2.781159 0.227540 17.573735
0.657806 2.268956 0.216425 15.364491
0.717313 2.236941 0.177558 16.525869
0.666556 2.505680 0.330267 16.301577
0.704895 2.582178 0.242434 16.831925
0.717742 3.770956 0.436022 20.388977
0.693479 2.810242 0.247897 16.944540
0.774886 3.800639 0.563468 21.913692
0.440983 2.362985 -0.104043 12.868545
1.422226 6.929113 1.944703 42.546000
2.060555 9.041839 4.178896 62.085966
1.490786 6.784268 1.990610 43.369823
1.318447 6.299744 1.597590 38.980398
0.504071 2.741592 -0.336660 14.776208
1.849982 9.101323 3.354072 56.130383
0.649214 3.642269 -0.097059 19.559508
0.909252 4.921931 0.472594 27.447082
0.605387 3.280839 -0.168993 17.891782
0.561538 3.048856 -0.279042 16.390539
4.265007 11.694087 10.892021 122.808569
3.590100 12.713101 9.736042 106.626515
4.258126 13.786011 12.259170 125.863273
0.153581 0.884501 0.013541 4.123588
0.826461 4.265092 0.203656 24.078344
0.586577 3.014326 0.134572 16.824632
0.420797 2.254868 -0.283023 12.240611
3.310484 9.693209 7.776839 95.586574
2.784766 9.425337 6.617694 82.041181
1.398634 6.441520 1.924498 41.319626
3.179956 11.005824 7.702613 92.874575
4.082123 11.127378 5.738927 109.358869
4.645765 13.460755 12.234711 133.978689
3.140936 14.325958 7.437786 91.880476
0.401061 1.723910 -0.318212 10.168993
0.404425 2.159596 -0.387286 11.629002
0.521449 1.057789 -0.136083 11.123297
0.529181 1.810447 -0.140622 12.651461
0.487951 1.256202 -0.149291 10.801369
0.383636 1.533531 -0.338991 9.420119
0.452697 0.768487 -0.213509 9.453207
0.461766 0.858603 -0.195939 9.682732
0.372089 0.953557 -0.246645 8.086300
0.496263 1.174185 0.449374 11.119689
0.536375 0.638845 0.089571 10.791342
0.575544 0.746567 0.014238 11.658705
0.496927 0.472848 -0.132274 9.553806
0.363318 0.508708 0.138758 7.006102
0.464629 2.378773 -0.348545 13.040028
0.442220 2.210279 -0.356078 12.250730
0.551936 2.433836 -0.215173 14.537539
0.557031 1.470408 -0.091072 12.509423
0.634519 2.492880 -0.226286 16.146538
0.593189 1.756852 -0.132684 13.738090
0.523352 0.640603 -0.143224 10.396454
0.649412 1.477930 0.008956 14.143372
0.555153 0.785927 -0.059110 11.275998
0.611866 1.622335 0.347444 13.841973
0.662260 2.849988 -0.064428 17.413945
1.505488 10.131377 2.670818 49.060770
1.642172 11.648615 2.869380 54.564835
1.610625 11.573955 2.694875 53.723314
0.735669 3.233765 0.287452 18.764723
0.716303 3.359891 0.371716 18.769541
0.750714 3.785278 0.485033 20.668080
0.802242 4.423123 0.624201 23.319736
0.905664 5.362091 0.972661 27.554244
0.793979 4.397612 0.583681 23.212553
0.741996 3.424730 0.351727 19.551901
0.806652 4.422482 0.595886 23.430062
0.765620 3.396950 0.285945 20.039063
0.790901 4.181401 0.472551 22.588544
0.771434 4.173364 0.463203 22.322928
0.689351 2.595598 0.229888 16.494750
0.698049 2.889397 0.242834 17.135861
0.745045 3.508818 0.341494 19.955765
0.976036 5.766456 1.090619 30.054724
0.947817 5.392871 0.880465 28.625323
0.855750 4.860784 0.632683 25.633829
1.397693 8.044434 2.388476 43.478324
0.642047 2.069170 0.353945 15.139263
0.753729 2.559750 0.213106 17.956828
0.685006 3.059328 0.456724 18.030018
0.599439 3.001551 0.577247 16.625865
0.645218 3.596737 0.557386 19.067906
0.698337 2.593351 0.238387 16.903930
0.710123 1.935600 0.160084 15.978691
0.696538 3.048321 0.220295 18.174170
0.674841 1.548044 0.048141 14.668383
0.671344 2.135789 0.091210 15.531859
0.723025 2.048096 0.032619 16.711918
0.694897 3.308138 0.164734 18.217203
0.701038 3.810558 0.375298 20.188853
0.672382 3.688791 0.472592 19.560508
0.786170 4.582740 0.280733 23.721601
0.864027 5.399233 -0.057809 26.204574
0.827110 4.984261 -0.019755 24.623768
0.967199 6.285194 -0.109732 30.180954
1.157439 7.737942 -0.377322 36.843385
0.675251 3.297747 0.350300 17.482819
0.702565 3.395401 0.165207 18.359101
0.673525 3.141613 0.245514 17.038392
0.666296 3.042182 0.258039 16.688378
0.797259 4.727914 -0.002788 23.596498
0.523582 1.750772 -0.166778 12.446626
0.592176 2.764587 -0.101987 16.033586
0.657508 3.117509 -0.021845 17.947417
1.210896 6.425933 1.249704 36.564646
1.204187 6.412431 1.215179 36.622290
0.768679 4.255079 0.093938 23.050008
0.645038 3.564444 -0.134336 19.055357
0.927469 5.123749 0.516392 28.015640
0.946370 5.090386 0.480782 28.229147
0.981884 5.816434 1.116631 30.301455
0.848892 4.836991 0.624939 25.493342
0.935219 5.272048 0.782549 28.386294
0.724023 4.092066 0.109833 21.611751
0.748088 3.745888 0.271153 20.836310
0.787289 4.162306 0.569724 22.243970
0.725584 3.306106 0.355381 18.660159
0.763951 3.969424 0.564701 21.073027
2.355355 11.573230 5.567129 71.355981
2.405505 13.417492 6.044939 75.976227
1.396234 8.043286 2.389242 43.464847
1.974547 12.882986 4.095828 64.040884
1.000000 7.969558 0.697246 34.564103
1.978780 12.898648 4.108180 64.145345
0.984801 5.905715 1.182847 30.344103
1.628173 11.019428 3.011521 53.279888
1.000000 7.969558 0.697246 34.564103
2.304391 11.075986 5.301333 69.854529
2.957423 14.994051 7.974812 90.777112
3.351890 15.260108 9.457929 101.455026
3.638301 15.100768 10.008807 107.678859
2.266911 10.000386 4.553969 67.409062
1.935906 10.045070 4.161951 59.072455
1.472787 7.673949 2.232082 44.495635
2.560908 14.124408 6.605713 80.456019
1.525223 8.279810 2.782992 46.925759
1.659840 9.336039 3.237937 51.437853
1.120485 6.133483 1.267563 33.794160
0.638187 3.540818 -0.141073 18.928132
0.767049 3.787651 0.283103 21.193818
0.747960 3.946599 0.144388 21.519377
0.702394 3.890769 0.082028 20.694532
0.717615 4.064551 0.047568 21.613922
0.699756 3.659298 -0.061945 20.115157
0.759442 2.895231 0.039100 19.096754
0.712070 2.928957 0.066403 18.361976
0.654482 2.081901 0.089803 15.270769
0.676980 2.991047 0.197022 17.788643
1.636645 10.216377 3.179924 52.231520
1.000000 7.969558 0.697246 34.564103
1.000000 7.969558 0.697246 34.564103
1.000000 7.969558 0.697246 34.564103
1.000000 7.969558 0.697246 34.564103
1.000000 7.969558 0.697246 34.564103
1.000000 7.969558 0.697246 34.564103
1.000000 7.969558 0.697246 34.564103
1.000000 7.969558 0.697246 34.564103
1.000000 7.969558 0.697246 34.564103
0.730942 3.091746 0.332411 18.747734
0.694789 1.696875 -0.061612 15.780817
0.661757 3.125154 0.423647 17.800232
1.587451 10.842050 -1.091474 51.558517
1.793048 13.048852 -1.030149 59.638238
1.589527 10.846066 -1.094048 51.587377
1.704001 11.895857 -1.221203 55.806141
1.529843 10.616507 -0.934328 49.848026
0.713697 3.421824 0.170168 18.522129
0.635117 3.162900 0.155127 16.386185
0.623327 3.132708 0.267934 16.147829
0.842334 5.133825 0.103852 25.931712
0.923932 5.896231 -0.043063 28.906707
0.702509 3.171024 0.294907 18.436369
0.712553 3.674956 0.303044 19.857108
0.725044 3.022933 0.246401 18.232022
0.711134 3.949451 0.538166 21.358081
1.821289 10.069009 -1.972709 56.033768
1.291072 7.061130 -0.509012 39.239657
2.172985 11.665059 -2.947782 66.384615
1.442745 8.938837 -1.060952 45.467214
1.079109 6.315954 -0.157598 33.239917
2.435381 15.267589 -3.256148 77.214714
1.315730 7.212943 -0.569350 39.679202
1.549201 10.219271 -1.158255 49.707966
1.988624 12.126525 -2.383169 62.714518
1.954080 11.673959 -2.280941 61.238953
2.356636 15.469051 -3.006491 76.267062
1.000000 7.969558 0.697246 34.564103
1.116392 8.768802 0.517220 38.175639
1.159857 8.933447 0.414010 39.150193
1.171532 8.999335 0.395331 39.460964
2.276201 15.300919 -2.592702 73.843565
1.108488 6.929488 -0.366775 34.856390
1.535115 10.125532 -1.128987 49.260352
0.919503 5.879607 -0.039754 28.818767
1.768724 12.583599 -1.127396 58.226535
0.706781 3.031274 0.234654 17.878966
0.713980 3.671866 0.315869 19.912984
0.736948 3.535969 0.245997 19.737638
0.742475 4.285569 0.171902 21.989000
0.783048 4.784231 0.085364 23.814981
0.718688 3.514313 0.212827 19.344716
0.837273 5.115271 0.106003 25.831252
0.749353 4.308525 0.170845 22.117815
0.992203 6.462935 -0.117738 31.256118
1.490155 9.844490 -1.040162 47.887166
0.966933 6.317812 -0.113239 30.285683
0.738997 3.978641 0.140483 20.925684
0.793378 4.782939 0.080885 23.913832
0.740768 4.137329 0.102951 21.339829
0.678064 2.951648 0.219484 16.781519
0.743494 4.008485 0.101401 20.938899
0.750232 4.020114 0.102058 21.013788
0.764313 4.397861 0.418512 23.174048
0.808194 4.780072 0.242312 24.638000
0.681161 3.643493 0.525133 19.644327
0.744725 4.148778 0.660239 21.194932
0.728593 4.087222 0.625082 20.606060
0.925909 5.798693 1.155478 28.444980
1.337104 8.984857 2.225704 43.268537
0.720077 3.302049 0.203459 18.642679
0.753763 3.782692 0.480506 20.626326
0.699071 3.177983 0.291357 18.345162
0.712579 2.976045 0.245458 17.719403
0.718169 2.816898 0.232247 17.733404
0.682121 2.771910 0.234358 16.748250
0.757377 3.449812 0.325054 19.921242
1.280469 8.476792 2.080580 41.169587
0.571557 1.006732 0.310866 12.322335
0.427599 1.256503 0.452719 10.060809
0.451324 2.001818 0.748587 11.927868
0.416436 1.742283 0.714070 11.082460
0.684100 2.450864 0.341030 16.581137
0.695958 2.035060 0.304717 16.000104
0.604951 2.664256 0.584865 15.864425
0.467252 2.336293 0.829786 13.170523
0.606990 2.966250 0.605327 16.686187
0.516528 2.557854 0.745596 14.336394
0.550609 2.930751 0.708892 15.904519
0.357582 1.601074 0.784540 9.607376
0.392712 1.848136 0.789795 10.682935
0.463430 1.048140 0.449088 10.679388
0.519761 1.928624 0.583543 12.918768
0.559612 1.216766 0.367827 12.198644
0.541044 1.784824 0.576163 13.169178
0.401326 1.674089 0.797662 10.633391
0.295576 1.391266 0.775269 8.204817
0.380694 1.663684 0.753227 10.216616
0.441377 2.194931 0.826638 12.556841
0.415493 1.813516 0.698263 11.208751
0.566399 3.060885 0.726590 16.630216
0.524904 2.551424 0.784005 14.505132
0.554762 2.361113 0.593076 14.354844
0.482240 2.210453 0.706033 12.885682
0.579144 3.113574 0.747718 17.087051
0.468072 2.400644 0.806487 13.333616
0.436597 2.166116 0.833656 12.265892
0.502463 2.092750 0.757317 12.952326
0.628980 1.904724 0.534186 14.949353
0.460216 1.851599 0.639375 11.838042
0.566161 2.980651 0.772190 16.594438
0.473323 1.821141 0.670832 12.109420
0.714083 3.845117 0.549764 19.696370
0.872039 5.275071 1.004441 26.313131
1.508408 10.141890 2.677963 49.123928
1.064039 6.675817 1.505970 33.295742
1.625400 10.990065 2.998246 53.150980
1.442081 10.707140 2.059682 48.622097
1.440083 10.696633 2.053808 48.567088
1.288661 9.894895 1.504431 43.956089
1.000000 7.969558 0.697246 34.564103
0.754448 3.944917 0.559502 20.923541
0.822608 4.770710 0.862421 24.247146
0.902412 5.299694 0.947509 27.294039
0.729653 3.925780 0.217394 21.079852
0.978999 6.064685 1.283244 30.256307
1.044355 6.437332 1.409058 32.486316
0.817728 4.747678 0.852585 24.156080
1.039243 6.419222 1.400463 32.382177
0.672827 3.143085 0.258974 16.960915
0.691832 3.487311 0.413773 18.409694
0.673303 3.042873 0.242853 16.859859
0.702250 3.451629 0.146511 18.591454
0.679442 3.037085 0.260339 17.003426
0.711200 3.288368 0.371149 18.326130
0.697275 2.955254 0.258069 17.160602
0.700255 3.240829 0.179942 18.004180
0.707207 2.937308 0.239256 17.340662
0.703828 2.979535 0.231555 17.491784
0.748992 4.167232 0.667540 21.258235
0.702101 3.500652 0.392665 18.641725
0.662525 3.313857 0.379792 17.306654
0.701935 3.773428 0.052218 19.249934
1.260570 8.575395 -0.519138 40.507018
0.903446 5.750800 -0.036123 28.043234
1.191948 8.015048 -0.436443 38.099776
1.636492 11.173605 -1.184289 53.128551
1.195069 8.024873 -0.439217 38.153452
1.427135 9.883490 -0.764189 46.330729
1.028486 6.766653 -0.227493 32.189371
1.263710 8.584593 -0.523003 40.558487
0.851618 5.332494 -0.064932 25.649497
0.822274 4.991755 -0.021905 24.613492
0.738880 4.254458 0.024511 21.102545
1.024717 6.755116 -0.224636 32.129645
0.745089 4.272818 0.023626 21.191958
0.697627 3.786212 0.039965 19.284006
0.907976 5.766904 -0.037931 28.128372
1.532118 10.622096 -0.938220 49.882834
1.130333 8.885559 0.535394 38.631480
1.040690 8.276775 0.662432 35.902897
1.000000 7.969558 0.697246 34.564104
1.274056 9.950257 0.361691 43.376533
1.822840 13.280610 -1.081989 60.649876
1.632458 11.644443 -0.936266 53.723602
1.565059 10.934713 -0.976810 51.134402
1.259735 9.803566 0.355900 42.754164
1.810561 13.125137 -1.081214 60.086591
1.584824 12.035519 -0.288862 53.384235
1.122334 8.859107 0.565842 38.481706
1.000000 7.969558 0.697246 34.564103
1.185319 8.050348 -0.417101 37.871769
0.083884 0.352217 0.273947 2.098518
0.225981 0.578407 0.370273 4.998959
0.787476 4.032865 0.571433 22.846304
0.651055 3.477410 0.116520 17.508895
0.634142 3.168121 0.142645 16.451749
0.867260 5.391277 -0.056120 26.194074
5.856532 6.861813 -8.715753 165.730400
3.037610 15.171711 -5.962834 93.678365
1.597824 11.227892 -0.625180 51.425879
3.072050 16.461181 -5.811645 94.717940
1.532497 11.034616 -0.455544 50.004911
1.000000 7.969558 0.697246 34.564103
1.000000 7.969558 0.697246 34.564103
2.428345 15.243197 -3.241848 77.056294
1.000000 7.969558 0.697246 34.564104
0.813444 4.778695 0.286519 24.844252
0.839436 4.955994 0.244013 25.735572
0.762096 4.394950 0.413029 23.153354
0.873637 5.010189 0.252655 26.533630
0.633044 3.527015 0.590035 18.789236
1.199265 6.966594 -0.387445 36.859836
1.105712 6.921369 -0.366261 34.811049
1.444093 8.939373 -1.059694 45.473856
2.032932 13.516947 -2.136269 65.632882
2.128416 13.642956 -2.277261 66.943841
1.078278 6.324703 -0.175415 33.164538
0.869097 4.971386 0.273335 26.501242
1.748135 9.776615 -1.822911 54.088711
1.081110 6.077786 -0.093445 32.848286
1.078988 6.070269 -0.093054 32.823486
0.357825 1.688922 0.785687 9.802097
2.895653 15.683042 -5.251137 89.721235
0.637809 2.471550 0.552360 16.006216
0.661320 1.643131 0.291249 14.785890
0.581855 2.301450 0.634148 14.717033
0.713068 3.969554 0.521375 21.332293
0.617553 2.703414 0.566790 16.117334
0.631171 3.504393 0.607587 18.790770
0.635633 3.443743 0.586765 18.517970
1.000000 7.969558 0.697246 34.564103
1.000000 7.969558 0.697246 34.564103
1.000000 7.969558 0.697246 34.564103
1.000000 7.969558 0.697246 34.564103
1.000000 7.969558 0.697246 34.564103
1.000000 7.969558 0.697246 34.564103
1.000000 7.969558 0.697246 34.564103
1.000000 7.969558 0.697246 34.564103
1.000000 7.969558 0.697246 34.564103
1.000000 7.969558 0.697246 34.564103
1.000000 7.969558 0.697246 34.564103
1.000000 7.969558 0.697246 34.564103
1.000000 7.969558 0.697246 34.564103
1.000000 7.969558 0.697246 34.564103
1.000000 7.969558 0.697246 34.564104
1.000000 7.969558 0.697246 34.564103
3.603986 11.043050 -1.456962 99.069613
2.353857 11.298302 -0.985097 66.118958
1.000001 7.969567 0.697247 34.564141
1.000000 7.969558 0.697246 34.564103
1.000000 7.969558 0.697246 34.564103
1.000000 7.969558 0.697246 34.564103
1.393114 9.463688 0.355995 43.542188
1.429685 9.889792 -0.767908 46.368291
1.831391 13.454434 -1.034088 61.205898
1.000000 7.969560 0.697246 34.564112
1.036887 8.244496 0.660975 35.765193
1.000000 7.969558 0.697246 34.564103
1.000000 7.969558 0.697246 34.564103
1.000000 7.969558 0.697246 34.564103
1.000000 7.969558 0.697246 34.564103
1.000000 7.969558 0.697246 34.564103
1.000000 7.969558 0.697246 34.564103
1.000000 7.969558 0.697246 34.564103
1.000000 7.969558 0.697246 34.564103
1.000000 7.969558 0.697246 34.564103
1.000000 7.969558 0.697246 34.564103
1.000000 7.969558 0.697246 34.564103
1.000000 7.969558 0.697246 34.564103
1.000000 7.969558 0.697246 34.564103
1.000000 7.969558 0.697246 34.564103
1.000000 7.969558 0.697246 34.564103
1.000000 7.969558 0.697246 34.564103
1.000000 7.969558 0.697246 34.564103
1.000000 7.969558 0.697246 34.564103
1.000000 7.969558 0.697246 34.564103
4.894040 13.528869 -8.900228 137.513271
3.213876 15.820259 -5.737400 96.004429
2.419176 10.318187 -3.555969 71.628482
3.772402 16.580039 -7.315138 111.062616
3.378652 16.738149 -6.930348 102.711257
2.713612 9.326492 -5.095691 80.935875
0.849838 3.550012 -0.736753 22.493554
2.934225 8.443545 -6.241318 87.277155
1.000000 7.969558 0.697246 34.564103
1.000000 7.969558 0.697246 34.564103
1.000000 7.969558 0.697246 34.564103
1.000000 7.969558 0.697246 34.564103
2.188012 13.638052 -2.211261 67.444360
3.339933 16.216093 -6.913379 101.986966
3.166829 14.045312 -5.778263 95.261902
4.304287 10.100285 -8.589586 123.894796
1.814636 11.932107 -1.180896 56.739317
4.247313 14.169936 -9.058936 122.861925
3.006326 12.978334 -4.084683 85.141134
5.402846 9.360703 -8.968558 152.387615
3.494694 9.792329 -6.096024 101.325551
5.091826 8.188046 -9.818601 146.196069
1.000000 7.969558 0.697246 34.564103
1.120900 8.808719 0.514682 38.350140
2.035997 13.525113 -2.142658 65.691220
2.312596 14.974236 -2.935172 74.450031
1.000000 7.969558 0.697246 34.564103
1.000000 7.969558 0.697246 34.564103
1.000000 7.969558 0.697246 34.564103
1.037280 8.248585 0.667283 35.769951
1.000001 7.969563 0.697246 34.564122
1.000000 7.969558 0.697246 34.564103
1.819539 13.266083 -1.074550 60.574521
1.035674 8.234647 0.667312 35.708810
1.003672 7.997712 0.695395 34.684674
1.000000 7.969558 0.697246 34.564103
1.000000 7.969558 0.697246 34.564103
1.000000 7.969558 0.697246 34.564103
1.000000 7.969558 0.697246 34.564103
1.000000 7.969558 0.697246 34.564103
1.000000 7.969558 0.697246 34.564103
1.000000 7.969558 0.697246 34.564103
1.000000 7.969558 0.697246 34.564103
1.000000 7.969558 0.697246 34.564103
1.000000 7.969558 0.697246 34.564103
1.000000 7.969558 0.697246 34.564103
1.000000 7.969558 0.697246 34.564103
1.000000 7.969558 0.697246 34.564103
1.000000 7.969558 0.697246 34.564103
1.000000 7.969558 0.697246 34.564103
1.000000 7.969558 0.697246 34.564103
1.000000 7.969558 0.697246 34.564103
1.000000 7.969558 0.697246 34.564103
1.000000 7.969558 0.697246 34.564103
1.000000 7.969558 0.697246 34.564103
1.000000 7.969558 0.697246 34.564103
1.000000 7.969558 0.697246 34.564103
1.000000 7.969558 0.697246 34.564103
1.000000 7.969558 0.697246 34.564103
1.000000 7.969558 0.697246 34.564103
1.000000 7.969558 0.697246 34.564103
1.000000 7.969558 0.697246 34.564103
1.000000 7.969558 0.697246 34.564103
1.000000 7.969558 0.697246 34.564103
1.000000 7.969558 0.697246 34.564103
1.000000 7.969558 0.697246 34.564103
1.000000 7.969558 0.697246 34.564103
1.000000 7.969558 0.697246 34.564103
1.000000 7.969558 0.697246 34.564103
1.000000 7.969558 0.697246 34.564103
1.000000 7.969558 0.697246 34.564103
1.000000 7.969558 0.697246 34.564103
1.000000 7.969558 0.697246 34.564103
1.000000 7.969558 0.697246 34.564103
1.000000 7.969558 0.697246 34.564103
0.154247 0.744814 0.356956 4.047980
0.539397 2.613950 -0.104703 14.948451
1.521204 6.373658 -1.158860 43.644225
2.475667 9.536226 -4.378710 74.081267
1.558652 6.806109 -1.208895 45.102573
0.218048 1.139414 0.211273 5.809098
0.852070 3.941065 0.263599 23.991692
0.816467 3.845195 0.316538 23.126539
0.124233 0.649715 0.256113 3.318171
0.484514 2.354588 0.725316 13.666816
2.993971 10.254986 -5.383792 87.574013
0.934834 4.538665 0.213361 27.037096
1.471054 6.600207 -1.067966 42.936497
0.996145 4.789905 0.222466 28.554773
0.179662 0.798900 0.421637 4.626303
0.486532 2.360814 0.727571 13.702148
0.260535 1.176899 0.694752 7.107724
0.308975 1.460666 0.772737 8.646960
0.290983 1.399992 0.742454 8.289078
0.447397 2.211294 0.813548 12.748624
0.443914 2.214932 0.839268 12.572030
0.335377 1.538085 0.773759 9.125173
0.461325 2.303223 0.835175 13.050900
0.473979 2.341682 0.823015 13.389281
0.880091 4.418847 0.422824 25.502705
0.769841 3.362973 -0.783547 20.714718
0.114518 0.558541 0.309184 3.033148
0.550804 2.693066 0.793400 15.498511
0.243278 1.214272 0.275267 6.376873
0.831693 4.158486 0.456561 24.227572
4.158475 13.169072 -8.556512 120.667457
0.692800 3.611716 0.659774 20.230666
0.691168 3.598298 0.668387 20.239234
1.462025 6.990664 -0.810168 42.955809
2.311898 10.937990 -2.984346 69.436676
2.101121 10.710902 -2.696366 63.830937
3.754467 11.216374 -7.983050 109.406535
3.637384 13.734821 -7.533582 107.645081
1.634448 7.311574 -1.153548 47.412386
2.777767 10.553390 -4.414720 81.379074
3.526856 12.492638 -7.233519 104.173501
3.057897 12.616791 -5.919013 92.012540
1.391223 6.577327 -0.664380 40.976890
2.297461 9.646599 -3.356436 68.707967
2.030178 9.328032 -2.587019 61.203843
2.045855 10.518967 -2.558895 62.370180
0.413714 1.797509 0.700501 11.032974
0.389500 1.781351 0.783496 10.487973
0.409255 1.750976 0.675769 11.099504
0.523409 2.130759 0.721671 13.723176
0.569597 2.999585 0.765568 16.703858
0.443800 2.268113 0.827895 12.692308
0.446426 2.235688 0.830562 12.606655
1.276234 6.348508 -0.434588 37.983992
0.551869 2.922769 0.733163 15.971913
0.567194 3.046843 0.760185 16.723878
1.380658 6.929861 -0.510668 40.831689
1.169008 6.066183 -0.103616 34.960018
1.158589 6.054791 -0.131342 34.642387
0.832839 4.513811 0.450039 25.010525
0.750248 3.858887 0.571086 22.008242
0.796517 4.348127 0.493092 24.021231
0.798535 4.394959 0.434080 23.883529
0.258987 1.172286 0.692011 7.079484
1.000000 7.969558 0.697246 34.564103
