1.000000 7.969558 0.697246 34.564103
1.000000 7.969558 0.697246 34.564103
1.000000 7.969558 0.697246 34.564103
1.000000 7.969558 0.697246 34.564103
1.000000 7.969558 0.697246 34.564103
3.420217 15.780749 -5.536167 96.571633
3.800260 13.901493 -6.928758 104.835748
3.636612 15.207624 -7.144795 103.467551
3.340471 12.438404 -5.024748 88.150488
2.235518 9.510318 -1.914395 55.858057
1.755125 6.772334 -0.841969 40.381387
3.660373 15.460975 -5.416247 100.962026
1.429165 9.734969 0.217686 44.450492
4.471694 14.477798 -5.560254 118.112512
2.785068 12.426848 -2.878095 76.238403
5.114787 12.047712 -6.025066 134.071323
4.853280 14.385628 -8.667582 131.339341
5.216386 12.896624 -6.510355 136.320143
1.000000 7.969558 0.697246 34.564103
1.000000 7.969558 0.697246 34.564103
1.000000 7.969558 0.697246 34.564103
1.000000 7.969558 0.697246 34.564103
1.000000 7.969558 0.697246 34.564103
1.000000 7.969558 0.697246 34.564103
1.149212 8.762298 0.492828 38.339561
1.192962 9.061319 0.374589 39.585719
1.000000 7.969558 0.697246 34.564103
1.000000 7.969558 0.697246 34.564103
1.000000 7.969558 0.697246 34.564103
1.000000 7.969558 0.697246 34.564103
1.067365 8.456135 0.622376 36.697882
1.000000 7.969558 0.697246 34.564103
2.319523 14.526094 -2.837157 71.028536
1.000000 7.969558 0.697246 34.564103
1.000000 7.969558 0.697246 34.564103
1.000000 7.969558 0.697246 34.564103
2.659579 15.291143 -4.212905 82.056396
1.000000 7.969558 0.697246 34.564103
6.430617 8.036437 -9.624093 152.795079
6.454185 8.653876 -8.041442 160.108436
5.367213 11.473420 -8.409801 138.246839
5.849512 9.808538 -9.049760 143.132770
5.890894 10.874844 -8.343435 151.599474
1.000000 7.969558 0.697246 34.564103
6.658282 7.090431 -5.791579 164.296935
1.000000 7.969558 0.697246 34.564103
1.206370 8.960576 0.378398 39.315579
1.000000 7.969558 0.697246 34.564103
1.000000 7.969558 0.697246 34.564103
1.000000 7.969558 0.697246 34.564103
1.618235 10.212933 0.397674 47.997457
1.000000 7.969558 0.697246 34.564103
4.784247 10.405305 -1.161414 121.872637
7.659757 4.595365 -5.883483 183.301975
6.782694 7.075468 -4.585887 169.453179
7.118283 5.708634 -6.884628 170.936314
8.036108 3.122687 -3.123176 192.047675
7.236345 4.466480 -1.318814 176.561975
7.099601 5.312433 -3.828637 173.340691
6.502214 8.464248 -3.769109 166.739317
1.000000 7.969558 0.697246 34.564103
3.118113 11.790832 0.346814 80.971181
1.000437 7.972436 0.697539 34.575249
7.102189 6.389172 -7.988869 169.730551
6.159025 9.088002 -6.992471 155.518056
5.659286 10.819117 -4.425111 145.478510
6.001683 10.739434 -7.014840 156.068576
5.138691 11.620308 -7.848376 128.820870
6.456307 8.629366 -6.189368 163.378523
5.645686 11.259407 -7.811911 147.290251
7.524374 4.025636 -4.523763 179.733694
7.736162 3.010995 -1.610933 183.988405
1.000000 7.969558 0.697246 34.564103
1.000000 7.969558 0.697246 34.564103
1.000000 7.969558 0.697246 34.564103
1.000000 7.969558 0.697246 34.564103
1.000000 7.969558 0.697246 34.564103
1.000000 7.969558 0.697246 34.564103
1.000000 7.969558 0.697246 34.564103
1.000000 7.969558 0.697246 34.564103
1.000000 7.969558 0.697246 34.564103
1.000000 7.969558 0.697246 34.564103
6.987575 5.544004 -2.595743 172.683339
8.139458 2.621348 -0.014501 192.641924
7.109555 5.314210 1.508891 176.447918
7.902408 2.821873 4.071326 184.205619
1.929969 10.400043 1.372688 54.688627
6.531359 8.610420 4.265015 167.497990
6.766478 7.772067 6.289695 173.782363
1.000000 7.969558 0.697246 34.564103
6.275542 7.820885 -1.330876 160.508553
6.504720 7.174341 -2.197929 164.628530
8.289191 2.402161 3.062080 194.366532
7.508066 4.213241 1.950039 181.494066
7.878562 2.772765 1.461414 185.346239
7.431124 5.863802 4.491165 183.300867
7.454669 5.102750 5.549960 178.066381
7.461137 4.444631 3.300672 178.563160
7.801060 3.367213 5.144734 180.549737
8.220512 3.149927 6.459549 188.855698
7.785464 3.847613 7.840104 177.162691
7.285369 5.758959 6.487129 175.343308
7.837017 4.229066 9.078944 175.412213
1.000935 7.975658 0.697599 34.587717
7.032795 7.089093 6.831373 176.384483
1.417628 9.444939 1.780779 43.839556
6.405571 7.290723 10.941998 148.407556
7.473487 5.076557 7.573087 174.865126
7.271129 5.391466 10.645068 158.467155
1.000000 7.969558 0.697246 34.564103
1.000000 7.969558 0.697246 34.564103
1.000000 7.969558 0.697246 34.564103
1.000000 7.969558 0.697246 34.564103
1.000000 7.969558 0.697246 34.564103
1.000000 7.969558 0.697246 34.564103
1.000000 7.969558 0.697246 34.564103
1.000000 7.969558 0.697246 34.564103
1.000000 7.969558 0.697246 34.564103
1.000000 7.969558 0.697246 34.564103
1.000000 7.969558 0.697246 34.564103
1.000000 7.969558 0.697246 34.564103
1.000000 7.969558 0.697246 34.564103
1.000000 7.969558 0.697246 34.564103
1.000000 7.969558 0.697246 34.564103
1.000000 7.969558 0.697246 34.564103
1.000000 7.969558 0.697246 34.564103
1.000000 7.969558 0.697246 34.564103
1.000000 7.969558 0.697246 34.564103
1.000000 7.969558 0.697246 34.564103
1.000000 7.969558 0.697246 34.564103
1.000000 7.969558 0.697246 34.564103
1.000000 7.969558 0.697246 34.564103
1.000000 7.969558 0.697246 34.564103
1.000000 7.969558 0.697246 34.564103
1.000000 7.969558 0.697246 34.564103
1.000000 7.969558 0.697246 34.564103
2.324785 12.569964 -1.481277 66.208078
1.000000 7.969558 0.697246 34.564103
2.903456 14.822494 -4.347828 84.021964
1.000000 7.969558 0.697246 34.564103
6.891419 5.969715 11.070844 150.000298
1.000000 7.969558 0.697246 34.564103
2.528558 11.098574 1.238372 67.097677
6.443442 6.892132 0.123981 163.041964
6.984567 7.306281 4.720680 177.605552
1.000000 7.969558 0.697246 34.564103
2.323239 11.481261 2.574601 63.354044
1.000000 7.969558 0.697246 34.564103
5.880344 8.181744 11.388375 137.634620
5.822079 7.675310 11.279336 122.268421
1.948824 7.147081 2.512215 41.830882
3.323156 8.352923 7.508844 72.473382
1.009645 4.015690 1.738009 20.959277
5.626449 8.730160 11.411230 140.453930
5.405203 8.859846 11.035268 121.257467
5.436885 8.051556 11.112155 115.207725
4.484772 10.776967 10.414543 111.977360
6.639161 6.576583 11.339179 141.436681
6.277161 7.101698 11.464614 134.658587
7.078977 5.790216 9.453357 162.712249
6.848458 6.589669 9.961148 160.385293
7.383992 4.810492 9.935002 164.251299
6.663331 6.713971 10.684674 150.950874
5.013098 11.102494 8.496591 131.196475
6.338047 9.127463 8.183750 164.095271
4.279815 11.981490 9.561802 116.347274
5.830446 9.354511 10.530008 153.265854
5.747881 9.405803 10.966090 151.013558
1.000000 7.969558 0.697246 34.564103
1.000000 7.969558 0.697246 34.564103
1.000000 7.969558 0.697246 34.564103
1.000000 7.969558 0.697246 34.564103
1.000000 7.969558 0.697246 34.564103
1.000000 7.969558 0.697246 34.564103
1.000000 7.969558 0.697246 34.564103
1.000000 7.969558 0.697246 34.564103
1.000000 7.969558 0.697246 34.564103
1.000000 7.969558 0.697246 34.564103
1.000000 7.969558 0.697246 34.564103
1.000000 7.969558 0.697246 34.564103
3.620419 12.198072 3.294864 93.096651
6.072714 9.552847 9.162193 158.284337
6.834367 7.007637 8.018978 168.663593
6.303725 8.044420 10.223932 158.250554
5.077635 11.461382 6.931114 130.464546
1.000000 7.969558 0.697246 34.564103
1.430374 9.607608 1.365769 44.208473
1.000000 7.969558 0.697246 34.564103
1.000000 7.969558 0.697246 34.564103
1.000000 7.969558 0.697246 34.564103
1.000000 7.969558 0.697246 34.564103
1.219711 9.075927 1.248090 40.106022
1.000000 7.969558 0.697246 34.564103
1.000000 7.969558 0.697246 34.564103
1.000000 7.969558 0.697246 34.564103
1.000000 7.969558 0.697246 34.564103
1.000000 7.969558 0.697246 34.564103
1.575039 10.235202 2.149173 48.974181
1.000000 7.969558 0.697246 34.564103
1.000000 7.969558 0.697246 34.564103
1.000000 7.969558 0.697246 34.564103
1.000000 7.969558 0.697246 34.564103
1.000000 7.969558 0.697246 34.564103
1.000000 7.969558 0.697246 34.564103
1.000000 7.969558 0.697246 34.564103
1.000000 7.969558 0.697246 34.564103
1.000000 7.969558 0.697246 34.564103
1.000000 7.969558 0.697246 34.564103
1.000000 7.969558 0.697246 34.564103
1.000000 7.969558 0.697246 34.564103
1.000000 7.969558 0.697246 34.564103
1.000000 7.969558 0.697246 34.564103
2.143071 11.597134 2.930307 61.212866
1.000000 7.969558 0.697246 34.564103
1.499630 10.427066 2.187780 48.448207
1.000000 7.969558 0.697246 34.564103
1.000000 7.969558 0.697246 34.564103
5.118396 9.916344 12.335898 135.222234
4.837064 10.555511 11.828920 125.556631
5.204431 11.848437 13.599396 144.875910
1.000000 7.969558 0.697246 34.564103
1.000000 7.969558 0.697246 34.564103
1.000000 7.969558 0.697246 34.564103
1.000000 7.969558 0.697246 34.564103
1.000000 7.969558 0.697246 34.564103
1.000000 7.969558 0.697246 34.564103
1.000000 7.969558 0.697246 34.564103
1.000000 7.969558 0.697246 34.564103
1.000000 7.969558 0.697246 34.564103
1.000000 7.969558 0.697246 34.564103
1.000000 7.969558 0.697246 34.564103
1.000000 7.969558 0.697246 34.564103
1.000000 7.969558 0.697246 34.564103
1.000105 7.970290 0.697377 34.567070
1.000000 7.969558 0.697246 34.564103
4.727154 10.393954 2.873243 120.332760
1.000000 7.969558 0.697246 34.564103
1.000000 7.969558 0.697246 34.564103
1.000000 7.969558 0.697246 34.564103
1.000000 7.969558 0.697246 34.564103
1.000000 7.969558 0.697246 34.564103
1.000000 7.969558 0.697246 34.564103
1.430936 10.343762 2.045516 47.432676
1.243071 9.521120 1.399354 42.305213
1.000000 7.969558 0.697246 34.564103
1.000000 7.969558 0.697246 34.564103
1.000000 7.969558 0.697246 34.564103
1.000000 7.969558 0.697246 34.564103
1.000000 7.969558 0.697246 34.564103
1.000000 7.969558 0.697246 34.564103
1.000000 7.969558 0.697246 34.564103
1.000000 7.969558 0.697246 34.564103
1.000000 7.969558 0.697246 34.564103
1.000000 7.969558 0.697246 34.564103
1.000000 7.969558 0.697246 34.564103
6.139688 8.026930 10.768577 150.502323
6.118500 7.616792 11.252903 137.685143
5.551504 9.802117 12.266195 146.240638
5.313120 9.695446 11.894273 133.256106
3.300963 10.435746 7.144128 80.824534
3.915218 14.793934 10.364696 114.523866
4.890768 13.837498 13.956402 140.947533
3.588510 14.703443 8.723388 103.597381
4.511135 12.845031 12.085949 128.293227
3.514558 15.066327 9.367903 104.295183
1.105611 8.517367 1.026655 37.611949
2.280369 12.843358 5.212693 71.194149
1.093812 8.401826 0.931708 36.979594
1.000000 7.969558 0.697246 34.564103
3.094798 16.179037 9.125683 98.419511
1.224762 9.338349 1.398131 41.675835
1.000000 7.969558 0.697246 34.564103
1.000000 7.969558 0.697246 34.564103
1.000000 7.969558 0.697246 34.564103
1.000000 7.969558 0.697246 34.564103
1.713002 10.313191 1.868480 50.336820
3.020858 11.748907 5.091208 80.100828
4.307738 12.244981 7.241030 112.137290
5.779996 10.945542 11.721529 157.019750
3.553803 12.683695 5.359527 95.707680
4.995388 12.452437 10.244544 136.662403
5.947896 8.607668 11.115195 150.393953
5.223791 10.793321 12.339380 143.415462
5.044317 11.888323 13.147691 139.255940
5.332203 8.704631 11.276674 124.862369
4.360252 9.592373 9.835757 100.430387
2.537423 12.813142 5.588222 76.026120
1.000000 7.969558 0.697246 34.564103
2.744318 12.121644 6.468933 79.331542
4.772645 12.549108 11.326507 131.758915
1.000000 7.969558 0.697246 34.564103
1.000000 7.969558 0.697246 34.564103
1.000000 7.969558 0.697246 34.564103
1.000000 7.969558 0.697246 34.564103
1.000000 7.969558 0.697246 34.564103
1.000000 7.969558 0.697246 34.564103
1.000000 7.969558 0.697246 34.564103
1.000000 7.969558 0.697246 34.564103
1.000000 7.969558 0.697246 34.564103
6.314443 7.989505 1.810348 161.836219
6.984550 5.346621 -0.033719 173.629251
6.507302 7.285517 2.585034 164.758997
6.140945 9.417392 5.920570 158.990869
6.727350 7.994020 8.674484 170.383248
7.181897 5.887383 8.408578 170.385541
6.532037 7.636355 9.738058 160.795150
6.044384 8.961842 9.942761 156.533733
1.000917 7.975183 0.698400 34.585587
5.089950 11.446032 3.229268 129.227332
4.557535 11.367739 5.201541 117.539435
3.223235 13.090700 8.481309 92.627199
2.324837 9.720700 4.417066 60.572251
2.632724 11.379193 6.044403 73.522304
1.000000 7.969558 0.697246 34.564103
1.000000 7.969558 0.697246 34.564103
1.111340 4.227862 1.738844 22.273201
1.070708 8.366498 0.910155 36.634728
1.039429 8.222403 0.819479 35.857758
1.000000 7.969558 0.697246 34.564103
1.000000 7.969558 0.697246 34.564103
1.000000 7.969558 0.697246 34.564103
1.000000 7.969558 0.697246 34.564103
1.000000 7.969558 0.697246 34.564103
1.000000 7.969558 0.697246 34.564103
1.000000 7.969558 0.697246 34.564103
1.000000 7.969558 0.697246 34.564103
1.000000 7.969558 0.697246 34.564103
1.000000 7.969558 0.697246 34.564103
1.000000 7.969558 0.697246 34.564103
1.000000 7.969558 0.697246 34.564103
1.000000 7.969558 0.697246 34.564103
1.000000 7.969558 0.697246 34.564103
1.000000 7.969558 0.697246 34.564103
1.000000 7.969558 0.697246 34.564103
1.000000 7.969558 0.697246 34.564103
1.000000 7.969558 0.697246 34.564103
1.000000 7.969558 0.697246 34.564103
1.000000 7.969558 0.697246 34.564103
1.000000 7.969558 0.697246 34.564103
1.000000 7.969558 0.697246 34.564103
1.000000 7.969558 0.697246 34.564103
1.000000 7.969558 0.697246 34.564103
1.000000 7.969558 0.697246 34.564103
1.000000 7.969558 0.697246 34.564103
1.000000 7.969558 0.697246 34.564103
1.000000 7.969558 0.697246 34.564103
1.000000 7.969558 0.697246 34.564103
1.000000 7.969558 0.697246 34.564103
1.581475 11.801289 2.457544 53.709721
1.000000 7.969558 0.697246 34.564103
1.000000 7.969558 0.697246 34.564103
1.000000 7.969558 0.697246 34.564103
1.000000 7.969558 0.697246 34.564103
1.000000 7.969558 0.697246 34.564103
1.000000 7.969558 0.697246 34.564103
1.000000 7.969558 0.697246 34.564103
1.000000 7.969558 0.697246 34.564103
1.000000 7.969558 0.697246 34.564103
1.000000 7.969558 0.697246 34.564103
1.000000 7.969558 0.697246 34.564103
1.000000 7.969558 0.697246 34.564103
1.731511 12.536203 3.009462 57.798960
1.337180 10.322321 1.591348 45.761994
1.186427 9.287321 1.188530 40.867832
1.000000 7.969558 0.697246 34.564103
1.000000 7.969558 0.697246 34.564103
1.000000 7.969558 0.697246 34.564103
1.562314 11.340581 2.551974 52.547664
1.534430 11.205124 2.471948 51.815680
1.000000 7.969558 0.697246 34.564103
1.000000 7.969558 0.697246 34.564103
1.000000 7.969558 0.697246 34.564103
1.000000 7.969558 0.697246 34.564103
1.000000 7.969558 0.697246 34.564103
1.000000 7.969558 0.697246 34.564103
1.469222 0.101634 0.221994 12.130159
1.509898 0.031348 0.112962 12.709344
1.508993 0.169851 0.168192 13.387047
1.215394 0.688662 0.100218 13.940268
1.499280 0.034296 0.091575 12.698396
1.069145 8.488285 0.853406 36.972909
1.000000 7.969558 0.697246 34.564103
1.111863 8.782675 0.972691 38.393045
1.099008 8.695253 0.941238 37.989601
0.651521 0.613555 -0.051905 8.780792
0.972257 0.519825 0.021750 12.202749
0.947061 3.805030 0.059120 17.910951
0.920314 4.001797 0.007264 18.859265
0.693954 2.878765 -0.223272 13.217498
0.664201 1.393972 -0.115817 9.820197
0.256010 1.001926 -0.127124 4.254266
0.435720 0.551926 0.039454 5.758070
0.820217 2.917190 -0.088018 14.370290
0.773407 1.655416 -0.089519 11.572414
0.985807 1.346061 0.052759 13.879974
1.199164 0.250326 0.104097 12.620384
1.471477 0.055178 0.110517 12.934948
0.686904 2.981564 0.655479 14.023428
0.120472 0.604582 -0.012426 2.253735
0.741086 3.137836 0.075276 14.781833
0.233274 0.677601 -0.021175 3.354186
1.321235 6.541586 1.666402 32.710413
2.079024 10.505154 4.609689 59.466454
2.763024 15.937462 7.587861 88.653533
3.036202 15.952378 8.702397 95.266362
1.973402 9.328196 3.698911 52.982751
1.598429 7.862786 2.454262 41.910009
2.748967 12.735960 7.009715 79.864790
1.719020 11.457562 3.260059 56.327873
3.458075 15.977242 10.340999 106.065994
1.784317 11.669193 3.415399 57.792083
3.624572 13.104614 9.732317 102.602766
3.323598 16.452784 9.517126 102.510148
2.890606 15.560440 8.012528 91.039806
3.801952 15.153832 10.290190 111.269182
3.146277 12.398763 8.123385 89.686141
3.518539 14.894684 9.887896 104.575646
1.603784 6.873329 1.847464 36.779522
1.747828 7.887445 2.420214 43.452679
1.744194 7.907190 2.493571 43.200085
2.663274 11.475778 6.175530 73.904814
2.272867 8.923036 4.176518 56.329634
1.025299 1.611812 0.133587 14.302937
0.405693 1.414981 -0.298746 6.656580
0.799355 0.397323 0.024601 10.268829
1.178023 3.992208 0.636696 20.603103
1.158022 5.513298 0.888141 26.486936
1.126926 3.752563 0.386306 19.594356
1.056137 4.361544 0.282689 20.639644
1.065574 4.721848 0.525968 21.995354
1.075139 4.990928 0.489788 24.104026
0.913925 3.991314 0.043019 18.603871
1.079755 2.815383 0.181778 17.230362
0.221459 0.945156 -0.142429 3.878979
1.669187 0.961284 0.687962 14.818680
1.528926 0.404893 0.498481 13.351236
1.634369 1.193799 0.784330 15.091284
1.386683 0.848847 0.396071 15.533037
1.687715 2.288715 0.545245 18.317975
1.701040 1.707783 0.570710 16.645689
1.714812 1.170589 0.604433 15.518533
1.756540 1.870793 0.745073 16.163576
1.708867 1.386664 0.666091 15.361445
1.735458 1.671623 0.749487 16.066314
1.702908 2.128184 0.777086 16.086616
1.513734 1.747093 0.773961 15.573559
1.604389 3.150586 0.903323 16.788830
1.737613 12.627824 2.997797 58.054098
1.568920 6.024646 1.942246 27.447419
1.569825 6.261052 2.035691 28.410740
1.677063 7.775980 2.576707 36.677799
1.862438 11.312637 3.866260 55.951134
1.852239 11.177561 3.800058 55.465085
1.761441 8.535068 2.823244 39.167874
1.938307 11.929546 3.816007 56.361713
1.785981 9.499046 3.265091 44.648147
1.501443 0.030239 0.083791 12.458681
1.497171 -0.000691 0.092090 12.367082
1.517866 0.098497 0.134377 12.810645
1.400202 0.948243 0.786627 13.855625
1.362360 0.499565 0.145436 14.154136
1.557995 0.291784 0.267231 13.818643
1.571916 0.707842 0.373246 14.582010
1.648672 3.349365 1.022061 17.919513
1.609716 2.959280 0.946295 16.311045
1.710548 2.797794 0.863886 17.152415
1.509250 2.836256 0.788595 16.480972
1.688470 3.359330 0.987496 17.667231
1.673078 5.100616 0.338137 24.480997
1.593808 3.857794 1.034302 17.784748
0.976836 3.952841 0.486485 19.394101
0.639479 2.674382 -0.157483 12.297986
1.591203 6.822050 1.828243 36.830687
2.230589 8.845108 4.036382 54.886188
1.694050 6.652096 1.848731 36.800303
1.531382 6.247232 1.486678 33.233646
1.308916 3.683798 0.486240 21.273749
1.959543 9.217522 3.549793 52.766139
0.951138 4.169492 0.168858 19.373299
1.090270 5.026180 0.508249 24.082635
0.899983 3.722713 -0.008513 17.445857
1.369078 4.078012 0.710514 22.504766
4.163743 11.070930 10.162048 106.390083
3.554740 12.593341 9.561375 100.284249
4.241499 13.681264 12.525964 123.181273
0.214697 1.007353 -0.015415 3.986007
0.992470 4.300282 0.149027 20.630562
0.769366 3.211865 0.045401 15.061554
0.817525 2.855689 -0.132248 14.386707
3.734435 9.532144 7.569246 82.481952
3.109993 9.224643 6.314171 69.701408
1.663124 6.477229 1.822448 35.728516
3.193016 10.471912 7.080330 79.223507
5.744262 10.301772 7.393687 149.345725
4.543588 13.414167 12.457475 128.483001
3.424772 14.929883 9.248652 102.417471
1.243823 1.587535 0.235774 15.850866
1.120520 2.892140 0.291206 17.593215
1.534865 0.533979 0.275203 14.456313
1.412106 1.419470 0.279144 15.899832
1.409356 0.697214 0.199964 14.430074
1.199290 1.281720 0.186675 15.431404
1.388191 0.118033 0.132596 13.154680
1.419955 0.237380 0.128724 13.523863
1.135484 0.391889 0.084417 13.078808
1.448552 1.060778 0.783108 14.264230
1.568540 0.643560 0.662311 13.910867
1.646657 0.699176 0.608884 14.437791
1.554855 0.225939 0.385289 13.239659
1.285167 0.522207 0.647471 11.463682
1.314186 2.824667 0.452263 19.176788
1.276657 2.481859 0.368062 18.412738
1.439450 2.331557 0.410516 18.910096
1.529366 1.099507 0.344015 15.440451
1.503053 2.271410 0.470533 18.692075
1.568940 1.455356 0.418288 16.454066
1.596777 0.312774 0.362033 13.817508
1.773860 1.626857 0.627014 16.440358
1.631206 0.579102 0.489678 14.382204
1.601935 1.553610 0.792820 15.427002
1.655408 2.945193 0.744550 21.176780
1.888094 12.446641 3.756398 59.349590
1.759582 12.685491 3.074199 58.455984
1.586137 11.677810 2.544147 53.468576
1.696485 4.441081 1.195032 20.179126
1.618685 4.655649 1.322948 20.681701
1.546079 4.963447 1.507986 22.686981
1.606006 6.244050 2.123565 29.465686
1.592679 7.659457 2.590152 36.910337
1.519265 5.949744 1.963646 28.473205
1.658325 4.519048 1.322316 20.941690
1.593504 6.109165 2.027031 29.055645
1.712278 4.161872 1.178969 20.966370
1.625623 5.545170 1.809810 26.950689
1.546884 5.494059 1.834155 26.907821
1.575524 3.464293 0.910777 16.802557
1.653328 4.084616 1.081888 18.597181
1.561549 4.348871 1.256600 20.673223
1.594418 7.982525 2.643758 39.447478
1.290005 6.422767 1.743261 31.189901
1.540121 6.601331 2.106095 32.553460
1.710917 9.625091 3.402134 49.343737
1.564900 2.095610 0.816167 15.957942
1.681922 2.951592 0.790511 17.735743
1.576448 3.592891 0.687195 19.502971
1.573480 3.942630 0.428035 21.051780
1.721701 5.366845 0.101297 26.962408
1.540792 3.155361 0.815436 16.712995
1.776455 2.366431 0.798358 17.122406
1.615433 3.594796 1.186182 19.276326
1.783242 1.852853 0.663315 16.529566
1.712805 2.636463 0.800625 16.973607
1.800791 2.230662 0.642283 18.062696
1.567323 4.682716 0.742909 20.054028
1.644296 5.286250 0.218811 24.723114
1.634697 5.188342 0.185146 25.014404
1.843662 6.660083 -0.299820 31.864851
1.741423 7.271247 -0.229762 31.179328
1.781021 6.936263 -0.077944 29.730799
1.964609 8.627002 -0.948213 38.802535
2.096072 9.911884 -1.213010 44.968414
1.608554 5.207376 1.261607 21.928049
1.701219 5.182095 0.781788 21.962334
1.677274 5.044076 1.001971 21.182422
1.716139 4.932029 1.171383 21.095699
1.679945 6.444858 0.028613 27.738706
1.378489 1.229033 0.236948 15.802973
1.372757 2.955907 0.634715 18.903228
1.536584 3.411686 0.907964 20.687050
1.341760 6.458366 1.415129 32.488687
1.341186 6.447906 1.328695 32.691264
1.050006 4.681539 0.472402 21.959983
1.275119 4.596507 0.919850 22.947184
1.191363 5.610682 0.973872 26.806646
1.085016 5.066533 0.573859 24.143676
1.542083 7.867585 2.594484 39.087086
1.465447 6.425954 2.000296 31.766826
1.310526 6.310179 1.655818 30.921420
1.281882 5.358840 1.238519 25.936449
1.606513 4.605199 1.463106 23.570634
1.632162 5.807584 1.833663 26.589342
1.715881 4.760836 1.375522 21.236530
1.689526 5.968267 1.943821 26.687326
2.467165 12.133960 6.089927 71.885921
2.500126 14.533395 6.475643 79.266200
1.689020 9.472359 3.296731 48.747527
1.892141 12.739012 3.834418 62.130034
1.000000 7.969558 0.697246 34.564103
1.863154 12.624032 3.754418 61.398941
1.571315 8.123744 2.721016 39.782508
1.818270 12.385202 3.564234 58.991211
1.000000 7.969558 0.697246 34.564103
2.432985 11.594271 5.760796 69.811967
2.914635 15.391034 8.138350 90.988922
3.354123 15.735445 9.931323 103.033040
3.636987 15.310744 10.536338 108.832597
2.345892 9.792016 4.496800 60.671673
2.093388 10.753948 4.790030 60.249812
1.607088 7.921039 2.575115 41.921976
2.591774 14.884595 6.831631 82.061284
1.731775 9.120383 3.453023 48.764033
1.873729 10.495182 4.001242 55.331926
1.328414 6.642302 1.793647 33.034979
1.247059 4.539590 0.873464 22.735531
1.733271 4.808158 1.549604 24.630933
1.576132 5.053409 1.522640 26.198506
1.386724 5.080243 1.471576 25.553118
1.233257 5.200076 1.047851 25.071825
1.604138 4.540257 1.172454 25.335749
1.766067 3.208541 0.901981 19.944039
1.701811 3.147202 0.887131 20.278326
1.717698 2.438616 0.744058 17.292497
1.492252 3.404258 1.092203 18.309218
1.931781 11.990246 4.145771 60.000059
1.000000 7.969558 0.697246 34.564103
1.000000 7.969558 0.697246 34.564103
1.000000 7.969558 0.697246 34.564103
1.000000 7.969558 0.697246 34.564103
1.000000 7.969558 0.697246 34.564103
1.000000 7.969558 0.697246 34.564103
1.000000 7.969558 0.697246 34.564103
1.000000 7.969558 0.697246 34.564103
1.000000 7.969558 0.697246 34.564103
1.585886 3.680189 0.766377 18.941833
1.712933 1.483922 0.528773 17.079552
1.482440 3.788270 0.612587 19.034605
2.307086 12.398257 -2.503084 60.409108
2.406618 15.398569 -3.041124 74.523757
2.399233 12.761828 -2.663825 62.063284
2.430846 13.619330 -2.990290 65.925208
2.330451 12.534842 -2.529137 59.562781
1.744066 5.337304 0.767039 22.579733
1.592954 5.232564 0.784567 21.504874
1.504887 5.101463 1.031129 21.034088
1.914076 7.443021 -0.667154 35.188467
1.922764 8.192861 -0.967149 38.300082
1.481527 3.843866 0.654450 18.445545
1.690515 5.088031 0.362987 23.502068
1.571678 3.853169 0.849216 18.282428
1.644037 5.763086 0.023666 30.168716
1.922306 9.116157 -1.460180 49.655564
1.569105 7.167870 -0.252813 37.388210
2.208177 10.232866 -2.272673 57.955511
1.718960 8.726626 -1.233200 44.240413
1.636700 7.350583 -0.472147 37.116477
2.744012 14.430162 -4.553649 81.441432
1.574961 7.199780 -0.321929 37.299024
2.082262 10.928743 -2.162258 54.936764
1.941346 10.273708 -1.989987 53.770569
1.931202 9.991682 -1.839998 52.882691
2.707251 15.226954 -4.574032 82.728923
1.000000 7.969558 0.697246 34.564103
1.792277 12.695910 -1.034967 58.001619
1.816206 12.408807 -1.087506 57.638458
1.983254 13.128549 -1.475033 61.914837
2.538294 14.896993 -3.727555 77.470624
1.985828 8.745933 -1.325479 43.505280
2.150633 11.069663 -2.192153 55.412890
1.834285 7.983738 -0.946284 37.586470
2.390830 14.775853 -2.980169 72.392258
1.555843 3.990885 0.842493 18.363157
1.642378 4.920055 0.424454 22.962954
1.603646 4.643154 0.684437 20.989620
1.648973 5.876495 0.056171 26.541160
1.697183 6.609629 -0.290505 29.495849
1.602321 4.777192 0.626762 21.129984
1.802618 7.165298 -0.580136 33.988520
1.764874 6.160600 -0.019593 27.821195
1.932604 8.731428 -1.128461 40.928757
2.210536 11.148783 -2.133543 55.294023
1.913335 8.576811 -1.051267 38.940145
1.614625 5.366513 0.428273 23.452494
1.764663 6.696497 -0.202184 29.605095
1.609888 5.614395 0.289611 24.190009
1.627891 4.467343 1.014100 19.188196
1.643637 5.534248 0.413703 23.717384
1.688973 5.693342 0.393400 24.265912
1.960713 6.747117 -0.425714 34.635605
1.899800 7.107623 -0.680304 34.887658
1.690181 5.056321 0.337053 25.122641
1.640530 6.565950 1.994413 29.184072
1.579792 6.525632 1.845716 28.548753
1.793258 9.369932 3.121954 43.333159
1.975059 12.584122 3.965593 59.305548
1.605505 4.573089 0.823125 20.060133
1.623374 5.141446 1.550415 23.248366
1.559518 4.022574 0.652192 19.263660
1.599303 4.039485 0.951442 18.455361
1.704851 3.513678 1.072692 18.396151
1.558190 3.690952 0.958347 17.277718
1.636810 4.381233 1.220563 20.633063
1.896768 11.752211 3.749217 55.667455
1.558780 0.949011 0.776402 14.565902
1.434456 1.189492 0.544180 15.372621
1.488092 2.157441 0.517451 18.406897
1.447330 1.420261 0.478089 17.873322
1.577952 2.653109 0.799888 16.956267
1.619187 2.232435 0.814564 16.086577
1.565134 2.971584 0.614147 18.903733
1.602131 3.389963 0.481381 22.614313
1.619227 3.781322 0.512515 21.422627
1.577040 3.496462 0.388387 21.085044
1.715972 4.526544 0.118855 25.325599
1.410913 2.123382 0.367792 20.302643
1.451994 2.437070 0.406387 19.364957
1.475422 0.984527 0.381801 16.045733
1.474071 1.661021 0.707101 15.836056
1.549712 1.163064 0.803167 14.625736
1.453410 1.462600 0.710021 15.398890
1.307432 1.716068 0.368023 20.169927
1.268519 2.476410 0.473395 20.205985
1.364512 1.777907 0.354638 20.182317
1.288649 3.485308 0.753297 22.208471
1.385315 1.568098 0.476659 18.216866
1.605903 4.877991 0.006231 26.453800
1.601583 3.398242 0.461958 21.578963
1.471083 2.467465 0.667097 17.142828
1.480912 2.486169 0.640228 18.311899
1.553063 4.941471 0.085661 26.989277
1.494231 3.618202 0.334309 21.565504
1.538875 3.182436 0.342248 22.472596
1.489448 2.128175 0.586031 17.585491
1.546325 1.575560 0.772945 15.827960
1.441261 1.659158 0.564967 16.342169
1.708442 4.715840 0.299169 28.373927
1.460744 1.530965 0.543181 16.792273
1.637854 6.220415 1.668572 27.022136
1.712501 8.384230 2.794082 38.565997
1.880246 12.483424 3.735087 59.354997
1.759698 9.805142 3.326666 46.773155
1.829673 12.368312 3.591400 59.060501
1.295420 9.936941 1.583402 44.426427
1.315517 10.051521 1.640463 44.995987
1.169650 9.168979 1.146197 40.317587
1.000000 7.969558 0.697246 34.564103
1.629774 5.754257 1.828022 25.696934
1.703532 7.518117 2.520798 34.496618
1.643425 7.733894 2.594743 36.921911
1.519087 5.107717 1.610984 25.758931
1.753243 9.264505 3.158484 43.635720
1.759085 9.510549 3.213628 45.533099
1.650372 7.266606 2.374501 33.327110
1.727561 9.310337 3.126939 44.734277
1.692727 5.152567 1.034596 21.622955
1.651426 5.488648 1.545264 23.689223
1.679290 4.782026 1.108346 20.416581
1.626353 5.068667 0.703947 21.381115
1.679387 4.681004 1.140508 20.170349
1.726076 4.885153 1.411032 21.546594
1.701997 4.409541 1.129881 19.587753
1.644914 4.786400 0.834141 20.526181
1.662791 4.247116 1.042753 18.976962
1.598732 4.180867 0.953682 18.634083
1.692996 6.780132 2.111386 30.244059
1.626272 5.337724 1.473813 22.997690
1.581707 5.323236 1.294446 22.438154
1.652990 5.716952 0.470209 23.719607
2.131354 10.562062 -1.531752 48.144798
1.855251 7.882776 -0.733462 35.859578
2.068779 10.077598 -1.464959 46.597067
2.278576 12.496860 -2.602480 61.360965
2.174346 10.450300 -1.595022 48.254303
2.342418 12.161531 -2.294211 56.351062
1.908952 8.702508 -0.637123 37.856575
2.233826 10.938805 -1.671648 49.844603
1.622783 6.921890 0.021083 29.032278
1.695915 6.744654 -0.101189 28.957031
1.584767 6.021795 0.295231 24.889746
1.823089 8.418084 -0.570398 36.580981
1.661709 6.231280 0.288629 25.877109
1.578151 5.538219 0.429527 22.903310
1.976557 8.244834 -0.831893 37.469829
2.418693 12.889270 -2.678673 61.145412
1.743432 12.612978 -0.787937 56.781429
1.353722 10.380693 0.072138 45.759315
1.070151 8.490724 0.630631 36.842971
2.160323 15.328297 -1.766108 69.999145
2.705717 16.443313 -3.618111 78.954729
2.541878 14.224053 -2.927177 66.807051
2.455726 13.256067 -2.834140 62.701187
2.175682 15.262617 -1.775327 69.753030
2.539468 15.795115 -3.316594 76.672015
2.645956 17.431668 -3.240131 81.763978
1.762745 12.998109 -0.732159 58.162873
1.000000 7.969558 0.697246 34.564103
1.956018 9.654589 -1.052315 42.639596
1.115745 0.592445 0.427268 12.533565
1.342648 0.530838 0.253824 14.961826
1.133494 4.698669 0.776096 23.513969
1.524041 5.411954 0.602255 22.070645
1.555068 5.110349 0.742988 20.890279
1.804811 7.410542 -0.194062 31.693982
6.639057 7.238873 -8.724233 158.745442
2.902830 12.678360 -4.530253 80.195885
3.057210 15.614213 -5.355106 90.488760
2.973620 13.691487 -4.993870 84.299735
2.809195 15.107872 -4.271354 83.578534
1.170318 8.870400 0.457081 38.867147
1.000000 7.969558 0.697246 34.564103
2.812764 14.746768 -4.757632 83.504513
1.455030 10.674126 -0.215023 47.857388
1.893826 7.026907 -0.526250 34.948677
1.887968 7.256185 -0.736486 36.601309
1.891625 6.714586 -0.481570 34.724491
1.668551 6.729655 -0.310712 33.795141
1.817247 5.573736 -0.204584 29.459840
1.532130 7.271876 -0.430636 36.830820
1.873853 8.459329 -1.218453 42.245993
1.779146 8.920786 -1.329294 45.114527
2.269976 13.022626 -2.943200 67.001763
3.386303 16.142267 -6.557922 99.557713
1.692271 7.495370 -0.585311 37.591573
1.676860 6.685921 -0.203500 34.042612
1.868341 8.939847 -1.395516 47.904271
1.553808 6.827863 -0.156804 34.525417
1.535119 6.794175 -0.112425 34.657455
1.406009 2.466108 0.391191 20.348862
2.765717 12.982974 -4.327694 78.147290
1.555067 2.479537 0.722273 17.447829
1.619899 1.698826 0.782431 15.417002
1.526438 2.273590 0.725282 17.447581
1.636358 5.795340 -0.082331 29.786363
1.570056 3.077165 0.627049 18.745781
1.800114 5.467110 -0.071071 29.429814
1.710763 4.961259 0.208992 25.729285
1.000000 7.969558 0.697246 34.564103
1.000000 7.969558 0.697246 34.564103
1.000000 7.969558 0.697246 34.564103
1.000000 7.969558 0.697246 34.564103
1.000000 7.969558 0.697246 34.564103
1.000000 7.969558 0.697246 34.564103
1.000000 7.969558 0.697246 34.564103
1.000000 7.969558 0.697246 34.564103
1.000000 7.969558 0.697246 34.564103
1.000000 7.969558 0.697246 34.564103
1.000000 7.969558 0.697246 34.564103
1.000000 7.969558 0.697246 34.564103
1.000000 7.969558 0.697246 34.564103
1.043482 8.256485 0.623113 35.832853
2.113479 12.498673 -1.927146 62.956578
1.000000 7.969558 0.697246 34.564103
5.792377 10.573462 -3.025059 149.171221
5.248646 11.992010 -3.354368 134.456301
3.385867 12.092228 -1.514352 87.812953
2.582839 12.141108 -0.333142 69.215316
1.000000 7.969558 0.697246 34.564103
1.313329 9.304766 0.562640 41.368714
3.211446 12.733949 -1.313707 84.659602
2.428605 12.503531 -2.422370 57.878859
2.583360 16.388976 -3.439435 79.043791
1.151911 9.055722 0.522093 39.338850
1.334273 10.170547 0.065088 44.889192
1.000000 7.969558 0.697246 34.564103
1.000000 7.969558 0.697246 34.564103
1.000000 7.969558 0.697246 34.564103
1.000000 7.969558 0.697246 34.564103
1.000000 7.969558 0.697246 34.564103
1.000000 7.969558 0.697246 34.564103
1.000000 7.969558 0.697246 34.564103
1.000000 7.969558 0.697246 34.564103
1.000000 7.969558 0.697246 34.564103
1.000000 7.969558 0.697246 34.564103
1.000000 7.969558 0.697246 34.564103
1.000000 7.969558 0.697246 34.564103
1.000000 7.969558 0.697246 34.564103
1.000000 7.969558 0.697246 34.564103
1.000000 7.969558 0.697246 34.564103
1.000000 7.969558 0.697246 34.564103
1.000000 7.969558 0.697246 34.564103
1.000000 7.969558 0.697246 34.564103
1.000000 7.969558 0.697246 34.564103
5.484755 12.600368 -8.349520 144.195222
4.454220 15.030240 -8.816046 123.610046
2.788577 10.435855 -3.153077 68.698098
4.035681 14.284980 -7.386596 111.160946
3.846705 15.205732 -7.391329 107.763116
3.276709 10.135918 -5.071964 79.693745
1.088879 4.001948 -0.692663 23.126353
3.493541 9.082139 -6.356056 85.305808
1.369010 9.685159 0.084725 43.831034
1.361061 9.684415 -0.009949 43.840991
1.121241 8.743487 0.477790 38.120711
1.554508 10.841293 -0.465353 49.710981
3.470308 16.280862 -6.492573 100.775286
3.185614 13.438003 -5.356693 88.101103
3.073652 12.044501 -4.620880 81.376376
4.930016 10.657460 -8.289905 120.737261
3.740956 14.408671 -6.314348 103.682069
4.709164 12.782418 -8.380902 125.151105
5.036650 13.166633 -7.343947 133.088393
5.908355 9.567616 -8.532179 146.733042
4.126249 10.495908 -5.997922 99.072858
5.869517 8.686956 -9.932490 140.365523
1.525891 10.080559 0.053299 46.588268
1.799768 12.767452 -1.074351 58.396109
2.306491 13.166291 -3.037450 67.750346
2.434141 13.696901 -3.651662 73.388206
1.000000 7.969558 0.697246 34.564103
1.000000 7.969558 0.697246 34.564103
1.000000 7.969558 0.697246 34.564103
1.440389 10.992507 -0.023198 48.353308
1.101633 8.717610 0.594084 37.842554
1.000000 7.969558 0.697246 34.564103
2.649023 16.161249 -3.496923 77.695988
1.442287 10.962117 -0.033262 48.221848
1.094510 8.660506 0.593810 37.596896
1.000000 7.969558 0.697246 34.564103
1.000000 7.969558 0.697246 34.564103
1.000000 7.969558 0.697246 34.564103
1.000000 7.969558 0.697246 34.564103
1.000000 7.969558 0.697246 34.564103
1.000000 7.969558 0.697246 34.564103
1.000000 7.969558 0.697246 34.564103
1.000000 7.969558 0.697246 34.564103
1.000000 7.969558 0.697246 34.564103
1.000000 7.969558 0.697246 34.564103
1.000000 7.969558 0.697246 34.564103
1.000000 7.969558 0.697246 34.564103
1.000000 7.969558 0.697246 34.564103
1.000000 7.969558 0.697246 34.564103
1.000000 7.969558 0.697246 34.564103
1.000000 7.969558 0.697246 34.564103
1.000000 7.969558 0.697246 34.564103
1.000000 7.969558 0.697246 34.564103
1.000000 7.969558 0.697246 34.564103
1.000000 7.969558 0.697246 34.564103
1.000000 7.969558 0.697246 34.564103
1.000000 7.969558 0.697246 34.564103
1.000000 7.969558 0.697246 34.564103
1.000000 7.969558 0.697246 34.564103
1.000000 7.969558 0.697246 34.564103
1.000000 7.969558 0.697246 34.564103
1.000000 7.969558 0.697246 34.564103
1.000000 7.969558 0.697246 34.564103
1.000000 7.969558 0.697246 34.564103
1.000000 7.969558 0.697246 34.564103
1.000000 7.969558 0.697246 34.564103
1.000000 7.969558 0.697246 34.564103
1.000000 7.969558 0.697246 34.564103
1.000000 7.969558 0.697246 34.564103
1.000000 7.969558 0.697246 34.564103
1.000000 7.969558 0.697246 34.564103
1.000000 7.969558 0.697246 34.564103
1.000000 7.969558 0.697246 34.564103
1.000000 7.969558 0.697246 34.564103
1.000000 7.969558 0.697246 34.564103
0.284125 1.073248 0.518309 5.271363
0.728802 3.056552 -0.023378 15.870231
1.896520 7.065513 -1.065797 43.849601
3.006399 10.387027 -4.194095 73.947775
1.996143 7.657135 -1.051000 46.164389
0.314708 1.410275 0.310947 6.530850
1.127358 4.521006 0.414722 24.740942
1.113987 4.477107 0.484051 24.034281
0.203407 0.881130 0.382227 4.048919
0.687850 2.821270 0.935394 14.538181
3.560439 11.009183 -5.081610 87.051531
1.279316 5.303646 0.417069 28.301521
1.925250 7.497851 -0.934661 44.059311
1.357814 5.533426 0.412482 29.438701
0.714867 1.186866 0.404667 11.042776
0.704622 2.847022 0.944271 14.553222
1.217039 1.757447 0.495457 19.315564
0.719218 2.153967 1.010135 12.949556
0.459473 1.803591 0.963368 9.320499
0.785166 2.941599 1.027182 15.243658
1.526724 3.526195 0.387578 24.533664
1.410873 2.218223 0.329023 21.503422
1.224832 3.661938 0.568362 21.244277
0.802798 3.064535 1.020257 15.485145
1.229536 5.117836 0.646016 26.231110
0.952108 3.731151 -0.764230 20.933411
0.334553 1.045778 0.379296 5.570065
0.805023 3.242592 1.046321 16.398169
0.367024 1.536048 0.406964 7.295820
1.167062 4.877227 0.669288 25.131012
4.434253 12.474538 -7.286112 114.588783
1.324522 4.847348 0.616272 25.174367
1.272546 4.788280 0.696202 24.854651
1.870315 7.637202 -0.631315 42.906980
2.477401 10.204474 -2.540820 62.523407
2.249101 9.880617 -2.130915 57.507678
4.256436 11.635508 -7.362994 107.519953
3.777910 12.517279 -6.260828 98.649794
2.052451 8.007703 -1.025795 47.243574
3.185943 10.876541 -4.083694 78.296898
3.722836 12.018792 -6.247674 96.606388
3.233041 11.807717 -4.938527 84.175533
1.800731 7.322148 -0.538295 41.141026
2.710779 10.123901 -3.137641 66.614530
2.408930 9.633428 -2.273642 59.067789
2.209763 9.734073 -2.000597 55.904889
1.422693 1.645380 0.478003 17.459715
1.478452 2.226358 0.433545 19.947796
1.366520 1.410031 0.533167 18.049739
1.403758 1.685245 0.365726 19.934488
1.571241 4.774618 0.299614 27.387160
1.556246 3.595290 0.374987 23.278485
1.470654 3.609355 0.263020 23.273283
1.677397 7.040447 -0.249074 38.109342
1.681265 4.414285 0.180432 25.141871
1.660454 4.817959 0.139661 27.269415
1.715931 7.270177 -0.338449 39.339295
1.506380 6.507977 0.074678 34.033247
1.506424 6.484757 0.043646 33.513731
1.351744 5.568364 0.383407 28.158847
1.106343 4.612888 0.796999 23.216849
1.529808 5.788916 0.320590 30.083351
1.436725 5.674539 0.149702 28.601495
0.955251 1.815176 0.686642 15.660654
1.000000 7.969558 0.697246 34.564103
