1.000000 7.969558 0.697246 34.564103
1.000000 7.969558 0.697246 34.564103
1.000000 7.969558 0.697246 34.564103
1.000000 7.969558 0.697246 34.564103
1.000000 7.969558 0.697246 34.564103
1.326289 9.635418 0.092686 43.182850
3.468935 16.414544 -6.207382 103.065632
2.888586 16.560626 -5.224305 90.951315
3.480003 15.309280 -6.639418 105.228469
2.036191 10.318740 -2.488532 63.359914
1.331932 5.974342 -0.945298 39.791556
1.247195 9.192252 0.292529 40.896035
1.000000 7.969558 0.697246 34.564103
1.360364 9.766261 0.068968 43.900840
1.000000 7.969558 0.697246 34.564103
2.272295 11.941932 -2.283797 65.657458
2.999831 14.633379 -4.152434 87.750262
2.393091 11.855650 -1.443716 68.251722
1.000000 7.969558 0.697246 34.564103
1.000000 7.969558 0.697246 34.564103
1.000000 7.969558 0.697246 34.564103
1.000000 7.969558 0.697246 34.564103
1.000000 7.969558 0.697246 34.564103
1.000000 7.969558 0.697246 34.564103
1.000000 7.969558 0.697246 34.564103
1.000000 7.969558 0.697246 34.564103
1.000000 7.969558 0.697246 34.564103
1.000000 7.969558 0.697246 34.564103
1.000000 7.969558 0.697246 34.564103
1.000000 7.969558 0.697246 34.564103
1.000000 7.969558 0.697246 34.564103
1.000000 7.969558 0.697246 34.564103
1.650532 12.026858 -0.785682 55.034981
1.000000 7.969558 0.697246 34.564103
1.000000 7.969558 0.697246 34.564103
1.000000 7.969558 0.697246 34.564103
1.225282 9.521345 0.362342 41.603546
1.000000 7.969558 0.697246 34.564103
5.478388 7.621426 -9.297491 159.738563
5.863342 8.840048 -8.228120 168.544576
4.694085 12.374398 -9.435620 134.213610
5.222342 9.702960 -9.422635 151.914662
5.396407 11.982311 -8.850888 152.316880
1.000000 7.969558 0.697246 34.564103
5.783986 6.789430 -5.967310 164.674264
1.000000 7.969558 0.697246 34.564103
1.000000 7.969558 0.697246 34.564103
1.000000 7.969558 0.697246 34.564103
1.000000 7.969558 0.697246 34.564103
1.000000 7.969558 0.697246 34.564103
1.000000 7.969558 0.697246 34.564103
1.000000 7.969558 0.697246 34.564103
1.436909 9.374931 0.561663 44.251168
6.421563 4.060622 -5.798517 185.864525
5.820241 6.572163 -4.933529 165.025769
6.084241 5.144977 -6.825282 175.142189
6.778842 2.938837 -3.125054 196.631253
6.424787 4.704479 -1.355100 182.227576
6.125038 4.921416 -4.038041 173.637315
4.781845 9.248354 -4.206832 133.411454
1.000000 7.969558 0.697246 34.564103
1.000000 7.969558 0.697246 34.564103
1.000000 7.969558 0.697246 34.564103
6.036683 5.781857 -7.709399 174.916285
5.343786 10.102898 -6.984487 150.546982
3.186093 11.776776 -0.751241 87.206155
4.655159 12.992887 -5.182380 126.359064
4.609030 11.726800 -9.072222 133.787461
5.506355 9.409630 -5.741483 155.990655
3.996792 13.005895 -6.327500 111.882125
6.368366 3.573014 -4.622525 182.454104
6.614642 2.994593 -1.479818 189.362288
1.000000 7.969558 0.697246 34.564103
1.000000 7.969558 0.697246 34.564103
1.000000 7.969558 0.697246 34.564103
1.000000 7.969558 0.697246 34.564103
1.000000 7.969558 0.697246 34.564103
1.000000 7.969558 0.697246 34.564103
1.000000 7.969558 0.697246 34.564103
1.000000 7.969558 0.697246 34.564103
1.000000 7.969558 0.697246 34.564103
1.000000 7.969558 0.697246 34.564103
6.144605 5.538458 -2.597631 172.967737
6.777103 2.267876 0.212048 195.429277
6.161625 4.752199 1.541865 173.207330
6.522357 2.105484 3.714902 186.308958
1.000000 7.969558 0.697246 34.564103
4.537482 9.129764 3.955791 124.100285
5.760178 8.215248 6.155752 160.317178
1.000000 7.969558 0.697246 34.564103
4.398408 10.963846 -0.158488 117.524091
5.158341 8.399110 -1.152406 140.989911
6.758124 1.808339 2.862535 194.927401
6.439191 3.360241 1.812576 182.894680
6.557854 2.162816 1.508515 187.152401
6.437935 4.625832 4.093939 183.468867
6.369928 4.057261 5.007434 181.025215
6.358125 3.430452 3.067817 180.200277
6.445202 2.590823 4.657691 183.653132
6.640624 2.508285 5.768291 191.375619
6.393591 3.233379 7.037691 182.927668
6.355923 4.898275 6.018120 180.282584
6.351237 3.610064 8.113501 182.601840
1.000000 7.969558 0.697246 34.564103
6.366672 6.497442 6.501099 179.975372
1.000000 7.969558 0.697246 34.564103
5.813923 7.362855 10.870410 165.256650
6.354341 4.328674 6.985535 180.881256
5.943752 4.872757 9.706632 170.260388
1.000000 7.969558 0.697246 34.564103
1.000000 7.969558 0.697246 34.564103
1.000000 7.969558 0.697246 34.564103
1.000000 7.969558 0.697246 34.564103
1.000000 7.969558 0.697246 34.564103
1.000000 7.969558 0.697246 34.564103
1.000000 7.969558 0.697246 34.564103
1.000000 7.969558 0.697246 34.564103
1.000000 7.969558 0.697246 34.564103
1.000000 7.969558 0.697246 34.564103
1.000000 7.969558 0.697246 34.564103
1.000000 7.969558 0.697246 34.564103
1.000000 7.969558 0.697246 34.564103
1.000000 7.969558 0.697246 34.564103
1.000000 7.969558 0.697246 34.564103
1.000000 7.969558 0.697246 34.564103
1.000000 7.969558 0.697246 34.564103
1.000000 7.969558 0.697246 34.564103
1.000000 7.969558 0.697246 34.564103
1.000000 7.969558 0.697246 34.564103
1.000000 7.969558 0.697246 34.564103
1.000000 7.969558 0.697246 34.564103
1.000000 7.969558 0.697246 34.564103
1.000000 7.969558 0.697246 34.564103
1.000000 7.969558 0.697246 34.564103
1.000000 7.969558 0.697246 34.564103
1.000000 7.969558 0.697246 34.564103
1.000000 7.969558 0.697246 34.564103
1.000000 7.969558 0.697246 34.564103
1.116052 8.654284 0.479068 37.836884
1.000000 7.969558 0.697246 34.564103
5.751955 5.637748 10.309654 164.404380
1.000000 7.969558 0.697246 34.564103
1.000000 7.969558 0.697246 34.564103
5.386968 9.407130 0.085385 147.601547
5.893149 6.786439 3.829999 165.160619
1.000000 7.969558 0.697246 34.564103
1.000000 7.969558 0.697246 34.564103
1.000000 7.969558 0.697246 34.564103
5.611996 8.805187 11.743497 160.226245
4.916092 7.615853 11.015778 141.132359
1.680920 7.327210 2.735303 49.932502
2.835902 8.483418 7.622308 85.927328
0.843116 4.016757 1.771606 24.715520
5.690515 9.683832 12.139362 161.565029
5.001552 9.396082 11.549627 144.150499
4.717102 8.246779 11.112045 136.342400
4.559474 11.895953 11.593126 133.089717
5.506505 6.231124 10.666697 157.616412
5.355878 7.037659 11.053771 153.407380
6.099442 5.266011 8.831098 173.147369
6.115345 6.370602 9.619270 173.549486
6.100814 4.315587 9.016499 174.359022
5.816854 6.501972 10.245422 165.375187
1.971708 10.469845 2.174908 56.846605
5.098483 10.984199 6.862666 137.249155
1.503993 9.917450 2.177851 46.888715
4.559000 11.382784 9.079275 126.246219
5.101095 11.195076 10.449401 142.447273
1.000000 7.969558 0.697246 34.564103
1.000000 7.969558 0.697246 34.564103
1.000000 7.969558 0.697246 34.564103
1.000000 7.969558 0.697246 34.564103
1.000000 7.969558 0.697246 34.564103
1.000000 7.969558 0.697246 34.564103
1.000000 7.969558 0.697246 34.564103
1.000000 7.969558 0.697246 34.564103
1.000000 7.969558 0.697246 34.564103
1.000000 7.969558 0.697246 34.564103
1.000000 7.969558 0.697246 34.564103
1.000000 7.969558 0.697246 34.564103
1.024556 8.070507 0.724030 35.117073
4.116937 11.705037 7.569168 112.098974
6.191973 6.584366 7.914540 173.934636
6.083430 8.514900 10.618593 170.907882
1.595509 9.692301 1.613811 48.049839
1.000000 7.969558 0.697246 34.564103
1.000000 7.969558 0.697246 34.564103
1.000000 7.969558 0.697246 34.564103
1.000000 7.969558 0.697246 34.564103
1.000000 7.969558 0.697246 34.564103
1.000000 7.969558 0.697246 34.564103
1.000000 7.969558 0.697246 34.564103
1.000000 7.969558 0.697246 34.564103
1.000000 7.969558 0.697246 34.564103
1.000000 7.969558 0.697246 34.564103
1.000000 7.969558 0.697246 34.564103
1.000000 7.969558 0.697246 34.564103
1.000000 7.969558 0.697246 34.564103
1.000000 7.969558 0.697246 34.564103
1.000000 7.969558 0.697246 34.564103
1.000000 7.969558 0.697246 34.564103
1.000000 7.969558 0.697246 34.564103
1.000000 7.969558 0.697246 34.564103
1.000000 7.969558 0.697246 34.564103
1.000000 7.969558 0.697246 34.564103
1.000000 7.969558 0.697246 34.564103
1.000000 7.969558 0.697246 34.564103
1.000000 7.969558 0.697246 34.564103
1.000000 7.969558 0.697246 34.564103
1.000000 7.969558 0.697246 34.564103
1.000000 7.969558 0.697246 34.564103
1.000000 7.969558 0.697246 34.564103
1.000000 7.969558 0.697246 34.564103
1.000000 7.969558 0.697246 34.564103
1.000000 7.969558 0.697246 34.564103
1.000000 7.969558 0.697246 34.564103
1.000000 7.969558 0.697246 34.564103
5.173387 11.666345 12.937817 148.264864
5.177318 11.936266 13.268224 149.551831
4.629068 13.676541 11.599477 131.548731
1.000000 7.969558 0.697246 34.564103
1.000000 7.969558 0.697246 34.564103
1.000000 7.969558 0.697246 34.564103
1.000000 7.969558 0.697246 34.564103
1.000000 7.969558 0.697246 34.564103
1.000000 7.969558 0.697246 34.564103
1.000000 7.969558 0.697246 34.564103
1.000000 7.969558 0.697246 34.564103
1.000000 7.969558 0.697246 34.564103
1.000000 7.969558 0.697246 34.564103
1.000000 7.969558 0.697246 34.564103
1.000000 7.969558 0.697246 34.564103
1.000000 7.969558 0.697246 34.564103
1.000000 7.969558 0.697246 34.564103
1.000000 7.969558 0.697246 34.564103
1.211687 8.758629 0.884380 39.319209
1.000000 7.969558 0.697246 34.564103
1.000000 7.969558 0.697246 34.564103
1.000000 7.969558 0.697246 34.564103
1.000000 7.969558 0.697246 34.564103
1.000000 7.969558 0.697246 34.564103
1.000000 7.969558 0.697246 34.564103
1.318924 9.754272 1.610265 43.805595
1.190105 9.186862 1.210844 40.464748
1.000000 7.969558 0.697246 34.564103
1.000000 7.969558 0.697246 34.564103
1.000000 7.969558 0.697246 34.564103
1.000000 7.969558 0.697246 34.564103
1.000000 7.969558 0.697246 34.564103
1.000000 7.969558 0.697246 34.564103
1.000000 7.969558 0.697246 34.564103
1.000000 7.969558 0.697246 34.564103
1.000000 7.969558 0.697246 34.564103
1.000000 7.969558 0.697246 34.564103
1.000000 7.969558 0.697246 34.564103
5.865803 8.393889 11.105755 165.600883
5.495501 7.740423 11.131231 156.668856
5.745726 11.686386 12.595695 162.675954
5.453691 10.857439 13.041268 156.731364
3.233827 11.267955 8.067503 96.705388
1.836953 11.214403 2.964246 56.142605
4.163138 14.615325 11.573391 121.538003
1.340480 9.557618 1.581454 43.459358
2.249910 11.795774 4.503099 67.202694
2.569740 12.947332 5.444417 76.687877
1.000000 7.969558 0.697246 34.564103
1.149161 8.829648 1.088455 38.786367
1.000000 7.969558 0.697246 34.564103
1.000000 7.969558 0.697246 34.564103
2.492160 14.361821 6.190174 78.562050
1.130584 8.805381 1.066454 38.644221
1.000000 7.969558 0.697246 34.564103
1.000000 7.969558 0.697246 34.564103
1.000000 7.969558 0.697246 34.564103
1.000000 7.969558 0.697246 34.564103
1.000000 7.969558 0.697246 34.564103
1.008147 8.004410 0.731475 34.758921
1.179999 8.767673 1.197028 38.946175
3.978278 13.421031 8.231754 110.469374
1.000000 7.969558 0.697246 34.564103
1.442008 10.044967 2.046643 46.345597
5.849448 9.358425 11.925390 165.566751
4.137112 13.259572 9.084835 116.547347
5.108406 13.438916 12.639084 145.359378
5.151635 9.431678 11.924668 147.511382
4.118608 10.258963 10.664684 120.801203
1.191583 8.980080 1.189453 39.686854
1.000000 7.969558 0.697246 34.564103
1.000000 7.969558 0.697246 34.564103
2.387281 11.633151 3.936992 68.834712
1.000000 7.969558 0.697246 34.564103
1.000000 7.969558 0.697246 34.564103
1.000000 7.969558 0.697246 34.564103
1.000000 7.969558 0.697246 34.564103
1.000000 7.969558 0.697246 34.564103
1.000000 7.969558 0.697246 34.564103
1.000000 7.969558 0.697246 34.564103
1.000000 7.969558 0.697246 34.564103
1.000000 7.969558 0.697246 34.564103
4.065983 11.282482 0.137539 108.252959
6.313750 6.032994 -0.055431 177.712413
4.762088 7.839607 1.454245 128.966804
3.911150 11.313078 3.558845 104.821159
6.275031 8.231540 9.043098 175.551742
6.278543 5.237088 7.997402 178.092256
6.148103 7.717344 9.799282 172.991243
5.391577 10.463017 8.997485 147.842364
1.000000 7.969558 0.697246 34.564103
2.221271 10.356815 1.784573 62.731473
1.447515 9.598494 1.761308 45.064834
3.215317 13.423733 8.767752 98.243134
2.273404 10.238515 4.885546 69.306585
2.582844 11.635611 6.308287 79.325163
1.000000 7.969558 0.697246 34.564103
1.000000 7.969558 0.697246 34.564103
0.885786 4.138874 1.785407 25.696554
1.000000 7.969558 0.697246 34.564103
1.000000 7.969558 0.697246 34.564103
1.000000 7.969558 0.697246 34.564103
1.000000 7.969558 0.697246 34.564103
1.000000 7.969558 0.697246 34.564103
1.000000 7.969558 0.697246 34.564103
1.000000 7.969558 0.697246 34.564103
1.000000 7.969558 0.697246 34.564103
1.000000 7.969558 0.697246 34.564103
1.000000 7.969558 0.697246 34.564103
1.000000 7.969558 0.697246 34.564103
1.000000 7.969558 0.697246 34.564103
1.000000 7.969558 0.697246 34.564103
1.000000 7.969558 0.697246 34.564103
1.000000 7.969558 0.697246 34.564103
1.000000 7.969558 0.697246 34.564103
1.000000 7.969558 0.697246 34.564103
1.000000 7.969558 0.697246 34.564103
1.000000 7.969558 0.697246 34.564103
1.000000 7.969558 0.697246 34.564103
1.000000 7.969558 0.697246 34.564103
1.000000 7.969558 0.697246 34.564103
1.000000 7.969558 0.697246 34.564103
1.000000 7.969558 0.697246 34.564103
1.000000 7.969558 0.697246 34.564103
1.000000 7.969558 0.697246 34.564103
1.000000 7.969558 0.697246 34.564103
1.000000 7.969558 0.697246 34.564103
1.000000 7.969558 0.697246 34.564103
1.000000 7.969558 0.697246 34.564103
1.000000 7.969558 0.697246 34.564103
1.000000 7.969558 0.697246 34.564103
1.551975 11.482735 2.400814 52.435244
1.000000 7.969558 0.697246 34.564103
1.000000 7.969558 0.697246 34.564103
1.000000 7.969558 0.697246 34.564103
1.000000 7.969558 0.697246 34.564103
1.000000 7.969558 0.697246 34.564103
1.000000 7.969558 0.697246 34.564103
1.000000 7.969558 0.697246 34.564103
1.000000 7.969558 0.697246 34.564103
1.000000 7.969558 0.697246 34.564103
1.000000 7.969558 0.697246 34.564103
1.000000 7.969558 0.697246 34.564103
1.000000 7.969558 0.697246 34.564103
1.565792 11.407133 2.549643 52.673171
1.361569 10.434997 1.679566 46.413683
1.253543 9.692994 1.378479 42.839099
1.000000 7.969558 0.697246 34.564103
1.000000 7.969558 0.697246 34.564103
1.000000 7.969558 0.697246 34.564103
1.556016 11.232838 2.507905 52.089563
1.556016 11.232839 2.507906 52.089568
1.000000 7.969558 0.697246 34.564103
1.000000 7.969558 0.697246 34.564103
1.000000 7.969558 0.697246 34.564103
1.000000 7.969558 0.697246 34.564103
1.000000 7.969558 0.697246 34.564103
1.000000 7.969558 0.697246 34.564103
0.099214 0.408791 -0.268020 2.551882
0.060126 0.261935 -0.184557 1.582828
0.136617 0.684915 -0.318731 3.771715
0.154104 0.790397 -0.360130 4.298525
0.009158 0.038602 -0.039308 0.223448
1.142137 8.993100 1.031425 39.304367
1.000000 7.969558 0.697246 34.564103
1.172602 9.176905 1.133964 40.255773
1.172603 9.176906 1.133964 40.255776
0.089509 0.470471 -0.180228 2.371514
0.124889 0.634403 -0.268977 3.356117
0.579112 3.234419 -0.119867 17.708174
0.716379 3.862319 0.083202 21.697506
0.481473 2.590040 -0.162927 14.298613
0.173969 0.923976 -0.229522 4.791563
0.134507 0.740991 -0.081402 3.604421
0.058439 0.336703 -0.091254 1.572778
0.424314 2.316162 -0.283757 12.661687
0.215821 1.126972 -0.323384 6.006893
0.205074 1.077072 -0.325382 5.743662
0.156484 0.778339 -0.286374 4.162673
0.066754 0.314269 -0.214307 1.817255
0.530425 2.846858 0.709242 15.970496
0.078353 0.496670 0.012042 2.216879
0.561695 2.967500 0.178392 16.682660
0.056995 0.329144 -0.089480 1.535117
1.093539 6.111275 1.292153 34.135786
1.954530 10.261419 4.375999 61.107709
2.634894 15.464912 6.830726 84.223965
2.784669 15.269562 7.380209 87.116147
1.861511 9.349772 3.683802 57.442289
1.452808 7.744804 2.340850 45.314328
2.722266 12.862642 7.071013 83.641617
1.460143 10.372231 2.158265 48.017799
3.216503 15.476254 9.075149 98.748649
1.465307 10.354870 2.147804 47.969136
3.680960 13.782137 10.273551 111.000397
2.625462 14.459247 6.280601 80.434920
2.006277 12.659620 4.190020 63.922740
3.506695 14.564101 8.888971 103.520415
3.146249 12.891528 8.491480 96.521359
3.373565 14.606592 9.282968 102.106958
1.417146 7.051428 2.077658 43.425516
1.611065 8.097998 2.618827 49.672692
1.610739 8.108658 2.646476 49.558319
2.582844 11.635611 6.308287 79.325167
2.158638 9.468823 4.670473 66.212772
0.228281 1.202323 -0.379825 6.470767
0.201768 1.055317 -0.217141 5.474124
0.102672 0.530161 -0.198538 2.705134
0.471646 2.756848 -0.283124 14.702361
0.891333 5.062276 0.585323 27.838505
0.462949 2.642229 -0.297885 14.270111
0.624202 3.586242 -0.044026 19.379504
0.735486 4.178836 0.166014 22.733503
0.886125 4.907361 0.550814 27.539429
0.715223 3.872518 0.103270 21.623515
0.362948 2.012101 -0.343695 10.942421
0.142271 0.776741 -0.074921 3.782260
0.381478 1.184945 -0.092142 9.661940
0.176613 0.666470 -0.166512 4.430443
0.447081 1.423121 0.218297 11.740514
0.167055 0.681969 0.497247 4.508717
0.271421 1.545339 -0.418269 8.285133
0.246275 1.265904 -0.403982 7.094378
0.335112 1.313024 -0.089084 8.912410
0.504572 1.822139 0.168182 13.615747
0.375227 1.381892 -0.053072 9.854996
0.485791 1.724924 0.232438 13.022735
0.508651 1.930332 0.223502 13.853222
0.331854 1.554582 0.628988 9.445603
0.554468 2.540543 0.208635 15.876048
1.565439 11.418158 2.551845 52.724230
0.592705 3.684876 0.308346 18.643223
0.597027 3.736564 0.320749 18.816982
0.722189 4.610755 0.607360 23.162225
1.414099 9.108511 2.559710 45.976740
1.414099 9.108511 2.559710 45.976740
0.756276 4.992667 0.799261 24.467735
1.196530 8.271690 1.836346 39.552731
0.863653 5.731924 1.036699 28.052274
0.016193 0.065171 -0.059363 0.382843
0.054098 0.157369 -0.148543 1.288303
0.068908 0.303717 -0.213238 1.809968
0.229430 0.915703 0.507249 6.219765
0.155782 0.796853 -0.360269 4.335342
0.142180 0.714023 -0.341409 3.940669
0.161629 0.834092 -0.388140 4.559867
0.539626 2.711308 0.070078 15.794587
0.511743 2.345816 0.113929 14.632858
0.526635 2.323171 0.103597 14.920668
0.464959 2.241423 0.424457 13.359920
0.561691 2.650959 0.202140 16.221289
0.530422 3.125450 0.531712 16.444584
0.552465 2.793313 0.224177 16.273332
0.763664 3.822503 0.599917 22.226951
0.427644 2.345124 -0.080130 12.886918
1.407259 7.000833 2.071571 43.217272
2.075255 9.275312 4.471822 64.084467
1.477294 6.861021 2.097627 44.125136
1.302884 6.353657 1.687087 39.595061
0.441207 2.536509 -0.318224 13.676542
1.843462 9.259044 3.602433 57.275024
0.620997 3.575359 -0.043367 19.323069
0.880135 4.883776 0.540079 27.384446
0.582943 3.238755 -0.127704 17.797720
0.472803 2.760863 -0.283219 14.720914
4.327270 12.268924 11.630701 127.125876
3.629546 13.346003 10.178255 109.433647
4.092673 14.402140 12.076375 122.869619
0.149042 0.874989 0.020136 4.118555
0.809222 4.266062 0.251753 24.251068
0.572608 3.009350 0.165133 16.943191
0.403925 2.220196 -0.253528 12.153402
3.335594 9.957350 8.047938 98.637626
2.794640 9.641220 6.868295 84.430408
1.392225 6.532592 2.006084 42.251046
3.208544 11.404225 8.170393 95.882007
3.070392 12.005091 5.127885 83.668537
4.534473 14.396825 12.300134 131.838602
2.516571 12.817705 5.461157 75.607956
0.238481 1.286937 -0.417215 6.936823
0.371033 2.061030 -0.357586 11.167060
0.160001 0.823885 -0.382445 4.506673
0.222233 1.206195 -0.427052 6.507288
0.163308 0.842664 -0.385031 4.596638
0.223169 1.178550 -0.380448 6.344522
0.145494 0.729486 -0.281410 3.911730
0.159102 0.797328 -0.335977 4.341282
0.124889 0.634404 -0.268977 3.356118
0.231457 0.976419 0.531472 6.361281
0.300647 0.881273 -0.005901 7.467081
0.257818 1.006757 -0.257588 6.640783
0.099825 0.447385 -0.276328 2.648399
0.109201 0.433675 0.135579 2.627985
0.345045 1.961379 -0.406494 10.538201
0.331466 1.860891 -0.390265 10.057968
0.301705 1.720422 -0.428263 9.245331
0.193878 1.044550 -0.419141 5.668524
0.301705 1.720423 -0.428263 9.245333
0.205885 1.138022 -0.432522 6.155717
0.137320 0.688145 -0.337599 3.813853
0.375101 1.586788 -0.175628 10.186019
0.146412 0.743335 -0.363250 4.101544
0.423865 1.671602 0.382554 11.519185
0.335537 1.965013 -0.414937 10.430716
1.449884 10.062765 2.475355 48.088542
1.562490 11.375840 2.543808 52.548451
1.525958 11.208282 2.370656 51.378163
0.580701 3.120278 0.232239 17.428979
0.575167 3.223748 0.293787 17.505225
0.577220 3.404299 0.267172 17.846832
0.569092 3.568013 0.194392 17.946047
0.760744 4.846492 0.694382 24.357898
0.569061 3.560477 0.174740 17.987281
0.564887 3.144750 0.181142 17.129568
0.569603 3.562369 0.175689 18.000414
0.557190 3.052358 0.082552 16.761056
0.543736 3.321512 0.074148 17.040227
0.535739 3.300256 0.061746 16.861962
0.555887 2.655705 0.198001 16.105403
0.551938 2.843475 0.229450 16.343597
0.550855 3.120357 0.115992 16.790966
0.901897 5.594904 1.017208 28.886765
0.915568 5.362276 0.928177 28.521321
0.742086 4.468184 0.503881 23.325988
1.420840 8.416459 2.584764 45.322144
0.452526 1.989299 0.437235 12.636941
0.549945 2.493294 0.275377 15.622425
0.456935 2.443406 0.576542 13.599519
0.403816 2.286836 0.656735 12.339914
0.517883 3.099214 0.576905 16.298353
0.540677 2.538741 0.267229 15.533952
0.504789 2.077222 0.076351 13.987462
0.415052 2.346662 -0.220068 12.547443
0.431855 1.705595 -0.080938 11.633807
0.491875 2.202543 0.026555 13.985577
0.363504 1.772627 -0.266785 10.410934
0.551639 3.085889 0.202151 16.741077
0.527483 3.170372 0.493308 16.435761
0.514180 3.086453 0.552072 16.092343
0.681507 4.240707 0.312932 21.763552
0.740049 5.020841 0.121482 24.020334
0.694525 4.605078 0.142344 22.389318
0.875021 6.018883 0.037269 28.544633
1.088531 7.634055 -0.239308 35.914877
0.530245 3.101470 0.293017 16.322719
0.554610 3.175679 0.182952 16.959051
0.527592 2.976325 0.212407 16.059308
0.526578 2.919910 0.235827 15.951866
0.668631 4.368591 0.146561 21.461715
0.217506 1.176862 -0.417516 6.361445
0.335537 1.965013 -0.414937 10.430714
0.356826 2.115819 -0.409471 11.118568
1.182571 6.427815 1.361455 36.728580
1.174713 6.405364 1.329104 36.722452
0.733534 4.172599 0.160870 22.722179
0.567619 3.304384 -0.139111 17.649770
0.892332 5.063585 0.590600 27.832492
0.911697 5.032432 0.559823 28.035446
0.923504 5.707219 1.068932 29.504877
0.742086 4.468183 0.503881 23.325986
0.896034 5.198317 0.829701 28.088198
0.659038 3.871608 0.101696 20.464926
0.483302 2.885752 -0.129496 14.976284
0.588448 3.590874 0.264758 18.382623
0.573962 3.174380 0.293185 17.387219
0.592993 3.584401 0.361448 18.471591
2.394197 12.094283 5.979107 74.385420
2.399877 13.993307 5.977276 76.789186
1.420840 8.416459 2.584764 45.322145
1.825259 12.323325 3.551009 59.951719
1.000000 7.969558 0.697246 34.564103
1.825260 12.323326 3.551010 59.951727
0.920776 5.774142 1.103324 29.393818
1.585111 11.002081 2.837444 52.573431
1.000000 7.969558 0.697246 34.564103
2.341033 11.499223 5.669694 72.538347
2.763351 14.958638 7.259663 86.310855
3.177314 15.316383 8.910750 97.696962
3.305821 14.707428 9.098438 99.986495
2.273886 10.248531 4.902690 69.242436
1.965350 10.475301 4.484665 61.585220
1.460166 7.782472 2.395690 45.294553
2.499885 14.490256 6.334986 79.693831
1.537934 8.561849 3.009919 48.614740
1.699589 9.836676 3.491239 53.902602
1.100087 6.169645 1.370187 34.145408
0.567658 3.304295 -0.140830 17.658614
0.483302 2.885752 -0.129496 14.976288
0.540298 3.226426 -0.113613 16.906937
0.559941 3.342488 -0.084414 17.501159
0.652150 3.843987 0.048082 20.463560
0.505762 2.996317 -0.224687 15.912235
0.435404 2.284766 -0.311797 12.874430
0.370857 2.112758 -0.364006 11.332433
0.353696 1.778575 -0.257041 10.247625
0.416754 2.336631 -0.230862 12.581745
1.672753 10.677581 3.342047 54.258689
1.000000 7.969558 0.697246 34.564103
1.000000 7.969558 0.697246 34.564103
1.000000 7.969558 0.697246 34.564103
1.000000 7.969558 0.697246 34.564103
1.000000 7.969558 0.697246 34.564103
1.000000 7.969558 0.697246 34.564103
1.000000 7.969558 0.697246 34.564103
1.000000 7.969558 0.697246 34.564103
1.000000 7.969558 0.697246 34.564103
0.529626 2.707903 0.416170 15.540789
0.250328 1.272322 -0.412554 7.179474
0.448733 2.479690 0.555903 13.535022
1.561128 10.971569 -0.967636 51.633063
1.677374 12.460307 -0.681579 56.362692
1.561128 10.971569 -0.967636 51.633063
1.677359 12.022103 -1.056909 55.825852
1.496019 10.699792 -0.777803 49.720510
0.554610 3.175679 0.182952 16.959056
0.514217 3.036790 0.168123 15.880140
0.501314 2.990926 0.257813 15.523376
0.761963 4.900933 0.141531 24.578592
0.856756 5.728822 0.023795 27.875526
0.520460 2.772627 0.397551 15.504576
0.525633 3.080437 0.430852 16.199172
0.572374 2.896259 0.259356 16.816574
0.668737 3.843509 0.477383 20.804461
1.860585 10.639093 -2.198461 58.564872
1.278430 7.210734 -0.610479 39.850528
2.221892 12.368864 -3.210879 69.407459
1.473732 9.372867 -1.192724 47.454071
1.072400 6.486641 -0.246456 33.950353
2.174057 14.226556 -2.478605 70.126743
1.304190 7.384400 -0.674018 40.362552
1.528903 10.384752 -1.074091 49.980576
2.034938 12.743336 -2.553501 65.448746
1.996008 12.238088 -2.462036 63.719776
2.135379 14.578592 -2.245774 70.041141
1.000000 7.969558 0.697246 34.564103
1.055510 8.362088 0.620717 36.315362
1.085983 8.509106 0.556695 37.068572
1.085984 8.509107 0.556695 37.068575
2.103348 14.626646 -1.998886 69.159382
1.099174 7.099858 -0.425406 35.550799
1.520741 10.334101 -1.058967 49.737358
0.856756 5.728822 0.023795 27.875527
1.650532 12.026860 -0.785683 55.034988
0.561671 2.894766 0.249296 16.608909
0.529137 3.089281 0.439226 16.285113
0.568285 3.167472 0.316813 17.188845
0.594514 3.761855 0.301154 18.971688
0.653694 4.309292 0.237162 21.152029
0.555602 3.143058 0.292191 16.906105
0.761963 4.900933 0.141531 24.578592
0.594515 3.761855 0.301154 18.971691
0.934993 6.348645 -0.040791 30.453669
1.478827 10.073642 -0.983728 48.479741
0.878064 6.041281 0.034189 28.641382
0.577695 3.518904 0.256155 18.097977
0.652314 4.288021 0.237032 21.080006
0.587561 3.674189 0.238380 18.594471
0.533990 2.849554 0.214669 15.975180
0.589510 3.609837 0.211395 18.481399
0.589511 3.609838 0.211395 18.481404
0.711235 4.268956 0.366858 22.433623
0.748420 4.636714 0.232828 23.807417
0.507383 3.011757 0.578509 15.905979
0.618948 3.908021 0.509867 19.638911
0.605892 3.866872 0.494261 19.288377
0.816458 5.526413 0.930159 26.654915
1.261895 8.836513 1.981017 41.895160
0.564396 3.076013 0.229173 16.965312
0.580670 3.426633 0.281999 17.959114
0.516408 2.768217 0.393860 15.422680
0.563506 2.882143 0.239156 16.639296
0.547947 2.746486 0.101791 16.034592
0.551194 2.779800 0.220586 16.230306
0.574737 3.169290 0.166125 17.361450
1.200813 8.299828 1.847359 39.686594
0.375664 1.165435 0.358125 9.740257
0.267766 1.081055 0.528726 7.193988
0.330758 1.633128 0.728700 9.523607
0.329121 1.537959 0.653157 9.498510
0.478158 2.226024 0.427105 13.568940
0.516624 2.085462 0.359011 14.198967
0.371722 1.972927 0.692664 11.040770
0.387770 2.071339 0.768464 11.647420
0.406277 2.275303 0.675400 12.393139
0.380956 2.080810 0.733859 11.501541
0.456740 2.584913 0.673607 14.003192
0.312524 1.466249 0.736160 8.827326
0.324792 1.619643 0.739622 9.377571
0.326705 1.033294 0.646699 8.420458
0.303614 1.458246 0.674696 8.747885
0.331070 1.271344 0.372777 8.899007
0.296002 1.395531 0.648421 8.524536
0.358632 1.556992 0.760835 9.935718
0.271669 1.315261 0.735431 7.835710
0.338998 1.540623 0.718168 9.525641
0.417233 2.131093 0.792222 12.294461
0.362320 1.672167 0.662631 10.327203
0.516597 2.903233 0.667134 15.813364
0.383884 2.083774 0.753012 11.605072
0.335465 1.728542 0.704043 9.864220
0.329027 1.697462 0.728016 9.686980
0.538375 2.994552 0.687900 16.484622
0.390359 2.123078 0.754368 11.800133
0.384765 1.998154 0.774966 11.357374
0.330490 1.631422 0.728455 9.517157
0.343493 1.545485 0.647581 9.664746
0.321523 1.532701 0.660958 9.248605
0.524996 2.862233 0.712068 15.998380
0.323129 1.513034 0.660061 9.269617
0.582745 3.630976 0.441326 18.380164
0.756851 4.996553 0.800628 24.485752
1.449884 10.062765 2.475355 48.088543
0.958811 6.366393 1.265256 31.189695
1.583915 10.976808 2.829887 52.475319
1.347691 10.197007 1.735560 45.779754
1.347691 10.197007 1.735560 45.779751
1.218686 9.465146 1.285532 41.758053
1.000000 7.969558 0.697246 34.564103
0.592993 3.584400 0.361448 18.471586
0.684049 4.405008 0.625411 21.908068
0.745141 4.752811 0.657974 23.880634
0.537514 3.223546 -0.058188 16.699590
0.863652 5.731924 1.036699 28.052272
0.930974 6.098941 1.180920 30.224176
0.683414 4.397468 0.622848 21.889063
0.930974 6.098941 1.180920 30.224175
0.522843 2.963098 0.219165 15.943789
0.554883 3.288541 0.333543 17.168199
0.532287 2.928657 0.226840 16.081644
0.560195 3.225911 0.179027 17.165400
0.538768 2.936912 0.241905 16.233190
0.567488 3.164019 0.301436 17.247706
0.546060 2.864454 0.243038 16.257575
0.549302 3.038486 0.198200 16.604769
0.552895 2.853535 0.229889 16.377974
0.555397 2.871336 0.228888 16.458043
0.618952 3.910597 0.511144 19.641731
0.560159 3.296098 0.323229 17.283011
0.525263 3.122789 0.314438 16.260220
0.581573 3.591420 0.125451 18.240537
1.205853 8.551550 -0.372419 39.940132
0.807336 5.446485 0.091665 26.255596
1.130945 7.924707 -0.299155 37.256125
1.608718 11.287495 -1.050249 53.117955
1.130945 7.924707 -0.299155 37.256125
1.384559 9.934889 -0.598011 46.075648
0.931495 6.533622 -0.051008 30.672830
1.205853 8.551550 -0.372419 39.940132
0.758288 5.179349 0.056320 24.688237
0.694696 4.608702 0.142493 22.399650
0.631017 4.078278 0.114458 20.107842
0.931495 6.533622 -0.051007 30.672829
0.631017 4.078278 0.114458 20.107846
0.583273 3.607340 0.123062 18.301039
0.807337 5.446485 0.091666 26.255597
1.496019 10.699792 -0.777803 49.720511
1.056965 8.377377 0.633962 36.360159
1.016630 8.096699 0.685163 35.116396
1.000000 7.969558 0.697246 34.564103
1.150162 9.073557 0.536654 39.434333
1.715971 12.793834 -0.725539 57.785863
1.567261 11.509030 -0.679446 52.525879
1.530168 11.020563 -0.804197 51.010440
1.140506 8.978784 0.530571 39.032018
1.692994 12.547254 -0.720997 56.814113
1.432822 11.060959 0.030181 48.728151
1.051169 8.346769 0.648276 36.216246
1.000000 7.969558 0.697246 34.564103
1.114995 7.954615 -0.239662 36.983524
0.073960 0.326694 0.255789 1.972631
0.126180 0.499273 0.360239 3.253811
0.753288 3.967121 0.522027 22.537163
0.544569 3.370804 0.142325 17.081096
0.517937 3.053249 0.162559 15.980347
0.740049 5.020841 0.121482 24.020336
5.762552 6.903813 -8.475874 166.474857
3.099897 16.205737 -6.193223 96.837718
1.247696 9.447699 0.226195 41.679946
2.935018 16.728278 -5.306887 92.132952
1.247805 9.560535 0.263363 41.970696
1.000000 7.969558 0.697246 34.564103
1.000000 7.969558 0.697246 34.564103
2.174056 14.226553 -2.478603 70.126724
1.000000 7.969558 0.697246 34.564103
0.750356 4.624128 0.266352 23.926324
0.806760 4.942047 0.200642 25.592246
0.714545 4.285517 0.363681 22.522568
0.843467 5.006646 0.184756 26.446005
0.562318 3.282499 0.548917 17.478930
1.201384 7.206112 -0.489966 37.883860
1.099174 7.099859 -0.425406 35.550801
1.473732 9.372866 -1.192724 47.454068
1.940401 13.305051 -1.795691 63.576923
1.666185 11.726236 -0.864459 54.085945
1.071493 6.491832 -0.256932 33.908588
0.838503 4.961297 0.203095 26.381610
1.791235 10.338026 -2.045828 56.697924
1.060993 6.161611 -0.181483 33.171085
1.060993 6.161611 -0.181483 33.171084
0.314338 1.544576 0.738853 9.025082
2.838788 16.234695 -5.005500 89.369709
0.373102 1.843666 0.690814 10.744404
0.458453 1.728033 0.349904 12.348182
0.338282 1.701080 0.709630 9.849230
0.669211 3.859630 0.460286 20.756297
0.368116 1.967019 0.682101 10.953659
0.561226 3.263947 0.562802 17.497609
0.500408 2.935662 0.592630 15.633697
1.000000 7.969558 0.697246 34.564103
1.000000 7.969558 0.697246 34.564103
1.000000 7.969558 0.697246 34.564103
1.000000 7.969558 0.697246 34.564103
1.000000 7.969558 0.697246 34.564103
1.000000 7.969558 0.697246 34.564103
1.000000 7.969558 0.697246 34.564103
1.000000 7.969558 0.697246 34.564103
1.000000 7.969558 0.697246 34.564103
1.000000 7.969558 0.697246 34.564103
1.000000 7.969558 0.697246 34.564103
1.000000 7.969558 0.697246 34.564103
1.000000 7.969558 0.697246 34.564103
1.000000 7.969558 0.697246 34.564103
1.000000 7.969558 0.697246 34.564103
1.000000 7.969558 0.697246 34.564103
2.906479 10.967778 -1.193166 81.099431
1.729321 10.241772 -0.647666 51.759522
1.000000 7.969558 0.697246 34.564103
1.000000 7.969558 0.697246 34.564103
1.000000 7.969558 0.697246 34.564103
1.000000 7.969558 0.697246 34.564103
1.000000 7.969558 0.697246 34.564103
1.384559 9.934888 -0.598011 46.075648
1.709493 12.818395 -0.658515 57.701738
1.000000 7.969558 0.697246 34.564103
1.015748 8.088812 0.684287 35.082637
1.000000 7.969558 0.697246 34.564103
1.000000 7.969558 0.697246 34.564103
1.000000 7.969558 0.697246 34.564103
1.000000 7.969558 0.697246 34.564103
1.000000 7.969558 0.697246 34.564103
1.000000 7.969558 0.697246 34.564103
1.000000 7.969558 0.697246 34.564103
1.000000 7.969558 0.697246 34.564103
1.000000 7.969558 0.697246 34.564103
1.000000 7.969558 0.697246 34.564103
1.000000 7.969558 0.697246 34.564103
1.000000 7.969558 0.697246 34.564103
1.000000 7.969558 0.697246 34.564103
1.000000 7.969558 0.697246 34.564103
1.000000 7.969558 0.697246 34.564103
1.000000 7.969558 0.697246 34.564103
1.000000 7.969558 0.697246 34.564103
1.000000 7.969558 0.697246 34.564103
1.000000 7.969558 0.697246 34.564103
4.486491 14.569758 -8.292579 126.970149
2.624723 14.608250 -3.796805 80.051719
2.404082 10.555783 -3.775099 72.800227
3.391318 16.303556 -6.063590 101.001784
3.041755 16.508499 -5.672378 93.771885
2.673610 9.338302 -5.169411 81.589906
0.813998 3.486736 -0.745560 22.153418
2.862175 8.434217 -6.228648 87.216520
1.000000 7.969558 0.697246 34.564103
1.000000 7.969558 0.697246 34.564103
1.000000 7.969558 0.697246 34.564103
1.000000 7.969558 0.697246 34.564103
1.686107 11.559971 -0.820076 53.707638
3.343282 17.139989 -6.964485 103.554674
3.242464 14.840772 -6.233141 99.310379
4.210300 10.282517 -8.772234 123.723048
1.270568 9.556091 0.201925 42.223292
4.043701 14.922943 -8.469912 118.400545
2.128619 11.881961 -2.168186 63.628954
5.344719 9.844858 -9.074084 152.987046
3.395179 9.813284 -6.182675 100.744340
5.022978 8.280196 -9.733087 147.360413
1.000000 7.969558 0.697246 34.564103
1.056968 8.376716 0.621152 36.379321
1.940401 13.305052 -1.795692 63.576930
2.191607 14.667643 -2.471892 71.423119
1.000000 7.969558 0.697246 34.564103
1.000000 7.969558 0.697246 34.564103
1.000000 7.969558 0.697246 34.564103
1.013503 8.071910 0.688280 35.004634
1.000000 7.969558 0.697246 34.564103
1.000000 7.969558 0.697246 34.564103
1.715970 12.793833 -0.725539 57.785858
1.013215 8.069110 0.688132 34.991971
1.001159 7.978491 0.696736 34.602325
1.000000 7.969558 0.697246 34.564103
1.000000 7.969558 0.697246 34.564103
1.000000 7.969558 0.697246 34.564103
1.000000 7.969558 0.697246 34.564103
1.000000 7.969558 0.697246 34.564103
1.000000 7.969558 0.697246 34.564103
1.000000 7.969558 0.697246 34.564103
1.000000 7.969558 0.697246 34.564103
1.000000 7.969558 0.697246 34.564103
1.000000 7.969558 0.697246 34.564103
1.000000 7.969558 0.697246 34.564103
1.000000 7.969558 0.697246 34.564103
1.000000 7.969558 0.697246 34.564103
1.000000 7.969558 0.697246 34.564103
1.000000 7.969558 0.697246 34.564103
1.000000 7.969558 0.697246 34.564103
1.000000 7.969558 0.697246 34.564103
1.000000 7.969558 0.697246 34.564103
1.000000 7.969558 0.697246 34.564103
1.000000 7.969558 0.697246 34.564103
1.000000 7.969558 0.697246 34.564103
1.000000 7.969558 0.697246 34.564103
1.000000 7.969558 0.697246 34.564103
1.000000 7.969558 0.697246 34.564103
1.000000 7.969558 0.697246 34.564103
1.000000 7.969558 0.697246 34.564103
1.000000 7.969558 0.697246 34.564103
1.000000 7.969558 0.697246 34.564103
1.000000 7.969558 0.697246 34.564103
1.000000 7.969558 0.697246 34.564103
1.000000 7.969558 0.697246 34.564103
1.000000 7.969558 0.697246 34.564103
1.000000 7.969558 0.697246 34.564103
1.000000 7.969558 0.697246 34.564103
1.000000 7.969558 0.697246 34.564103
1.000000 7.969558 0.697246 34.564103
1.000000 7.969558 0.697246 34.564103
1.000000 7.969558 0.697246 34.564103
1.000000 7.969558 0.697246 34.564103
1.000000 7.969558 0.697246 34.564103
0.139668 0.694482 0.324321 3.787370
0.515389 2.553967 -0.125483 14.701879
1.483816 6.333964 -1.182145 43.623911
2.475123 9.705511 -4.491811 75.666901
1.536508 6.833716 -1.230303 45.538649
0.204258 1.092595 0.191303 5.600102
0.820000 3.875591 0.231659 23.736626
0.785207 3.778398 0.286732 22.888159
0.112459 0.605199 0.230990 3.101104
0.460856 2.291146 0.691322 13.393206
2.996099 10.471201 -5.517590 89.405050
0.910358 4.509147 0.199802 27.070166
1.447467 6.617035 -1.090573 43.321841
0.976927 4.789324 0.219732 28.775193
0.153334 0.715079 0.370886 4.113409
0.460857 2.291146 0.691323 13.393209
0.236095 1.099800 0.652750 6.704196
0.290344 1.405517 0.738231 8.400967
0.272015 1.342167 0.702962 8.008963
0.429431 2.168275 0.795397 12.638446
0.409662 2.114429 0.788648 12.068899
0.300609 1.427930 0.733590 8.544073
0.432575 2.225213 0.788265 12.680307
0.450983 2.284802 0.791812 13.168296
0.850294 4.376103 0.387585 25.368992
0.743471 3.316113 -0.787554 20.536114
0.101444 0.510247 0.277026 2.781746
0.531455 2.652170 0.779797 15.417429
0.225576 1.157065 0.248686 6.098492
0.813443 4.147965 0.449724 24.384621
4.260776 14.018069 -9.016325 125.429857
0.656117 3.525500 0.605666 19.815980
0.657113 3.521161 0.617091 19.874173
1.431980 7.022775 -0.881585 43.152272
2.326481 11.332028 -3.224389 71.401874
2.132369 11.230281 -2.930597 66.160901
3.816002 11.634446 -8.340641 113.042577
3.644084 14.394126 -7.975180 110.216568
1.634070 7.445594 -1.167510 48.496616
2.818761 10.940774 -4.560093 84.134633
3.647195 13.259013 -7.648526 109.341956
3.088370 13.184714 -6.333716 94.972702
1.387681 6.681445 -0.673983 41.883853
2.333401 9.977697 -3.474114 71.182684
2.014906 9.500168 -2.769863 62.177333
2.082063 11.050268 -2.808346 64.840267
0.332222 1.585147 0.668197 9.582274
0.323998 1.578083 0.734951 9.270078
0.367246 1.642754 0.666890 10.487518
0.464310 1.983420 0.720434 12.806484
0.532226 2.894888 0.709615 16.186206
0.391209 2.088852 0.768649 11.740392
0.409941 2.126565 0.775551 12.052818
1.245564 6.353074 -0.500165 38.067248
0.458639 2.586679 0.692332 14.101138
0.517269 2.890695 0.697540 15.908352
1.351399 6.972336 -0.595359 41.000986
1.138083 6.069549 -0.179632 34.960092
1.126497 6.054033 -0.205662 34.634572
0.798439 4.454449 0.388135 24.712736
0.721307 3.804833 0.533695 21.815658
0.758967 4.271545 0.430034 23.634799
0.761674 4.326890 0.371361 23.523062
0.236095 1.099800 0.652750 6.704194
1.000000 7.969558 0.697246 34.564103
