1.000000 7.969558 0.697246 34.564103
1.000000 7.969558 0.697246 34.564103
1.000000 7.969558 0.697246 34.564103
1.000000 7.969558 0.697246 34.564103
1.000000 7.969558 0.697246 34.564103
1.326890 9.638217 0.091424 43.198578
3.469472 16.414808 -6.209170 103.079982
2.889181 16.561548 -5.226663 90.967508
3.479874 15.307667 -6.638497 105.221869
2.036118 10.317915 -2.488063 63.356004
1.332022 5.974605 -0.945208 39.793298
1.247729 9.194611 0.291559 40.909472
1.000000 7.969558 0.697246 34.564103
1.361216 9.769619 0.067353 43.921601
1.000000 7.969558 0.697246 34.564103
2.273044 11.943306 -2.285589 65.675773
3.000947 14.635977 -4.155399 87.779647
2.393992 11.856835 -1.444894 68.273482
1.000000 7.969558 0.697246 34.564103
1.000000 7.969558 0.697246 34.564103
1.000000 7.969558 0.697246 34.564103
1.000000 7.969558 0.697246 34.564103
1.000000 7.969558 0.697246 34.564103
1.000000 7.969558 0.697246 34.564103
1.000000 7.969558 0.697246 34.564103
1.000000 7.969558 0.697246 34.564103
1.000000 7.969558 0.697246 34.564103
1.000000 7.969558 0.697246 34.564103
1.000000 7.969558 0.697246 34.564103
1.000000 7.969558 0.697246 34.564103
1.000000 7.969558 0.697246 34.564103
1.000000 7.969558 0.697246 34.564103
1.650687 12.027623 -0.786130 55.039311
1.000000 7.969558 0.697246 34.564103
1.000000 7.969558 0.697246 34.564103
1.000000 7.969558 0.697246 34.564103
1.225690 9.523978 0.361570 41.615993
1.000000 7.969558 0.697246 34.564103
5.478543 7.621369 -9.297299 159.739825
5.863511 8.839734 -8.227808 168.546163
4.694551 12.373421 -9.435558 134.224379
5.222446 9.702836 -9.422192 151.914407
5.396802 11.981706 -8.851150 152.326752
1.000000 7.969558 0.697246 34.564103
5.784323 6.788975 -5.967096 164.682467
1.000000 7.969558 0.697246 34.564103
1.000000 7.969558 0.697246 34.564103
1.000000 7.969558 0.697246 34.564103
1.000000 7.969558 0.697246 34.564103
1.000000 7.969558 0.697246 34.564103
1.000000 7.969558 0.697246 34.564103
1.000000 7.969558 0.697246 34.564103
1.437803 9.377316 0.561074 44.270971
6.421767 4.060462 -5.798283 185.866741
5.820559 6.571465 -4.933574 165.034279
6.084445 5.144866 -6.824949 175.145059
6.779017 2.938636 -3.124997 196.631400
6.424965 4.704060 -1.355185 182.228679
6.125289 4.921050 -4.038037 173.642117
4.782526 9.247191 -4.207301 133.431718
1.000000 7.969558 0.697246 34.564103
1.000000 7.969558 0.697246 34.564103
1.000000 7.969558 0.697246 34.564103
6.036864 5.781798 -7.709145 174.918284
5.344253 10.102206 -6.984449 150.557722
3.186977 11.776965 -0.751885 87.228462
4.656212 12.992627 -5.184034 126.386176
4.609197 11.726269 -9.071392 133.789086
5.506853 9.408835 -5.741420 156.003618
3.997880 13.005854 -6.329190 111.910223
6.368565 3.572837 -4.622368 182.456159
6.614825 2.994366 -1.479919 189.362807
1.000000 7.969558 0.697246 34.564103
1.000000 7.969558 0.697246 34.564103
1.000000 7.969558 0.697246 34.564103
1.000000 7.969558 0.697246 34.564103
1.000000 7.969558 0.697246 34.564103
1.000000 7.969558 0.697246 34.564103
1.000000 7.969558 0.697246 34.564103
1.000000 7.969558 0.697246 34.564103
1.000000 7.969558 0.697246 34.564103
1.000000 7.969558 0.697246 34.564103
6.144858 5.537991 -2.597909 172.972617
6.777346 2.267889 0.211897 195.431172
6.161989 4.752331 1.541841 173.214210
6.522627 2.105697 3.715133 186.311525
1.000000 7.969558 0.697246 34.564103
4.538227 9.129220 3.955719 124.119748
5.760731 8.214887 6.155507 160.329678
1.000000 7.969558 0.697246 34.564103
4.399299 10.962807 -0.159547 117.547734
5.158986 8.398219 -1.153435 141.007893
6.758423 1.808516 2.862675 194.930726
6.439487 3.360519 1.812660 182.898646
6.558128 2.163010 1.508476 187.155328
6.438209 4.626022 4.093937 183.472191
6.370160 4.057505 5.007612 181.026908
6.358412 3.430709 3.067926 180.203887
6.445441 2.591052 4.658002 183.654692
6.640859 2.508502 5.768753 191.376911
6.393760 3.233583 7.038184 182.927305
6.356136 4.898504 6.018234 180.283900
6.351349 3.610277 8.114092 182.599806
1.000000 7.969558 0.697246 34.564103
6.366907 6.497505 6.501020 179.977855
1.000000 7.969558 0.697246 34.564103
5.813780 7.362157 10.870058 165.249022
6.354497 4.328878 6.985832 180.880787
5.943725 4.872798 9.707073 170.254763
1.000000 7.969558 0.697246 34.564103
1.000000 7.969558 0.697246 34.564103
1.000000 7.969558 0.697246 34.564103
1.000000 7.969558 0.697246 34.564103
1.000000 7.969558 0.697246 34.564103
1.000000 7.969558 0.697246 34.564103
1.000000 7.969558 0.697246 34.564103
1.000000 7.969558 0.697246 34.564103
1.000000 7.969558 0.697246 34.564103
1.000000 7.969558 0.697246 34.564103
1.000000 7.969558 0.697246 34.564103
1.000000 7.969558 0.697246 34.564103
1.000000 7.969558 0.697246 34.564103
1.000000 7.969558 0.697246 34.564103
1.000000 7.969558 0.697246 34.564103
1.000000 7.969558 0.697246 34.564103
1.000000 7.969558 0.697246 34.564103
1.000000 7.969558 0.697246 34.564103
1.000000 7.969558 0.697246 34.564103
1.000000 7.969558 0.697246 34.564103
1.000000 7.969558 0.697246 34.564103
1.000000 7.969558 0.697246 34.564103
1.000000 7.969558 0.697246 34.564103
1.000000 7.969558 0.697246 34.564103
1.000000 7.969558 0.697246 34.564103
1.000000 7.969558 0.697246 34.564103
1.000000 7.969558 0.697246 34.564103
1.000000 7.969558 0.697246 34.564103
1.000000 7.969558 0.697246 34.564103
1.116320 8.655748 0.478505 37.844258
1.000000 7.969558 0.697246 34.564103
5.751892 5.637554 10.309882 164.398165
1.000000 7.969558 0.697246 34.564103
1.000000 7.969558 0.697246 34.564103
5.387469 9.405959 0.085395 147.613672
5.893595 6.786179 3.830010 165.170472
1.000000 7.969558 0.697246 34.564103
1.000000 7.969558 0.697246 34.564103
1.000000 7.969558 0.697246 34.564103
5.611947 8.804775 11.743029 160.221320
4.916028 7.615541 11.015527 141.126486
1.680946 7.327189 2.735205 49.931889
2.835931 8.483361 7.622099 85.925657
0.843135 4.016777 1.771562 24.715342
5.690478 9.683359 12.138953 161.560922
5.001572 9.396037 11.549151 144.147474
4.717130 8.246682 11.111685 136.339492
4.559414 11.895667 11.592719 133.085531
5.506406 6.230917 10.666770 157.609086
5.355812 7.037341 11.053601 153.401394
6.099447 5.265938 8.831333 173.143015
6.115258 6.370094 9.619165 173.543004
6.100850 4.315635 9.016997 174.355227
5.816745 6.501517 10.245361 165.368032
1.972938 10.472374 2.177027 56.875742
5.099126 10.982219 6.862832 137.266501
1.504810 9.920008 2.180173 46.908506
4.560030 11.381884 9.080515 126.274195
5.101482 11.194252 10.450537 142.457397
1.000000 7.969558 0.697246 34.564103
1.000000 7.969558 0.697246 34.564103
1.000000 7.969558 0.697246 34.564103
1.000000 7.969558 0.697246 34.564103
1.000000 7.969558 0.697246 34.564103
1.000000 7.969558 0.697246 34.564103
1.000000 7.969558 0.697246 34.564103
1.000000 7.969558 0.697246 34.564103
1.000000 7.969558 0.697246 34.564103
1.000000 7.969558 0.697246 34.564103
1.000000 7.969558 0.697246 34.564103
1.000000 7.969558 0.697246 34.564103
1.025167 8.072999 0.724676 35.130803
4.118053 11.703165 7.570557 112.128294
6.192111 6.584078 7.914277 173.934894
6.083307 8.513633 10.617735 170.902307
1.596760 9.695158 1.616088 48.078714
1.000000 7.969558 0.697246 34.564103
1.000000 7.969558 0.697246 34.564103
1.000000 7.969558 0.697246 34.564103
1.000000 7.969558 0.697246 34.564103
1.000000 7.969558 0.697246 34.564103
1.000000 7.969558 0.697246 34.564103
1.000000 7.969558 0.697246 34.564103
1.000000 7.969558 0.697246 34.564103
1.000000 7.969558 0.697246 34.564103
1.000000 7.969558 0.697246 34.564103
1.000000 7.969558 0.697246 34.564103
1.000000 7.969558 0.697246 34.564103
1.000000 7.969558 0.697246 34.564103
1.000000 7.969558 0.697246 34.564103
1.000000 7.969558 0.697246 34.564103
1.000000 7.969558 0.697246 34.564103
1.000000 7.969558 0.697246 34.564103
1.000000 7.969558 0.697246 34.564103
1.000000 7.969558 0.697246 34.564103
1.000000 7.969558 0.697246 34.564103
1.000000 7.969558 0.697246 34.564103
1.000000 7.969558 0.697246 34.564103
1.000000 7.969558 0.697246 34.564103
1.000000 7.969558 0.697246 34.564103
1.000000 7.969558 0.697246 34.564103
1.000000 7.969558 0.697246 34.564103
1.000000 7.969558 0.697246 34.564103
1.000000 7.969558 0.697246 34.564103
1.000000 7.969558 0.697246 34.564103
1.000000 7.969558 0.697246 34.564103
1.000000 7.969558 0.697246 34.564103
1.000000 7.969558 0.697246 34.564103
5.173857 11.666712 12.938621 148.275837
5.177306 11.935908 13.267931 149.549228
4.629743 13.675528 11.601072 131.566651
1.000000 7.969558 0.697246 34.564103
1.000000 7.969558 0.697246 34.564103
1.000000 7.969558 0.697246 34.564103
1.000000 7.969558 0.697246 34.564103
1.000000 7.969558 0.697246 34.564103
1.000000 7.969558 0.697246 34.564103
1.000000 7.969558 0.697246 34.564103
1.000000 7.969558 0.697246 34.564103
1.000000 7.969558 0.697246 34.564103
1.000000 7.969558 0.697246 34.564103
1.000000 7.969558 0.697246 34.564103
1.000000 7.969558 0.697246 34.564103
1.000000 7.969558 0.697246 34.564103
1.000000 7.969558 0.697246 34.564103
1.000000 7.969558 0.697246 34.564103
1.212284 8.760647 0.884933 39.332461
1.000000 7.969558 0.697246 34.564103
1.000000 7.969558 0.697246 34.564103
1.000000 7.969558 0.697246 34.564103
1.000000 7.969558 0.697246 34.564103
1.000000 7.969558 0.697246 34.564103
1.000000 7.969558 0.697246 34.564103
1.319160 9.755437 1.611003 43.812227
1.190266 9.187825 1.211320 40.469638
1.000000 7.969558 0.697246 34.564103
1.000000 7.969558 0.697246 34.564103
1.000000 7.969558 0.697246 34.564103
1.000000 7.969558 0.697246 34.564103
1.000000 7.969558 0.697246 34.564103
1.000000 7.969558 0.697246 34.564103
1.000000 7.969558 0.697246 34.564103
1.000000 7.969558 0.697246 34.564103
1.000000 7.969558 0.697246 34.564103
1.000000 7.969558 0.697246 34.564103
1.000000 7.969558 0.697246 34.564103
5.865597 8.392886 11.105059 165.592186
5.495402 7.739874 11.130851 156.662256
5.746069 11.686894 12.596732 162.683658
5.453882 10.857896 13.041169 156.733871
3.233838 11.267700 8.067107 96.703266
1.838005 11.217065 2.967250 56.168797
4.163840 14.614520 11.575334 121.556437
1.341018 9.559637 1.582878 43.472810
2.250923 11.797247 4.505760 67.227608
2.570361 12.949159 5.446329 76.704351
1.000000 7.969558 0.697246 34.564103
1.149558 8.831716 1.089571 38.797271
1.000000 7.969558 0.697246 34.564103
1.000000 7.969558 0.697246 34.564103
2.492693 14.363363 6.192295 78.576965
1.130680 8.805930 1.066758 38.647107
1.000000 7.969558 0.697246 34.564103
1.000000 7.969558 0.697246 34.564103
1.000000 7.969558 0.697246 34.564103
1.000000 7.969558 0.697246 34.564103
1.000000 7.969558 0.697246 34.564103
1.008351 8.005264 0.732334 34.763737
1.180528 8.769731 1.198431 38.958867
3.979388 13.422428 8.235248 110.498418
1.000000 7.969558 0.697246 34.564103
1.442777 10.048047 2.049056 46.365655
5.849360 9.357705 11.924975 165.561918
4.138078 13.260703 9.087988 116.573466
5.108607 13.437770 12.639753 145.364635
5.151683 9.431577 11.924188 147.509228
4.118588 10.258823 10.664294 120.797678
1.192064 8.982277 1.190753 39.699247
1.000000 7.969558 0.697246 34.564103
1.000000 7.969558 0.697246 34.564103
2.387945 11.634172 3.938643 68.851440
1.000000 7.969558 0.697246 34.564103
1.000000 7.969558 0.697246 34.564103
1.000000 7.969558 0.697246 34.564103
1.000000 7.969558 0.697246 34.564103
1.000000 7.969558 0.697246 34.564103
1.000000 7.969558 0.697246 34.564103
1.000000 7.969558 0.697246 34.564103
1.000000 7.969558 0.697246 34.564103
1.000000 7.969558 0.697246 34.564103
4.066869 11.282141 0.138175 108.275692
6.313988 6.032423 -0.055463 177.715690
4.762817 7.839583 1.454588 128.985569
3.912080 11.312973 3.559313 104.843743
6.275093 8.230306 9.042274 175.551008
6.278631 5.237112 7.997475 178.090256
6.147970 7.716360 9.798696 172.984375
5.392026 10.460991 8.998034 147.855541
1.000000 7.969558 0.697246 34.564103
2.221989 10.357567 1.784683 62.748227
1.448229 9.600445 1.762180 45.080515
3.215346 13.423400 8.767370 98.241829
2.273404 10.238266 4.885197 69.304882
2.582845 11.635321 6.307878 79.323365
1.000000 7.969558 0.697246 34.564103
1.000000 7.969558 0.697246 34.564103
0.885815 4.138918 1.785362 25.696575
1.000000 7.969558 0.697246 34.564103
1.000000 7.969558 0.697246 34.564103
1.000000 7.969558 0.697246 34.564103
1.000000 7.969558 0.697246 34.564103
1.000000 7.969558 0.697246 34.564103
1.000000 7.969558 0.697246 34.564103
1.000000 7.969558 0.697246 34.564103
1.000000 7.969558 0.697246 34.564103
1.000000 7.969558 0.697246 34.564103
1.000000 7.969558 0.697246 34.564103
1.000000 7.969558 0.697246 34.564103
1.000000 7.969558 0.697246 34.564103
1.000000 7.969558 0.697246 34.564103
1.000000 7.969558 0.697246 34.564103
1.000000 7.969558 0.697246 34.564103
1.000000 7.969558 0.697246 34.564103
1.000000 7.969558 0.697246 34.564103
1.000000 7.969558 0.697246 34.564103
1.000000 7.969558 0.697246 34.564103
1.000000 7.969558 0.697246 34.564103
1.000000 7.969558 0.697246 34.564103
1.000000 7.969558 0.697246 34.564103
1.000000 7.969558 0.697246 34.564103
1.000000 7.969558 0.697246 34.564103
1.000000 7.969558 0.697246 34.564103
1.000000 7.969558 0.697246 34.564103
1.000000 7.969558 0.697246 34.564103
1.000000 7.969558 0.697246 34.564103
1.000000 7.969558 0.697246 34.564103
1.000000 7.969558 0.697246 34.564103
1.000000 7.969558 0.697246 34.564103
1.000000 7.969558 0.697246 34.564103
1.552059 11.483124 2.401142 52.437636
1.000000 7.969558 0.697246 34.564103
1.000000 7.969558 0.697246 34.564103
1.000000 7.969558 0.697246 34.564103
1.000000 7.969558 0.697246 34.564103
1.000000 7.969558 0.697246 34.564103
1.000000 7.969558 0.697246 34.564103
1.000000 7.969558 0.697246 34.564103
1.000000 7.969558 0.697246 34.564103
1.000000 7.969558 0.697246 34.564103
1.000000 7.969558 0.697246 34.564103
1.000000 7.969558 0.697246 34.564103
1.000000 7.969558 0.697246 34.564103
1.565849 11.407318 2.549896 52.674610
1.361659 10.435543 1.679859 46.416486
1.253634 9.693558 1.378752 42.841928
1.000000 7.969558 0.697246 34.564103
1.000000 7.969558 0.697246 34.564103
1.000000 7.969558 0.697246 34.564103
1.556145 11.233460 2.508368 52.093333
1.556148 11.233476 2.508378 52.093422
1.000000 7.969558 0.697246 34.564103
1.000000 7.969558 0.697246 34.564103
1.000000 7.969558 0.697246 34.564103
1.000000 7.969558 0.697246 34.564103
1.000000 7.969558 0.697246 34.564103
1.000000 7.969558 0.697246 34.564103
0.099238 0.408862 -0.268065 2.552363
0.060140 0.261980 -0.184590 1.583120
0.136640 0.685004 -0.318773 3.772191
0.154124 0.790475 -0.360171 4.298931
0.009161 0.038611 -0.039318 0.223500
1.142198 8.993522 1.031584 39.306364
1.000000 7.969558 0.697246 34.564103
1.172669 9.177344 1.134153 40.257906
1.172671 9.177353 1.134157 40.257949
0.089522 0.470524 -0.180257 2.371786
0.124907 0.634476 -0.269014 3.356499
0.579142 3.234506 -0.119910 17.708511
0.716406 3.862378 0.083161 21.697666
0.481499 2.590120 -0.162965 14.298946
0.173986 0.924044 -0.229553 4.791898
0.134521 0.741046 -0.081421 3.604676
0.058448 0.336747 -0.091272 1.572985
0.424341 2.316249 -0.283797 12.662068
0.215841 1.127046 -0.323421 6.007258
0.205095 1.077149 -0.325419 5.744044
0.156511 0.778445 -0.286414 4.163240
0.066766 0.314314 -0.214342 1.817519
0.530447 2.846917 0.709217 15.970661
0.078360 0.496705 0.012035 2.217020
0.561719 2.967560 0.178359 16.682851
0.057003 0.329179 -0.089496 1.535280
1.093568 6.111282 1.292040 34.135716
1.954502 10.260995 4.375658 61.105230
2.635142 15.465317 6.831815 84.230544
2.785074 15.270433 7.381780 87.126807
1.861517 9.349586 3.683531 57.441054
1.452829 7.744730 2.340670 45.313785
2.722216 12.862089 7.070529 83.638245
1.460403 10.373318 2.159175 48.025077
3.216835 15.476690 9.076303 98.756868
1.465569 10.355954 2.148701 47.976402
3.681040 13.781676 10.273352 111.000565
2.626050 14.460977 6.282773 80.450997
2.006794 12.661567 4.191923 63.937233
3.507139 14.565003 8.890085 103.531526
3.146238 12.891040 8.491057 96.519211
3.373778 14.606820 9.283378 102.111445
1.417174 7.051405 2.077538 43.425131
1.611090 8.097933 2.618633 49.672157
1.610767 8.108599 2.646279 49.557822
2.582848 11.635326 6.307873 79.323427
2.158625 9.468592 4.670176 66.210722
0.228302 1.202403 -0.379865 6.471163
0.201787 1.055385 -0.217171 5.474459
0.102690 0.530232 -0.198573 2.705502
0.471680 2.756966 -0.283173 14.702899
0.891374 5.062370 0.585238 27.838930
0.462978 2.642324 -0.297924 14.270514
0.624238 3.586346 -0.044079 19.379958
0.735530 4.178962 0.165944 22.734099
0.886156 4.907416 0.550751 27.539587
0.715252 3.872586 0.103226 21.623734
0.362974 2.012191 -0.343734 10.942826
0.142285 0.776794 -0.074940 3.782503
0.381563 1.185081 -0.092133 9.663591
0.176650 0.666566 -0.166541 4.431137
0.447174 1.423268 0.218297 11.742332
0.167079 0.682046 0.497294 4.509183
0.271462 1.545505 -0.418310 8.285993
0.246318 1.266052 -0.404019 7.095242
0.335182 1.313180 -0.089062 8.913762
0.504677 1.822299 0.168218 13.617709
0.375322 1.382069 -0.053039 9.856877
0.485888 1.725082 0.232462 13.024562
0.508747 1.930503 0.223527 13.854954
0.331921 1.554804 0.629043 9.447048
0.554574 2.540784 0.208677 15.878023
1.565495 11.418324 2.552099 52.725603
0.592796 3.685211 0.308472 18.645203
0.597118 3.736908 0.320876 18.818990
0.722232 4.610840 0.607364 23.162723
1.414065 9.108074 2.559552 45.974766
1.414065 9.108078 2.559555 45.974781
0.756326 4.992758 0.799335 24.468430
1.196534 8.271505 1.836367 39.552166
0.863682 5.731912 1.036724 28.052388
0.016198 0.065187 -0.059379 0.382946
0.054115 0.157403 -0.148578 1.288651
0.068922 0.303767 -0.213273 1.810275
0.229468 0.915809 0.507295 6.220491
0.155804 0.796938 -0.360312 4.335781
0.142203 0.714116 -0.341453 3.941158
0.161652 0.834185 -0.388185 4.560343
0.539731 2.711591 0.070158 15.796704
0.511848 2.346065 0.113984 14.634874
0.526748 2.323424 0.103641 14.922882
0.465065 2.241745 0.424469 13.362204
0.561796 2.651202 0.202193 16.223237
0.530495 3.125667 0.531762 16.446078
0.552566 2.793570 0.224237 16.275188
0.763692 3.822559 0.599877 22.227091
0.427669 2.345202 -0.080164 12.887244
1.407280 7.000789 2.071457 43.216739
2.075246 9.275095 4.471539 64.082541
1.477321 6.861009 2.097531 44.124726
1.302912 6.353665 1.687008 39.594786
0.441236 2.536609 -0.318265 13.676976
1.843479 9.258915 3.602164 57.274143
0.621029 3.575452 -0.043417 19.323455
0.880168 4.883839 0.540016 27.384650
0.582971 3.238834 -0.127744 17.798022
0.472839 2.760990 -0.283271 14.721498
4.327268 12.268444 11.630121 127.123060
3.629529 13.345232 10.177972 109.431547
4.092951 14.401479 12.077078 122.876053
0.149054 0.875038 0.020123 4.118760
0.809248 4.266110 0.251707 24.251154
0.572635 3.009423 0.165095 16.943464
0.403950 2.220279 -0.253565 12.153764
3.335601 9.957226 8.047685 98.635225
2.794663 9.641133 6.868078 84.428744
1.392252 6.532591 2.006010 42.250627
3.208536 11.403867 8.169971 95.879405
3.071543 12.005006 5.128837 83.695635
4.534710 14.395634 12.300588 131.844209
2.517207 12.819576 5.463093 75.624741
0.238504 1.287024 -0.417257 6.937245
0.371060 2.061123 -0.357627 11.167478
0.160024 0.823976 -0.382490 4.507140
0.222257 1.206286 -0.427096 6.507736
0.163330 0.842750 -0.385074 4.597081
0.223191 1.178633 -0.380489 6.344936
0.145519 0.729583 -0.281451 3.912253
0.159128 0.797429 -0.336019 4.341816
0.124908 0.634478 -0.269015 3.356510
0.231513 0.976563 0.531533 6.362385
0.300716 0.881379 -0.005901 7.468412
0.257877 1.006901 -0.257606 6.641938
0.099847 0.447462 -0.276370 2.648855
0.109224 0.433740 0.135587 2.628397
0.345073 1.961477 -0.406536 10.538648
0.331492 1.860987 -0.390306 10.058408
0.301731 1.720521 -0.428305 9.245789
0.193902 1.044645 -0.419186 5.668992
0.301732 1.720525 -0.428307 9.245810
0.205909 1.138120 -0.432568 6.156196
0.137343 0.688238 -0.337644 3.814346
0.375200 1.587018 -0.175577 10.188068
0.146436 0.743430 -0.363296 4.102043
0.423965 1.671829 0.382557 11.521239
0.335570 1.965137 -0.414990 10.431306
1.449894 10.062602 2.475416 48.088202
1.562546 11.376004 2.544057 52.549807
1.526039 11.208647 2.370967 51.380440
0.580811 3.120593 0.232331 17.431142
0.575272 3.224065 0.293898 17.507317
0.577327 3.404682 0.267308 17.849193
0.569152 3.568219 0.194427 17.947186
0.760764 4.846464 0.694347 24.357770
0.569117 3.560671 0.174763 17.988341
0.565002 3.145131 0.181259 17.132029
0.569665 3.562587 0.175720 18.001621
0.557305 3.052733 0.082650 16.763519
0.543805 3.321769 0.074173 17.041630
0.535794 3.300466 0.061752 16.863044
0.555992 2.655954 0.198052 16.107339
0.552040 2.843741 0.229512 16.345469
0.550964 3.120743 0.116099 16.793373
0.901897 5.594747 1.017102 28.885949
0.915588 5.362252 0.928092 28.521125
0.742116 4.468232 0.503823 23.326180
1.420805 8.416008 2.584533 45.319868
0.452632 1.989579 0.437240 12.639187
0.550067 2.493598 0.275372 15.624915
0.457031 2.443741 0.576589 13.601695
0.403881 2.287083 0.656812 12.341393
0.517928 3.099328 0.576989 16.299178
0.540794 2.539051 0.267232 15.536359
0.504900 2.077442 0.076398 13.989630
0.415146 2.347006 -0.220025 12.549512
0.431967 1.705822 -0.080866 11.636116
0.491979 2.202791 0.026591 13.987648
0.363593 1.772881 -0.266766 10.412801
0.551730 3.086131 0.202138 16.742774
0.527545 3.170552 0.493339 16.436993
0.514232 3.086598 0.552136 16.093351
0.681524 4.240604 0.313001 21.763291
0.740093 5.020863 0.121409 24.020792
0.694577 4.605137 0.142280 22.389967
0.875016 6.018600 0.037270 28.543566
1.088514 7.633643 -0.239330 35.913372
0.530325 3.101674 0.293082 16.324040
0.554695 3.175878 0.182946 16.960491
0.527675 2.976520 0.212441 16.060626
0.526666 2.920137 0.235875 15.953334
0.668682 4.368650 0.146507 21.462354
0.217529 1.176952 -0.417559 6.361884
0.335569 1.965133 -0.414988 10.431283
0.356863 2.115963 -0.409535 11.119276
1.182608 6.427848 1.361335 36.728657
1.174750 6.405404 1.328983 36.722568
0.733576 4.172719 0.160800 22.722741
0.567663 3.304533 -0.139177 17.650486
0.892375 5.063684 0.590517 27.832937
0.911739 5.032529 0.559743 28.035879
0.923500 5.707043 1.068820 29.503962
0.742115 4.468227 0.503825 23.326154
0.896063 5.198346 0.829617 28.088258
0.659078 3.871728 0.101636 20.465493
0.483374 2.886031 -0.129485 14.977798
0.588545 3.591220 0.264875 18.384700
0.574066 3.174675 0.293282 17.389216
0.593094 3.584743 0.361586 18.473706
2.394155 12.093710 5.978667 74.382143
2.399915 13.992850 5.977502 76.789341
1.420804 8.416012 2.584536 45.319882
1.825422 12.323983 3.551597 59.956264
1.000000 7.969558 0.697246 34.564103
1.825427 12.324004 3.551611 59.956390
0.920771 5.773956 1.103221 29.392840
1.585142 11.002038 2.837581 52.573771
1.000000 7.969558 0.697246 34.564103
2.340995 11.498762 5.669288 72.535501
2.763606 14.958969 7.260642 86.317164
3.177586 15.316660 8.911683 97.703547
3.306238 14.708155 9.099655 99.996756
2.273889 10.248289 4.902339 69.240769
1.965315 10.474806 4.484308 61.582379
1.460184 7.782377 2.395510 45.293888
2.499984 14.490056 6.335439 79.695756
1.537917 8.561519 3.009667 48.612812
1.699542 9.836114 3.490963 53.899818
1.100110 6.169619 1.370074 34.145159
0.567700 3.304438 -0.140895 17.659304
0.483376 2.886041 -0.129486 14.977855
0.540349 3.226611 -0.113656 16.907870
0.559982 3.342626 -0.084469 17.501813
0.652193 3.844124 0.048016 20.464214
0.505806 2.996477 -0.224751 15.913013
0.435497 2.285059 -0.311817 12.876401
0.370921 2.112999 -0.364035 11.333802
0.353780 1.778833 -0.257017 10.249402
0.416829 2.336904 -0.230844 12.583353
1.672719 10.677106 3.341895 54.256640
1.000000 7.969558 0.697246 34.564103
1.000000 7.969558 0.697246 34.564103
1.000000 7.969558 0.697246 34.564103
1.000000 7.969558 0.697246 34.564103
1.000000 7.969558 0.697246 34.564103
1.000000 7.969558 0.697246 34.564103
1.000000 7.969558 0.697246 34.564103
1.000000 7.969558 0.697246 34.564103
1.000000 7.969558 0.697246 34.564103
0.529745 2.708274 0.416183 15.543428
0.250372 1.272467 -0.412593 7.180354
0.448825 2.480032 0.555946 13.537167
1.561128 10.971200 -0.967758 51.632070
1.677530 12.461136 -0.682039 56.367229
1.561129 10.971199 -0.967761 51.632079
1.677363 12.021762 -1.057085 55.825041
1.496005 10.699356 -0.777915 49.719127
0.554700 3.175890 0.182948 16.960574
0.514281 3.036907 0.168128 15.880949
0.501380 2.991069 0.257847 15.524292
0.761959 4.900693 0.141612 24.577641
0.856741 5.728497 0.023848 27.874173
0.520573 2.772995 0.397554 15.507081
0.525720 3.080717 0.430852 16.201016
0.572484 2.896554 0.259372 16.818774
0.668769 3.843537 0.477474 20.804850
1.860458 10.637827 -2.197996 58.559171
1.278406 7.210268 -0.610273 39.848692
2.221742 12.367350 -3.210322 69.400730
1.473647 9.371991 -1.192476 47.450112
1.072364 6.486119 -0.246274 33.948203
2.174455 14.228256 -2.479746 70.137808
1.304160 7.383883 -0.673806 40.360494
1.528902 10.384368 -1.074175 49.979494
2.034836 12.742221 -2.553194 65.443818
1.995906 12.237013 -2.461702 63.715033
2.135715 14.580047 -2.246895 70.050815
1.000000 7.969558 0.697246 34.564103
1.055582 8.362579 0.620604 36.317584
1.086086 8.509715 0.556509 37.071489
1.086088 8.509729 0.556507 37.071550
2.103611 14.627778 -1.999757 69.166749
1.099120 7.099248 -0.425234 35.548091
1.520730 10.333642 -1.059030 49.735927
0.856740 5.728499 0.023847 27.874180
1.650692 12.027647 -0.786140 55.039434
0.561778 2.895063 0.249307 16.611053
0.529224 3.089561 0.439231 16.286972
0.568387 3.167769 0.316798 17.190941
0.594565 3.761955 0.301162 18.972495
0.653722 4.309267 0.237156 21.152148
0.555701 3.143353 0.292168 16.908136
0.761958 4.900693 0.141610 24.577638
0.594568 3.761962 0.301162 18.972541
0.934971 6.348262 -0.040748 30.452092
1.478803 10.073110 -0.983764 48.477933
0.878062 6.041025 0.034186 28.640419
0.577778 3.519140 0.256126 18.099614
0.652349 4.288017 0.237020 21.080263
0.587638 3.674407 0.238333 18.595951
0.534081 2.849786 0.214706 15.976752
0.589593 3.610058 0.211347 18.482955
0.589597 3.610071 0.211348 18.483034
0.711254 4.268870 0.366968 22.433519
0.748419 4.636498 0.232917 23.806582
0.507443 3.011942 0.578586 15.907219
0.619025 3.908247 0.509976 19.640347
0.605966 3.867079 0.494366 19.289684
0.816501 5.526474 0.930241 26.655465
1.261896 8.836301 1.981045 41.894496
0.564493 3.076266 0.229170 16.967146
0.580782 3.427023 0.282143 17.961558
0.516521 2.768593 0.393860 15.425207
0.563607 2.882400 0.239188 16.641177
0.548058 2.746781 0.101876 16.036814
0.551294 2.780057 0.220648 16.232151
0.574853 3.169668 0.166236 17.363926
1.200821 8.299670 1.847390 39.686156
0.375737 1.165556 0.358143 9.741653
0.267808 1.081175 0.528770 7.194783
0.330816 1.633351 0.728763 9.524905
0.329169 1.538140 0.653201 9.499558
0.478267 2.226334 0.427116 13.571266
0.516730 2.085698 0.359019 14.201086
0.371800 1.973218 0.692728 11.042540
0.387817 2.071508 0.768533 11.648421
0.406343 2.275550 0.675476 12.394624
0.381008 2.081006 0.733938 11.502714
0.456787 2.585065 0.673689 14.004155
0.312577 1.466457 0.736210 8.828511
0.324848 1.619868 0.739685 9.378865
0.326752 1.033395 0.646740 8.421287
0.303670 1.458444 0.674759 8.749090
0.331136 1.271495 0.372802 8.900294
0.296056 1.395714 0.648481 8.525686
0.358703 1.557249 0.760922 9.937331
0.271705 1.315407 0.735482 7.836492
0.339061 1.540867 0.718235 9.527088
0.417261 2.131191 0.792252 12.294956
0.362375 1.672375 0.662672 10.328424
0.516638 2.903347 0.667214 15.814142
0.383937 2.083967 0.753090 11.606231
0.335532 1.728800 0.704115 9.865756
0.329086 1.697698 0.728087 9.688347
0.538413 2.994655 0.687976 16.485338
0.390407 2.123251 0.754444 11.801174
0.384810 1.998318 0.775028 11.358329
0.330549 1.631648 0.728521 9.518490
0.343564 1.545701 0.647638 9.666228
0.321575 1.532889 0.661016 9.249733
0.525034 2.862337 0.712134 15.999056
0.323180 1.513214 0.660116 9.270707
0.582822 3.631184 0.441418 18.381504
0.756902 4.996657 0.800706 24.486498
1.449895 10.062603 2.475418 48.088214
0.958814 6.366235 1.265212 31.189010
1.583945 10.976767 2.830021 52.475658
1.347789 10.197553 1.735888 45.782722
1.347786 10.197540 1.735882 45.782659
1.218756 9.465588 1.285747 41.760281
1.000000 7.969558 0.697246 34.564103
0.593091 3.584730 0.361583 18.473627
0.684122 4.405230 0.625524 21.909463
0.745170 4.752827 0.657957 23.880755
0.537560 3.223708 -0.058222 16.700386
0.863680 5.731909 1.036723 28.052366
0.930981 6.098807 1.180872 30.223625
0.683485 4.397683 0.622958 21.890423
0.930980 6.098806 1.180873 30.223618
0.522926 2.963295 0.219204 15.945101
0.554970 3.288793 0.333636 17.169788
0.532376 2.928882 0.226883 16.083135
0.560281 3.226119 0.179011 17.166899
0.538859 2.937145 0.241955 16.234737
0.567591 3.164318 0.301539 17.249683
0.546158 2.864705 0.243090 16.259307
0.549392 3.038709 0.198201 16.606350
0.552994 2.853786 0.229935 16.379747
0.555496 2.871595 0.228916 16.459887
0.619031 3.910833 0.511256 19.643213
0.560247 3.296348 0.323317 17.284614
0.525342 3.122992 0.314508 16.261503
0.581639 3.591536 0.125404 18.241456
1.205827 8.551065 -0.372456 39.938351
0.807339 5.446268 0.091679 26.254814
1.130927 7.924304 -0.299181 37.254660
1.608730 11.287209 -1.050402 53.117376
1.130928 7.924301 -0.299182 37.254656
1.384534 9.934377 -0.598092 46.073843
0.931506 6.533404 -0.051068 30.672219
1.205827 8.551061 -0.372458 39.938343
0.758322 5.179283 0.056250 24.688303
0.694746 4.608764 0.142431 22.400284
0.631073 4.078344 0.114395 20.108517
0.931505 6.533402 -0.051067 30.672204
0.631076 4.078353 0.114394 20.108568
0.583338 3.607461 0.123012 18.301960
0.807340 5.446269 0.091680 26.254823
1.496006 10.699354 -0.777917 49.719129
1.057052 8.377987 0.633855 36.362866
1.016655 8.096889 0.685142 35.117223
1.000000 7.969558 0.697246 34.564103
1.150313 9.074641 0.536464 39.439165
1.716097 12.794435 -0.725978 57.789404
1.567289 11.508904 -0.679679 52.525982
1.530155 11.020118 -0.804324 51.009023
1.140648 8.979788 0.530379 39.036513
1.693152 12.548074 -0.721472 56.818666
1.433007 11.062179 0.029815 48.733915
1.051251 8.347362 0.648190 36.218857
1.000000 7.969558 0.697246 34.564103
1.114982 7.954218 -0.239724 36.982141
0.073971 0.326732 0.255813 1.972824
0.126197 0.499326 0.360268 3.254110
0.753320 3.967165 0.522084 22.537560
0.544622 3.370857 0.142309 17.081596
0.518002 3.053368 0.162559 15.981166
0.740095 5.020870 0.121407 24.020835
5.762714 6.903705 -8.475624 166.476244
3.099779 16.203776 -6.192942 96.832377
1.248195 9.450472 0.225121 41.694010
2.935279 16.728084 -5.307930 92.138615
1.248201 9.562808 0.262479 41.982106
1.000000 7.969558 0.697246 34.564103
1.000000 7.969558 0.697246 34.564103
2.174443 14.228206 -2.479720 70.137509
1.000000 7.969558 0.697246 34.564103
0.750359 4.623930 0.266452 23.925628
0.806754 4.941783 0.200752 25.591228
0.714563 4.285426 0.363787 22.522431
0.843473 5.006450 0.184882 26.445384
0.562357 3.282582 0.549005 17.479585
1.201335 7.205475 -0.489754 37.881178
1.099121 7.099256 -0.425238 35.548121
1.473647 9.371979 -1.192471 47.450065
1.940535 13.305409 -1.796187 63.580087
1.666898 11.729579 -0.866502 54.106074
1.071455 6.491308 -0.256762 33.906336
0.838511 4.961121 0.203223 26.381085
1.791102 10.336750 -2.045357 56.692114
1.060981 6.161255 -0.181312 33.169735
1.060980 6.161256 -0.181316 33.169719
0.314391 1.544786 0.738910 9.026278
2.838912 16.233947 -5.006109 89.371539
0.373196 1.843991 0.690876 10.746534
0.458561 1.728257 0.349901 12.350369
0.338348 1.701329 0.709700 9.850738
0.669244 3.859657 0.460379 20.756694
0.368193 1.967317 0.682166 10.955450
0.561265 3.264033 0.562889 17.498274
0.500457 2.935809 0.592715 15.634671
1.000000 7.969558 0.697246 34.564103
1.000000 7.969558 0.697246 34.564103
1.000000 7.969558 0.697246 34.564103
1.000000 7.969558 0.697246 34.564103
1.000000 7.969558 0.697246 34.564103
1.000000 7.969558 0.697246 34.564103
1.000000 7.969558 0.697246 34.564103
1.000000 7.969558 0.697246 34.564103
1.000000 7.969558 0.697246 34.564103
1.000000 7.969558 0.697246 34.564103
1.000000 7.969558 0.697246 34.564103
1.000000 7.969558 0.697246 34.564103
1.000000 7.969558 0.697246 34.564103
1.000000 7.969558 0.697246 34.564103
1.000000 7.969558 0.697246 34.564103
1.000000 7.969558 0.697246 34.564103
2.907266 10.967694 -1.193817 81.120379
1.729748 10.242551 -0.648351 51.769631
1.000000 7.969558 0.697246 34.564103
1.000000 7.969558 0.697246 34.564103
1.000000 7.969558 0.697246 34.564103
1.000000 7.969558 0.697246 34.564103
1.000000 7.969558 0.697246 34.564103
1.384534 9.934373 -0.598094 46.073834
1.709655 12.819288 -0.659005 57.706568
1.000000 7.969558 0.697246 34.564103
1.015770 8.088983 0.684265 35.083382
1.000000 7.969558 0.697246 34.564103
1.000000 7.969558 0.697246 34.564103
1.000000 7.969558 0.697246 34.564103
1.000000 7.969558 0.697246 34.564103
1.000000 7.969558 0.697246 34.564103
1.000000 7.969558 0.697246 34.564103
1.000000 7.969558 0.697246 34.564103
1.000000 7.969558 0.697246 34.564103
1.000000 7.969558 0.697246 34.564103
1.000000 7.969558 0.697246 34.564103
1.000000 7.969558 0.697246 34.564103
1.000000 7.969558 0.697246 34.564103
1.000000 7.969558 0.697246 34.564103
1.000000 7.969558 0.697246 34.564103
1.000000 7.969558 0.697246 34.564103
1.000000 7.969558 0.697246 34.564103
1.000000 7.969558 0.697246 34.564103
1.000000 7.969558 0.697246 34.564103
1.000000 7.969558 0.697246 34.564103
4.487177 14.567067 -8.293665 126.987585
2.625642 14.610430 -3.799763 80.076534
2.404027 10.555052 -3.774622 72.796767
3.391963 16.304158 -6.065683 101.018889
3.042318 16.509024 -5.674566 93.786988
2.673707 9.338494 -5.169181 81.590856
0.814097 3.487020 -0.745490 22.155494
2.862344 8.434432 -6.228511 87.219297
1.000000 7.969558 0.697246 34.564103
1.000000 7.969558 0.697246 34.564103
1.000000 7.969558 0.697246 34.564103
1.000000 7.969558 0.697246 34.564103
1.686884 11.563548 -0.822067 53.729049
3.343293 17.138354 -6.964600 103.552810
3.242270 14.839055 -6.232166 99.302048
4.210525 10.282535 -8.771773 123.726461
1.271258 9.559610 0.200418 42.241924
4.044062 14.921021 -8.470979 118.408769
2.129955 11.883782 -2.170917 63.659911
5.344912 9.844544 -9.073667 152.989504
3.395398 9.813493 -6.182363 100.748192
5.023115 8.280188 -9.732873 147.361373
1.000000 7.969558 0.697246 34.564103
1.057043 8.377234 0.621038 36.381660
1.940540 13.305427 -1.796199 63.580198
2.191791 14.668175 -2.472585 71.427930
1.000000 7.969558 0.697246 34.564103
1.000000 7.969558 0.697246 34.564103
1.000000 7.969558 0.697246 34.564103
1.013526 8.072079 0.688263 35.005362
1.000000 7.969558 0.697246 34.564103
1.000000 7.969558 0.697246 34.564103
1.716094 12.794419 -0.725969 57.789318
1.013236 8.069270 0.688115 34.992663
1.001161 7.978507 0.696735 34.602394
1.000000 7.969558 0.697246 34.564103
1.000000 7.969558 0.697246 34.564103
1.000000 7.969558 0.697246 34.564103
1.000000 7.969558 0.697246 34.564103
1.000000 7.969558 0.697246 34.564103
1.000000 7.969558 0.697246 34.564103
1.000000 7.969558 0.697246 34.564103
1.000000 7.969558 0.697246 34.564103
1.000000 7.969558 0.697246 34.564103
1.000000 7.969558 0.697246 34.564103
1.000000 7.969558 0.697246 34.564103
1.000000 7.969558 0.697246 34.564103
1.000000 7.969558 0.697246 34.564103
1.000000 7.969558 0.697246 34.564103
1.000000 7.969558 0.697246 34.564103
1.000000 7.969558 0.697246 34.564103
1.000000 7.969558 0.697246 34.564103
1.000000 7.969558 0.697246 34.564103
1.000000 7.969558 0.697246 34.564103
1.000000 7.969558 0.697246 34.564103
1.000000 7.969558 0.697246 34.564103
1.000000 7.969558 0.697246 34.564103
1.000000 7.969558 0.697246 34.564103
1.000000 7.969558 0.697246 34.564103
1.000000 7.969558 0.697246 34.564103
1.000000 7.969558 0.697246 34.564103
1.000000 7.969558 0.697246 34.564103
1.000000 7.969558 0.697246 34.564103
1.000000 7.969558 0.697246 34.564103
1.000000 7.969558 0.697246 34.564103
1.000000 7.969558 0.697246 34.564103
1.000000 7.969558 0.697246 34.564103
1.000000 7.969558 0.697246 34.564103
1.000000 7.969558 0.697246 34.564103
1.000000 7.969558 0.697246 34.564103
1.000000 7.969558 0.697246 34.564103
1.000000 7.969558 0.697246 34.564103
1.000000 7.969558 0.697246 34.564103
1.000000 7.969558 0.697246 34.564103
1.000000 7.969558 0.697246 34.564103
0.139705 0.694640 0.324416 3.788291
0.515463 2.554236 -0.125407 14.703557
1.483906 6.334209 -1.182045 43.625578
2.475116 9.705284 -4.491552 75.664934
1.536546 6.833752 -1.230247 45.538772
0.204300 1.092779 0.191376 5.601135
0.820083 3.875867 0.231766 23.738455
0.785282 3.778659 0.286822 22.889802
0.112492 0.605346 0.231069 3.101926
0.460914 2.291368 0.691425 13.394559
2.996087 10.470912 -5.517272 89.402748
0.910403 4.509271 0.199826 27.070831
1.447506 6.617079 -1.090520 43.321999
0.976944 4.789328 0.219711 28.775083
0.153394 0.715306 0.371020 4.114867
0.460917 2.291375 0.691428 13.394610
0.236142 1.099991 0.652843 6.705322
0.290382 1.405672 0.738312 8.401854
0.272060 1.342347 0.703073 8.010070
0.429456 2.168369 0.795411 12.638858
0.409699 2.114559 0.788701 12.069644
0.300657 1.428123 0.733639 8.545143
0.432608 2.225323 0.788314 12.680939
0.451011 2.284898 0.791839 13.168780
0.850319 4.376118 0.387611 25.369130
0.743549 3.316357 -0.787503 20.537735
0.101476 0.510387 0.277115 2.782557
0.531482 2.652268 0.779803 15.417864
0.225626 1.157272 0.248774 6.099696
0.813458 4.147975 0.449712 24.384522
4.260513 14.015953 -9.015290 125.419827
0.656152 3.525567 0.605729 19.816486
0.657145 3.521221 0.617150 19.874626
1.431982 7.022550 -0.881470 43.151327
2.326396 11.331072 -3.223842 71.397415
2.132253 11.229073 -2.930093 66.155539
3.815901 11.633818 -8.339923 113.037307
3.643973 14.392515 -7.974196 110.209900
1.634026 7.445245 -1.167505 48.494358
2.818611 10.939829 -4.559765 84.128634
3.646849 13.257028 -7.647530 109.329854
3.088212 13.183252 -6.332780 94.965200
1.387644 6.681145 -0.673990 41.881875
2.333258 9.976843 -3.473843 71.177041
2.014853 9.499556 -2.769465 62.174208
2.081932 11.049011 -2.807807 64.834521
0.332273 1.585339 0.668249 9.583400
0.324053 1.578300 0.735008 9.271328
0.367300 1.642955 0.666930 10.488696
0.464383 1.983681 0.720470 12.808082
0.532262 2.894987 0.709679 16.186849
0.391254 2.089014 0.768716 11.741353
0.409981 2.126701 0.775610 12.053617
1.245567 6.352895 -0.500063 38.066457
0.458685 2.586829 0.692414 14.102088
0.517310 2.890811 0.697619 15.909131
1.351407 6.972103 -0.595195 41.000219
1.138096 6.069396 -0.179493 34.959645
1.126510 6.053873 -0.205525 34.634065
0.798465 4.454435 0.388231 24.712911
0.721331 3.804863 0.533725 21.815846
0.758996 4.271549 0.430128 23.635062
0.761701 4.326873 0.371457 23.523252
0.236141 1.099986 0.652840 6.705290
1.000000 7.969558 0.697246 34.564103
