1.000000 7.969558 0.697246 34.564103
1.000000 7.969558 0.697246 34.564103
1.000000 7.969558 0.697246 34.564103
1.000000 7.969558 0.697246 34.564103
1.000000 7.969558 0.697246 34.564103
1.363641 9.808163 0.013135 44.159914
3.502185 16.442278 -6.319699 103.956090
2.926044 16.625131 -5.370184 91.970504
3.471446 15.218275 -6.582937 104.801709
2.031223 10.269535 -2.459272 63.103818
1.334502 5.977032 -0.938496 39.810962
1.281546 9.342361 0.229231 41.759714
1.000000 7.969558 0.697246 34.564103
1.419527 9.997185 -0.044985 45.347162
1.018613 8.074510 0.667253 35.053447
2.345380 12.004251 -2.394199 67.306896
3.072167 14.814112 -4.349626 89.660705
2.467950 12.005837 -1.558661 70.089949
1.000000 7.969558 0.697246 34.564103
1.000000 7.969558 0.697246 34.564103
1.000000 7.969558 0.697246 34.564103
1.000000 7.969558 0.697246 34.564103
1.000000 7.969558 0.697246 34.564103
1.000000 7.969558 0.697246 34.564103
1.000000 7.969558 0.697246 34.564103
1.000000 7.969558 0.697246 34.564103
1.000000 7.969558 0.697246 34.564103
1.000000 7.969558 0.697246 34.564103
1.000000 7.969558 0.697246 34.564103
1.000000 7.969558 0.697246 34.564103
1.000000 7.969558 0.697246 34.564103
1.000000 7.969558 0.697246 34.564103
1.659891 12.073250 -0.812378 55.295323
1.000000 7.969558 0.697246 34.564103
1.000000 7.969558 0.697246 34.564103
1.000000 7.969558 0.697246 34.564103
1.250914 9.686002 0.313112 42.384925
1.000000 7.969558 0.697246 34.564103
5.478578 7.610363 -9.287798 159.532777
5.862188 8.792923 -8.202844 168.316401
4.716307 12.285933 -9.409027 134.688231
5.217234 9.664772 -9.383989 151.573445
5.407547 11.887604 -8.844640 152.585609
1.000000 7.969558 0.697246 34.564103
5.810069 6.770056 -5.941777 165.315403
1.000000 7.969558 0.697246 34.564103
1.000000 7.969558 0.697246 34.564103
1.000000 7.969558 0.697246 34.564103
1.000000 7.969558 0.697246 34.564103
1.000000 7.969558 0.697246 34.564103
1.000000 7.969558 0.697246 34.564103
1.000000 7.969558 0.697246 34.564103
1.500613 9.540490 0.517857 45.664172
6.436714 4.055243 -5.780411 186.050815
5.843625 6.526499 -4.930958 165.648239
6.098119 5.151146 -6.800040 175.334962
6.791524 2.924921 -3.117492 196.656768
6.437373 4.674527 -1.358413 182.308594
6.143267 4.897512 -4.033692 173.990392
4.829840 9.167055 -4.238002 134.835135
1.000000 7.969558 0.697246 34.564103
1.000000 7.969558 0.697246 34.564103
1.000000 7.969558 0.697246 34.564103
6.045270 5.791230 -7.699272 174.953785
5.365076 10.022189 -6.973282 151.014648
3.258780 11.806662 -0.775676 89.012587
4.702068 12.845493 -5.262187 127.618497
4.613079 11.667957 -9.001179 133.711785
5.545725 9.368014 -5.717636 157.006529
4.059643 12.947278 -6.419052 113.492394
6.382667 3.562730 -4.607790 182.608183
6.627590 2.978093 -1.483438 189.403146
1.000000 7.969558 0.697246 34.564103
1.000000 7.969558 0.697246 34.564103
1.000000 7.969558 0.697246 34.564103
1.000000 7.969558 0.697246 34.564103
1.000000 7.969558 0.697246 34.564103
1.000000 7.969558 0.697246 34.564103
1.000000 7.969558 0.697246 34.564103
1.000000 7.969558 0.697246 34.564103
1.000000 7.969558 0.697246 34.564103
1.000000 7.969558 0.697246 34.564103
6.162568 5.505892 -2.614449 173.316016
6.794069 2.268255 0.204885 195.562235
6.186957 4.761178 1.541861 173.686030
6.540915 2.119872 3.733518 186.484106
1.000000 7.969558 0.697246 34.564103
4.589614 9.091299 3.951176 125.465720
5.798064 8.188929 6.140314 161.178397
1.000000 7.969558 0.697246 34.564103
4.460863 10.889164 -0.233769 119.184744
5.203747 8.336500 -1.223851 142.255789
6.778606 1.820353 2.875214 195.152784
6.459694 3.379181 1.820763 183.169658
6.576897 2.175821 1.508914 187.356710
6.456755 4.638527 4.095989 183.697571
6.385658 4.073495 5.022009 181.138855
6.377915 3.447807 3.077783 180.448593
6.461461 2.606212 4.681588 183.756946
6.656438 2.522930 5.802171 191.456869
6.404950 3.246940 7.073165 182.898809
6.370252 4.913106 6.028167 180.369148
6.358640 3.624303 8.154993 182.457617
1.000000 7.969558 0.697246 34.564103
6.382438 6.500835 6.497728 180.139972
1.000000 7.969558 0.697246 34.564103
5.804335 7.315771 10.847949 164.747121
6.364787 4.341947 7.007789 180.846275
5.941884 4.875377 9.737296 169.877567
1.000000 7.969558 0.697246 34.564103
1.000000 7.969558 0.697246 34.564103
1.000000 7.969558 0.697246 34.564103
1.000000 7.969558 0.697246 34.564103
1.000000 7.969558 0.697246 34.564103
1.000000 7.969558 0.697246 34.564103
1.000000 7.969558 0.697246 34.564103
1.000000 7.969558 0.697246 34.564103
1.000000 7.969558 0.697246 34.564103
1.000000 7.969558 0.697246 34.564103
1.000000 7.969558 0.697246 34.564103
1.000000 7.969558 0.697246 34.564103
1.000000 7.969558 0.697246 34.564103
1.000000 7.969558 0.697246 34.564103
1.000000 7.969558 0.697246 34.564103
1.000000 7.969558 0.697246 34.564103
1.000000 7.969558 0.697246 34.564103
1.000000 7.969558 0.697246 34.564103
1.000000 7.969558 0.697246 34.564103
1.000000 7.969558 0.697246 34.564103
1.000000 7.969558 0.697246 34.564103
1.000000 7.969558 0.697246 34.564103
1.000000 7.969558 0.697246 34.564103
1.000000 7.969558 0.697246 34.564103
1.000000 7.969558 0.697246 34.564103
1.000000 7.969558 0.697246 34.564103
1.000000 7.969558 0.697246 34.564103
1.000000 7.969558 0.697246 34.564103
1.000000 7.969558 0.697246 34.564103
1.133391 8.748359 0.442217 38.313725
1.000000 7.969558 0.697246 34.564103
5.747711 5.624769 10.325937 163.985833
1.000000 7.969558 0.697246 34.564103
1.000000 7.969558 0.697246 34.564103
5.421731 9.324148 0.086752 148.440326
5.923904 6.767968 3.832503 165.842040
1.000000 7.969558 0.697246 34.564103
1.000000 7.969558 0.697246 34.564103
1.000000 7.969558 0.697246 34.564103
5.608678 8.777025 11.712864 159.897094
4.911771 7.594977 10.999534 140.737120
1.682722 7.325793 2.728863 49.891946
2.837827 8.479575 7.608630 85.815464
0.844370 4.018005 1.768704 24.703196
5.687965 9.651263 12.112322 161.289066
5.002926 9.392875 11.518150 143.948529
4.719056 8.240290 11.088440 136.148492
4.555331 11.875761 11.565661 132.806915
5.499836 6.217250 10.672398 157.122114
5.351451 7.016379 11.043147 153.005188
6.099695 5.260716 8.848570 172.853735
6.109490 6.336271 9.613914 173.115635
6.103184 4.318654 9.051399 174.100546
5.809582 6.471380 10.242619 164.896885
2.056573 10.638148 2.321651 58.859600
5.141803 10.849073 6.875945 138.428890
1.561199 10.092146 2.340637 48.273446
4.628441 11.318873 9.161989 128.138157
5.127017 11.137414 10.525367 143.125361
1.000000 7.969558 0.697246 34.564103
1.000000 7.969558 0.697246 34.564103
1.000000 7.969558 0.697246 34.564103
1.000000 7.969558 0.697246 34.564103
1.000000 7.969558 0.697246 34.564103
1.000000 7.969558 0.697246 34.564103
1.000000 7.969558 0.697246 34.564103
1.000000 7.969558 0.697246 34.564103
1.000000 7.969558 0.697246 34.564103
1.000000 7.969558 0.697246 34.564103
1.000000 7.969558 0.697246 34.564103
1.000000 7.969558 0.697246 34.564103
1.067546 8.242168 0.768098 36.081131
4.191541 11.573414 7.662579 114.071512
6.201007 6.564264 7.898977 173.948332
6.074849 8.429003 10.562456 170.531064
1.681146 9.878437 1.770730 50.027385
1.000000 7.969558 0.697246 34.564103
1.000000 7.969558 0.697246 34.564103
1.000000 7.969558 0.697246 34.564103
1.000000 7.969558 0.697246 34.564103
1.000000 7.969558 0.697246 34.564103
1.000000 7.969558 0.697246 34.564103
1.000000 7.969558 0.697246 34.564103
1.000000 7.969558 0.697246 34.564103
1.000000 7.969558 0.697246 34.564103
1.000000 7.969558 0.697246 34.564103
1.000000 7.969558 0.697246 34.564103
1.000000 7.969558 0.697246 34.564103
1.000000 7.969558 0.697246 34.564103
1.000000 7.969558 0.697246 34.564103
1.000000 7.969558 0.697246 34.564103
1.000000 7.969558 0.697246 34.564103
1.000000 7.969558 0.697246 34.564103
1.000000 7.969558 0.697246 34.564103
1.000000 7.969558 0.697246 34.564103
1.000000 7.969558 0.697246 34.564103
1.000000 7.969558 0.697246 34.564103
1.000000 7.969558 0.697246 34.564103
1.000000 7.969558 0.697246 34.564103
1.000000 7.969558 0.697246 34.564103
1.000000 7.969558 0.697246 34.564103
1.000000 7.969558 0.697246 34.564103
1.000000 7.969558 0.697246 34.564103
1.000000 7.969558 0.697246 34.564103
1.000000 7.969558 0.697246 34.564103
1.000000 7.969558 0.697246 34.564103
1.000000 7.969558 0.697246 34.564103
1.000000 7.969558 0.697246 34.564103
5.205473 11.689582 12.992579 149.019051
5.176216 11.910911 13.248027 149.373422
4.675338 13.605185 11.707597 132.782690
1.000000 7.969558 0.697246 34.564103
1.000000 7.969558 0.697246 34.564103
1.000000 7.969558 0.697246 34.564103
1.000000 7.969558 0.697246 34.564103
1.000000 7.969558 0.697246 34.564103
1.000000 7.969558 0.697246 34.564103
1.000000 7.969558 0.697246 34.564103
1.000000 7.969558 0.697246 34.564103
1.000000 7.969558 0.697246 34.564103
1.000000 7.969558 0.697246 34.564103
1.000000 7.969558 0.697246 34.564103
1.000000 7.969558 0.697246 34.564103
1.000000 7.969558 0.697246 34.564103
1.000000 7.969558 0.697246 34.564103
1.000000 7.969558 0.697246 34.564103
1.254441 8.900476 0.924378 40.267112
1.000000 7.969558 0.697246 34.564103
1.000000 7.969558 0.697246 34.564103
1.000000 7.969558 0.697246 34.564103
1.000000 7.969558 0.697246 34.564103
1.000000 7.969558 0.697246 34.564103
1.000000 7.969558 0.697246 34.564103
1.335164 9.834150 1.661280 44.262415
1.201235 9.253264 1.243897 40.802903
1.000000 7.969558 0.697246 34.564103
1.000000 7.969558 0.697246 34.564103
1.000000 7.969558 0.697246 34.564103
1.000000 7.969558 0.697246 34.564103
1.000000 7.969558 0.697246 34.564103
1.000000 7.969558 0.697246 34.564103
1.000000 7.969558 0.697246 34.564103
1.000000 7.969558 0.697246 34.564103
1.000000 7.969558 0.697246 34.564103
1.000000 7.969558 0.697246 34.564103
1.000000 7.969558 0.697246 34.564103
5.851905 8.325935 11.060214 165.021236
5.488890 7.703470 11.106731 156.227784
5.769101 11.718797 12.666591 163.205591
5.466558 10.887363 13.034540 156.902330
3.234579 11.250498 8.040771 96.564731
1.909675 11.392486 3.171954 57.954745
4.210866 14.557005 11.703416 122.795619
1.378387 9.696972 1.681775 44.404817
2.320214 11.893990 4.687258 68.934887
2.612830 13.071959 5.577726 77.830062
1.000000 7.969558 0.697246 34.564103
1.177299 8.974147 1.168288 39.557527
1.000000 7.969558 0.697246 34.564103
1.000000 7.969558 0.697246 34.564103
2.529113 14.467618 6.337687 79.597385
1.137306 8.843773 1.087842 38.846556
1.000000 7.969558 0.697246 34.564103
1.000000 7.969558 0.697246 34.564103
1.000000 7.969558 0.697246 34.564103
1.000000 7.969558 0.697246 34.564103
1.000000 7.969558 0.697246 34.564103
1.022239 8.061326 0.792197 35.088197
1.217195 8.908668 1.295615 39.836136
4.054931 13.513870 8.473654 112.476014
1.000000 7.969558 0.697246 34.564103
1.496159 10.258153 2.217620 47.757208
5.843440 9.308620 11.897852 165.241939
4.204087 13.334708 9.302997 118.360707
5.121654 13.359442 12.683517 145.712260
5.154939 9.424550 11.893019 147.370368
4.117220 10.249238 10.638812 120.565098
1.225569 9.132132 1.281663 40.559089
1.000000 7.969558 0.697246 34.564103
1.000000 7.969558 0.697246 34.564103
2.433765 11.702998 4.052287 70.006831
1.000000 7.969558 0.697246 34.564103
1.000000 7.969558 0.697246 34.564103
1.000000 7.969558 0.697246 34.564103
1.000000 7.969558 0.697246 34.564103
1.000000 7.969558 0.697246 34.564103
1.000000 7.969558 0.697246 34.564103
1.000000 7.969558 0.697246 34.564103
1.000000 7.969558 0.697246 34.564103
1.000000 7.969558 0.697246 34.564103
4.128352 11.257127 0.183749 109.854172
6.330283 5.992199 -0.056167 177.938511
4.813273 7.837444 1.479647 130.288118
3.975916 11.303316 3.592996 106.401924
6.278835 8.148328 8.989917 175.500396
6.284368 5.238018 8.004349 177.955403
6.139058 7.650955 9.761870 172.533060
5.421265 10.324788 9.034290 148.720191
1.000000 7.969558 0.697246 34.564103
2.271985 10.408264 1.791679 63.915846
1.498074 9.733551 1.823044 46.175534
3.216869 13.399248 8.740459 98.143247
2.273244 10.221025 4.861655 69.189465
2.582616 11.614757 6.279965 79.197050
1.000000 7.969558 0.697246 34.564103
1.000000 7.969558 0.697246 34.564103
0.887732 4.141804 1.782512 25.697514
1.000000 7.969558 0.697246 34.564103
1.000000 7.969558 0.697246 34.564103
1.000000 7.969558 0.697246 34.564103
1.000000 7.969558 0.697246 34.564103
1.000000 7.969558 0.697246 34.564103
1.000000 7.969558 0.697246 34.564103
1.000000 7.969558 0.697246 34.564103
1.000000 7.969558 0.697246 34.564103
1.000000 7.969558 0.697246 34.564103
1.000000 7.969558 0.697246 34.564103
1.000000 7.969558 0.697246 34.564103
1.000000 7.969558 0.697246 34.564103
1.000000 7.969558 0.697246 34.564103
1.000000 7.969558 0.697246 34.564103
1.000000 7.969558 0.697246 34.564103
1.000000 7.969558 0.697246 34.564103
1.000000 7.969558 0.697246 34.564103
1.000000 7.969558 0.697246 34.564103
1.000000 7.969558 0.697246 34.564103
1.000000 7.969558 0.697246 34.564103
1.000000 7.969558 0.697246 34.564103
1.000000 7.969558 0.697246 34.564103
1.000000 7.969558 0.697246 34.564103
1.000000 7.969558 0.697246 34.564103
1.000000 7.969558 0.697246 34.564103
1.000000 7.969558 0.697246 34.564103
1.000000 7.969558 0.697246 34.564103
1.000000 7.969558 0.697246 34.564103
1.000000 7.969558 0.697246 34.564103
1.000000 7.969558 0.697246 34.564103
1.000000 7.969558 0.697246 34.564103
1.000000 7.969558 0.697246 34.564103
1.557626 11.508988 2.423081 52.597452
1.000000 7.969558 0.697246 34.564103
1.000000 7.969558 0.697246 34.564103
1.000000 7.969558 0.697246 34.564103
1.000000 7.969558 0.697246 34.564103
1.000000 7.969558 0.697246 34.564103
1.000000 7.969558 0.697246 34.564103
1.000000 7.969558 0.697246 34.564103
1.000000 7.969558 0.697246 34.564103
1.000000 7.969558 0.697246 34.564103
1.000000 7.969558 0.697246 34.564103
1.000000 7.969558 0.697246 34.564103
1.000000 7.969558 0.697246 34.564103
1.569848 11.420432 2.567300 52.775389
1.367786 10.472457 1.699696 46.606387
1.259683 9.731209 1.397127 43.031238
1.000000 7.969558 0.697246 34.564103
1.000000 7.969558 0.697246 34.564103
1.000000 7.969558 0.697246 34.564103
1.564804 11.274984 2.539433 52.346140
1.565008 11.275967 2.540022 52.351501
1.000000 7.969558 0.697246 34.564103
1.000000 7.969558 0.697246 34.564103
1.000000 7.969558 0.697246 34.564103
1.000000 7.969558 0.697246 34.564103
1.000000 7.969558 0.697246 34.564103
1.000000 7.969558 0.697246 34.564103
0.100796 0.413499 -0.270995 2.583746
0.061057 0.264947 -0.186783 1.602140
0.138133 0.690804 -0.321554 3.803212
0.155442 0.795606 -0.362904 4.325419
0.009326 0.039171 -0.039981 0.226914
1.146305 9.021787 1.042310 39.440085
1.000000 7.969558 0.697246 34.564103
1.177144 9.206654 1.146872 40.400696
1.177232 9.207214 1.147091 40.403304
0.090373 0.474023 -0.182118 2.389404
0.126113 0.639226 -0.271469 3.381306
0.581141 3.240284 -0.122731 17.731263
0.718187 3.866289 0.080440 21.708667
0.483265 2.595387 -0.165459 14.320867
0.175144 0.928463 -0.231571 4.813589
0.135417 0.744639 -0.082643 3.621176
0.059071 0.339618 -0.092454 1.586365
0.426127 2.321995 -0.286403 12.687243
0.217152 1.131843 -0.325813 6.031035
0.206439 1.082150 -0.327858 5.768937
0.158294 0.785328 -0.289051 4.200102
0.067571 0.317256 -0.216642 1.834660
0.531923 2.850733 0.707581 15.980991
0.078843 0.498982 0.011557 2.226088
0.563266 2.971470 0.176205 16.695172
0.057512 0.331487 -0.090529 1.545875
1.095386 6.111232 1.284519 34.128881
1.952655 10.232560 4.353240 60.940831
2.651549 15.490636 6.904115 84.665310
2.811853 15.326071 7.486078 87.832707
1.861761 9.336398 3.665318 57.355085
1.454049 7.739111 2.328587 45.274619
2.719216 12.826106 7.039952 83.423168
1.478297 10.447492 2.221959 48.525452
3.238957 15.504208 9.153363 99.304718
1.483611 10.430076 2.210603 48.476509
3.686020 13.749010 10.258474 111.001839
2.666307 14.577986 6.431782 81.551191
2.042501 12.794957 4.323830 64.938528
3.536775 14.623542 8.964959 104.275022
3.145102 12.856827 8.461489 96.365938
3.387652 14.620030 9.309809 102.402269
1.419035 7.049926 2.069563 43.400572
1.612732 8.093261 2.605684 49.635681
1.612551 8.104303 2.633113 49.523628
2.582856 11.615053 6.279645 79.200686
2.157712 9.452977 4.650279 66.074316
0.229726 1.207644 -0.382480 6.497065
0.202999 1.059828 -0.219189 5.496182
0.103828 0.534825 -0.200830 2.729404
0.473932 2.764821 -0.286469 14.738859
0.894019 5.068299 0.579629 27.866047
0.464893 2.648632 -0.300572 14.297456
0.626602 3.593337 -0.047640 19.410516
0.738416 4.187283 0.161271 22.773458
0.888228 4.911138 0.546566 27.550587
0.717207 3.877155 0.100257 21.638764
0.364694 2.018112 -0.346320 10.969568
0.143160 0.780231 -0.076174 3.798235
0.387785 1.192882 -0.091689 9.787029
0.178801 0.672248 -0.168746 4.471693
0.453850 1.430342 0.216988 11.874544
0.168338 0.685449 0.499486 4.531696
0.274578 1.557990 -0.420608 8.352238
0.249639 1.276865 -0.406459 7.162426
0.340224 1.322865 -0.087157 9.012632
0.513675 1.829157 0.169904 13.787076
0.383544 1.394054 -0.050159 10.024229
0.493772 1.732085 0.232320 13.173261
0.516225 1.937027 0.222558 13.986179
0.336295 1.567808 0.630916 9.539336
0.561281 2.546969 0.209161 15.979659
1.569444 11.430237 2.569657 52.822380
0.600868 3.715918 0.321754 18.831501
0.605330 3.769127 0.334551 19.011656
0.726593 4.623564 0.610972 23.237791
1.411809 9.079063 2.549184 45.844775
1.411789 9.079297 2.549331 45.845581
0.760568 5.002095 0.806688 24.537119
1.197681 8.263381 1.840234 39.539225
0.866864 5.736977 1.041820 28.095014
0.016534 0.066249 -0.060449 0.389668
0.055217 0.159571 -0.150855 1.311392
0.069896 0.307062 -0.215607 1.830276
0.231530 0.920849 0.509211 6.258322
0.157227 0.802464 -0.363122 4.364426
0.143743 0.720145 -0.344337 3.973047
0.163185 0.840253 -0.391177 4.591375
0.547952 2.728651 0.078645 15.956235
0.519762 2.357856 0.118635 14.774053
0.535510 2.335762 0.106659 15.083373
0.473626 2.263722 0.419698 13.545385
0.568333 2.657194 0.204008 16.318924
0.536431 3.144748 0.532243 16.573478
0.558738 2.800471 0.226648 16.359328
0.765534 3.826272 0.597217 22.236049
0.429302 2.350326 -0.082339 12.908462
1.408683 6.997922 2.063857 43.182304
2.074611 9.260527 4.452622 63.954633
1.479154 6.860270 2.091210 44.098403
1.304811 6.354272 1.681783 39.577263
0.443200 2.543280 -0.320967 13.705941
1.844461 9.249499 3.584007 57.211802
0.623163 3.581663 -0.046746 19.349546
0.882386 4.888092 0.535865 27.398771
0.584871 3.244147 -0.130418 17.818440
0.475254 2.769424 -0.286724 14.760509
4.327067 12.235774 11.591123 126.937228
3.627990 13.292100 10.157582 109.282291
4.111082 14.354677 12.121877 123.295595
0.149829 0.878228 0.019305 4.131911
0.810999 4.269309 0.248701 24.257355
0.574447 3.014212 0.162610 16.961159
0.405631 2.225757 -0.255980 12.177593
3.336061 9.948858 8.031230 98.476754
2.796207 9.635312 6.853901 84.319988
1.394008 6.532579 2.001136 42.223241
3.208042 11.379659 8.141881 95.708176
3.149823 11.996972 5.192919 85.551132
4.549999 14.313581 12.328233 132.210340
2.560632 12.945249 5.596048 76.770906
0.240021 1.292727 -0.420025 6.964967
0.372843 2.067275 -0.360321 11.195179
0.161530 0.829902 -0.385421 4.537603
0.223816 1.212302 -0.429990 6.537102
0.164770 0.848405 -0.387933 4.626011
0.224661 1.184090 -0.383165 6.371984
0.147153 0.735920 -0.284115 3.946248
0.160816 0.804014 -0.338794 4.376608
0.126148 0.639354 -0.271529 3.381986
0.235102 0.984701 0.534677 6.433952
0.305305 0.887391 -0.006411 7.558335
0.261815 1.016114 -0.258760 6.719571
0.101299 0.452478 -0.279118 2.678637
0.110601 0.437549 0.135675 2.653095
0.346873 1.968001 -0.409311 10.568256
0.333249 1.867331 -0.393023 10.087512
0.303469 1.727067 -0.431137 9.276071
0.195464 1.050830 -0.422166 5.699678
0.303534 1.727310 -0.431244 9.277354
0.207515 1.144547 -0.435588 6.187654
0.138899 0.694266 -0.340590 3.846499
0.384125 1.604744 -0.169503 10.374279
0.148023 0.749676 -0.366319 4.134662
0.431482 1.685497 0.380123 11.676355
0.337711 1.973367 -0.418500 10.470409
1.450914 10.053675 2.480603 48.076824
1.566439 11.387782 2.561254 52.645440
1.531475 11.232975 2.391788 51.532797
0.588194 3.135656 0.238241 17.559069
0.582363 3.240475 0.301420 17.634186
0.586124 3.434665 0.280415 18.044878
0.575036 3.590847 0.201076 18.076866
0.763083 4.849584 0.694570 24.378644
0.574468 3.581166 0.179887 18.104459
0.574076 3.172039 0.192335 17.323054
0.575718 3.585707 0.181903 18.134421
0.566860 3.081089 0.093193 16.967961
0.550182 3.346548 0.079356 17.182617
0.540819 3.320676 0.065029 16.972613
0.562485 2.662048 0.199596 16.200203
0.558266 2.851403 0.231992 16.429997
0.560223 3.151367 0.127764 16.998560
0.902116 5.585162 1.010552 28.837402
0.916871 5.360314 0.922455 28.506679
0.744242 4.472031 0.500433 23.343076
1.418412 8.385608 2.569102 45.167632
0.461008 2.007435 0.433317 12.817219
0.559476 2.510311 0.269417 15.810597
0.464643 2.468915 0.575694 13.774721
0.407856 2.302158 0.660118 12.431536
0.520358 3.105204 0.581356 16.340968
0.549567 2.555405 0.262053 15.706298
0.514158 2.089235 0.080564 14.165645
0.423893 2.377866 -0.212549 12.747797
0.442377 1.722510 -0.072845 11.854795
0.500468 2.217198 0.030409 14.150015
0.371728 1.793798 -0.262860 10.586601
0.558239 3.098613 0.198312 16.851548
0.532813 3.188216 0.492519 16.550377
0.517927 3.098101 0.554529 16.167906
0.683322 4.238620 0.316213 21.766807
0.745846 5.038540 0.111179 24.134884
0.700635 4.622827 0.132823 22.507005
0.876429 6.011651 0.034343 28.529587
1.089248 7.619699 -0.243528 35.874997
0.535457 3.108856 0.296785 16.387651
0.560424 3.183811 0.180863 17.040707
0.532719 2.980864 0.213740 16.114123
0.531871 2.925620 0.237792 16.010712
0.674263 4.383652 0.138231 21.566323
0.219053 1.182820 -0.420397 6.390695
0.337642 1.973101 -0.418403 10.469037
0.359276 2.125475 -0.413681 11.165760
1.184976 6.429673 1.353324 36.732378
1.177155 6.407737 1.320949 36.729297
0.736323 4.180616 0.156181 22.759951
0.570528 3.314297 -0.143475 17.697562
0.895163 5.069923 0.585053 27.861264
0.914519 5.038884 0.554431 28.064619
0.923364 5.695681 1.061646 29.445830
0.744131 4.471672 0.500471 23.341120
0.897890 5.199872 0.824072 28.090505
0.661691 3.879485 0.097684 20.502001
0.489809 2.911460 -0.125716 15.122314
0.596929 3.621604 0.277214 18.573787
0.580891 3.188082 0.299264 17.501993
0.600921 3.609550 0.373299 18.635959
2.391433 12.055613 5.950009 74.167573
2.402242 13.960970 5.991915 76.794131
1.418380 8.385842 2.569323 45.168456
1.836339 12.367888 3.591079 60.261033
1.000000 7.969558 0.697246 34.564103
1.836641 12.369144 3.591935 60.268605
0.920610 5.762418 1.096906 29.333474
1.587199 10.999125 2.846795 52.597119
1.000000 7.969558 0.697246 34.564103
2.338507 11.468234 5.643147 72.349288
2.780372 14.978849 7.325301 86.732310
3.195043 15.331281 8.971443 98.125482
3.334180 14.755332 9.181401 100.684809
2.273962 10.231473 4.878723 69.127709
1.962923 10.441675 4.460745 61.393921
1.461256 7.775456 2.383523 45.246863
2.506439 14.475316 6.365110 79.819741
1.536689 8.539229 2.992911 48.483752
1.696407 9.798355 3.472603 53.714120
1.101591 6.167445 1.362573 34.126756
0.570469 3.313844 -0.145140 17.704776
0.490158 2.912788 -0.125553 15.130140
0.544176 3.240537 -0.115762 16.980843
0.562631 3.351579 -0.088082 17.544162
0.654993 3.852935 0.043739 20.506651
0.508685 3.006994 -0.228929 15.964091
0.443755 2.309202 -0.311258 13.054518
0.376377 2.132937 -0.364151 11.453803
0.361459 1.800256 -0.252212 10.415167
0.423383 2.359607 -0.226195 12.727354
1.670329 10.644988 3.331548 54.118350
1.000000 7.969558 0.697246 34.564103
1.000000 7.969558 0.697246 34.564103
1.000000 7.969558 0.697246 34.564103
1.000000 7.969558 0.697246 34.564103
1.000000 7.969558 0.697246 34.564103
1.000000 7.969558 0.697246 34.564103
1.000000 7.969558 0.697246 34.564103
1.000000 7.969558 0.697246 34.564103
1.000000 7.969558 0.697246 34.564103
0.539431 2.734985 0.411230 15.755940
0.253596 1.282747 -0.415085 7.245427
0.456227 2.506764 0.554547 13.710638
1.561490 10.952604 -0.975279 51.585031
1.686749 12.510356 -0.709029 56.635064
1.561567 10.952627 -0.975438 51.585857
1.677946 12.004478 -1.067643 55.787568
1.495980 10.679053 -0.785638 49.661347
0.560734 3.184538 0.180944 17.046423
0.518004 3.036370 0.167449 15.899249
0.505385 2.993637 0.259193 15.556090
0.762461 4.890855 0.145346 24.540631
0.856569 5.713944 0.025930 27.814899
0.529751 2.800834 0.391782 15.712452
0.533551 3.107564 0.426261 16.376988
0.580096 2.910383 0.256538 16.956515
0.670082 3.842464 0.482689 20.810516
1.853102 10.566426 -2.170492 58.225259
1.276493 7.181796 -0.597391 39.724238
2.213075 12.281967 -3.177121 69.005659
1.468840 9.322911 -1.177829 47.221689
1.070208 6.456304 -0.235309 33.819080
2.198368 14.331862 -2.547993 70.801972
1.301996 7.352810 -0.660528 40.224735
1.529123 10.363964 -1.079182 49.921968
2.029011 12.679413 -2.534686 65.156587
1.990097 12.176768 -2.441753 63.439023
2.155931 14.668701 -2.313686 70.632149
1.000000 7.969558 0.697246 34.564103
1.059835 8.391737 0.613875 36.449576
1.092144 8.545756 0.545431 37.244322
1.092278 8.546524 0.545270 37.247781
2.119236 14.695763 -2.051077 69.603843
1.096276 7.065935 -0.415448 35.396046
1.520341 10.309132 -1.062861 49.659076
0.856502 5.713863 0.025926 27.814197
1.660156 12.074613 -0.812950 55.302241
0.569288 2.909345 0.246148 16.745927
0.536913 3.115618 0.435012 16.459620
0.576710 3.190198 0.311249 17.362217
0.599848 3.778950 0.297717 19.080976
0.657723 4.320369 0.232953 21.224504
0.563881 3.166157 0.286020 17.076629
0.762375 4.890680 0.145294 24.539395
0.600125 3.780010 0.297626 19.087085
0.934412 6.330416 -0.039307 30.379738
1.477746 10.044718 -0.986126 48.381163
0.879632 6.036160 0.031094 28.634086
0.585424 3.543325 0.249248 18.261819
0.657023 4.301182 0.232114 21.166877
0.595115 3.699823 0.230136 18.757924
0.539548 2.854994 0.215611 16.040049
0.597024 3.632122 0.203614 18.634337
0.597530 3.633486 0.203500 18.644674
0.712083 4.262714 0.373221 22.416810
0.748501 4.625101 0.237979 23.759945
0.511646 3.025484 0.581808 15.994519
0.624674 3.923150 0.518574 19.742065
0.611146 3.879170 0.502017 19.373962
0.820377 5.534907 0.938524 26.718943
1.262835 8.826899 1.985636 41.877109
0.571399 3.089014 0.226096 17.084937
0.589778 3.456835 0.295474 18.159780
0.525952 2.797639 0.387766 15.636644
0.569937 2.890354 0.238937 16.735459
0.556423 2.763440 0.110180 16.196103
0.557351 2.787276 0.223234 16.316266
0.583920 3.196111 0.176720 17.554701
1.202211 8.293524 1.851973 39.682193
0.380348 1.171315 0.358016 9.831425
0.269974 1.086587 0.530568 7.234291
0.333558 1.643124 0.731912 9.584360
0.331440 1.545672 0.655137 9.545838
0.487086 2.247118 0.422453 13.758049
0.525235 2.098475 0.354925 14.371449
0.376899 1.991364 0.694694 11.157327
0.389959 2.078172 0.772179 11.690275
0.410368 2.290337 0.678810 12.484425
0.383536 2.089485 0.737998 11.555242
0.458925 2.590872 0.678018 14.043019
0.315131 1.475480 0.738644 8.882451
0.327514 1.629694 0.742868 9.437538
0.329190 1.037483 0.648117 8.462899
0.306745 1.468504 0.677704 8.813412
0.335979 1.280114 0.373351 8.995833
0.299058 1.404809 0.651287 8.586867
0.362022 1.568185 0.764554 10.009243
0.273317 1.321399 0.737940 7.869888
0.342028 1.551325 0.721007 9.591519
0.418380 2.133775 0.793880 12.309139
0.365048 1.681221 0.664410 10.383606
0.518428 2.906839 0.671555 15.841470
0.386482 2.092355 0.757158 11.658710
0.339286 1.742391 0.707416 9.949704
0.331904 1.708060 0.731675 9.750557
0.540077 2.997481 0.692226 16.509186
0.392565 2.130063 0.758383 11.844302
0.386878 2.004696 0.778295 11.397997
0.333364 1.641541 0.731798 9.579330
0.348195 1.558151 0.649895 9.762614
0.324110 1.541089 0.663741 9.301515
0.526668 2.865231 0.715921 16.021804
0.325660 1.521048 0.662634 9.321028
0.588128 3.642344 0.447890 18.464026
0.761206 5.007005 0.808401 24.559142
1.450990 10.053819 2.480781 48.078031
0.960075 6.361124 1.265385 31.175471
1.585954 10.973998 2.839043 52.499007
1.354319 10.233990 1.757888 45.981383
1.354183 10.233240 1.757504 45.977603
1.223476 9.495201 1.300161 41.909637
1.000000 7.969558 0.697246 34.564103
0.600613 3.608513 0.372993 18.629448
0.690099 4.424187 0.636109 22.030912
0.748320 4.759744 0.659714 23.923278
0.540994 3.236074 -0.059656 16.763924
0.866718 5.736466 1.041622 28.092096
0.932569 6.095337 1.180605 30.218814
0.689303 4.415938 0.633202 22.008202
0.932458 6.094997 1.180486 30.216790
0.527943 2.967557 0.220865 15.996768
0.560798 3.301178 0.339833 17.261140
0.537702 2.934465 0.228408 16.144166
0.566209 3.235775 0.175923 17.256556
0.544270 2.943074 0.243855 16.299004
0.574286 3.177739 0.308005 17.359005
0.551985 2.870825 0.244838 16.331945
0.555379 3.047385 0.196081 16.694075
0.558989 2.859901 0.231295 16.456884
0.561747 2.879583 0.228414 16.550797
0.624852 3.926459 0.520136 19.748508
0.566156 3.308694 0.329106 17.377878
0.530297 3.130317 0.318576 16.322386
0.586285 3.596549 0.120220 18.296411
1.205902 8.532313 -0.377358 39.880157
0.809189 5.443212 0.089630 26.257006
1.131257 7.908873 -0.303021 37.207946
1.609703 11.272473 -1.059377 53.089670
1.131345 7.909030 -0.303128 37.209189
1.384321 9.912512 -0.605022 46.005777
0.935190 6.537760 -0.060060 30.723087
1.205998 8.532477 -0.377531 39.881509
0.762131 5.182584 0.048490 24.732849
0.700592 4.626587 0.133250 22.514883
0.635428 4.083080 0.107924 20.160935
0.935003 6.537057 -0.059811 30.719187
0.635638 4.083662 0.107785 20.164656
0.587954 3.613297 0.117508 18.359221
0.809324 5.443650 0.089580 26.259536
1.496055 10.679108 -0.785835 49.662240
1.062162 8.413905 0.627501 36.522305
1.018154 8.108230 0.683879 35.166631
1.000000 7.969558 0.697246 34.564103
1.159143 9.138182 0.525198 39.722611
1.723783 12.831416 -0.751977 58.004197
1.569901 11.507714 -0.694970 52.560351
1.530175 10.999478 -0.813058 50.950187
1.149039 9.038771 0.519003 39.300659
1.702491 12.596717 -0.749324 57.087019
1.443935 11.134263 0.008183 49.074606
1.056060 8.382361 0.643059 36.372903
1.000000 7.969558 0.697246 34.564103
1.116793 7.946284 -0.248061 36.976334
0.074488 0.328379 0.256899 1.981567
0.127133 0.501701 0.361620 3.269334
0.754418 3.965444 0.526066 22.537396
0.547776 3.367875 0.140338 17.088003
0.521737 3.053166 0.161542 16.001542
0.746129 5.039719 0.110840 24.141258
5.764520 6.892179 -8.467800 166.320945
3.093185 16.095846 -6.175516 96.522077
1.278905 9.620288 0.158195 42.559742
2.950730 16.719457 -5.368173 92.469172
1.272504 9.701168 0.207518 42.681159
1.000000 7.969558 0.697246 34.564103
1.000000 7.969558 0.697246 34.564103
2.197698 14.329038 -2.546551 70.785299
1.000000 7.969558 0.697246 34.564103
0.750682 4.613503 0.272162 23.886727
0.806276 4.926489 0.207267 25.527543
0.715271 4.278870 0.369919 22.503223
0.843493 4.994062 0.192272 26.398280
0.564107 3.284788 0.553896 17.501354
1.198379 7.169003 -0.476902 37.720572
1.096277 7.066312 -0.415626 35.397486
1.468808 9.322266 -1.177575 47.219045
1.948570 13.328091 -1.825267 63.769596
1.710329 11.931868 -0.991464 55.330658
1.069177 6.461312 -0.246453 33.771254
0.838618 4.949598 0.210613 26.338217
1.783590 10.265374 -2.017828 56.355810
1.059899 6.139664 -0.171090 33.078184
1.059871 6.139767 -0.171224 33.078806
0.316880 1.553966 0.741715 9.080524
2.846246 16.192983 -5.040775 89.475617
0.380133 1.865499 0.692959 10.901508
0.467493 1.742014 0.346557 12.535006
0.342149 1.714319 0.713068 9.933997
0.670596 3.858527 0.465705 20.762334
0.373354 1.986121 0.684103 11.072631
0.563002 3.266356 0.567732 17.520539
0.503142 2.943394 0.597095 15.684636
1.000000 7.969558 0.697246 34.564103
1.000000 7.969558 0.697246 34.564103
1.000000 7.969558 0.697246 34.564103
1.000000 7.969558 0.697246 34.564103
1.000000 7.969558 0.697246 34.564103
1.000000 7.969558 0.697246 34.564103
1.000000 7.969558 0.697246 34.564103
1.000000 7.969558 0.697246 34.564103
1.000000 7.969558 0.697246 34.564103
1.000000 7.969558 0.697246 34.564103
1.000000 7.969558 0.697246 34.564103
1.000000 7.969558 0.697246 34.564103
1.000000 7.969558 0.697246 34.564103
1.000000 7.969558 0.697246 34.564103
1.000000 7.969558 0.697246 34.564103
1.000000 7.969558 0.697246 34.564103
2.961697 10.960213 -1.238075 82.571105
1.759426 10.295757 -0.695706 52.473005
1.000000 7.969558 0.697246 34.564103
1.000000 7.969558 0.697246 34.564103
1.000000 7.969558 0.697246 34.564103
1.000000 7.969558 0.697246 34.564103
1.028917 8.106974 0.669999 35.246385
1.384397 9.912555 -0.605201 46.006578
1.719257 12.872109 -0.687706 57.990945
1.000000 7.969558 0.697246 34.564103
1.017133 8.099165 0.682938 35.127844
1.000000 7.969558 0.697246 34.564103
1.000000 7.969558 0.697246 34.564103
1.000000 7.969558 0.697246 34.564103
1.000000 7.969558 0.697246 34.564103
1.000000 7.969558 0.697246 34.564103
1.000000 7.969558 0.697246 34.564103
1.000000 7.969558 0.697246 34.564103
1.000000 7.969558 0.697246 34.564103
1.000000 7.969558 0.697246 34.564103
1.000000 7.969558 0.697246 34.564103
1.000000 7.969558 0.697246 34.564103
1.000000 7.969558 0.697246 34.564103
1.000000 7.969558 0.697246 34.564103
1.000000 7.969558 0.697246 34.564103
1.000000 7.969558 0.697246 34.564103
1.000000 7.969558 0.697246 34.564103
1.000000 7.969558 0.697246 34.564103
1.000000 7.969558 0.697246 34.564103
1.000000 7.969558 0.697246 34.564103
4.535103 14.441241 -8.367249 128.213193
2.685394 14.760402 -3.991230 81.692484
2.399498 10.509407 -3.740861 72.549215
3.431969 16.352834 -6.195866 102.081290
3.077283 16.550114 -5.807741 94.724666
2.674373 9.330695 -5.147147 81.495669
0.818071 3.495412 -0.741181 22.224632
2.867292 8.430551 -6.215124 87.230980
1.000000 7.969558 0.697246 34.564103
1.000000 7.969558 0.697246 34.564103
1.000000 7.969558 0.697246 34.564103
1.000000 7.969558 0.697246 34.564103
1.734114 11.780244 -0.944091 55.031530
3.343919 17.048361 -6.969148 103.436753
3.230965 14.745081 -6.175035 98.805227
4.217228 10.257478 -8.728415 123.732430
1.319048 9.801194 0.094661 43.532373
4.068989 14.833028 -8.542966 118.988016
2.224211 12.047934 -2.369391 65.907664
5.345491 9.789857 -9.035469 152.839876
3.403269 9.805868 -6.155219 100.825038
5.022569 8.263242 -9.716742 147.161049
1.000000 7.969558 0.697246 34.564103
1.061474 8.407975 0.614214 36.520546
1.948839 13.329082 -1.825901 63.775734
2.202841 14.701886 -2.513501 71.717113
1.000000 7.969558 0.697246 34.564103
1.000000 7.969558 0.697246 34.564103
1.000000 7.969558 0.697246 34.564103
1.014871 8.082182 0.687221 35.048973
1.000000 7.969558 0.697246 34.564103
1.000000 7.969558 0.697246 34.564103
1.723585 12.830453 -0.751495 57.999205
1.014523 8.078866 0.687070 35.034049
1.001289 7.979486 0.696673 34.606588
1.000000 7.969558 0.697246 34.564103
1.000000 7.969558 0.697246 34.564103
1.000000 7.969558 0.697246 34.564103
1.000000 7.969558 0.697246 34.564103
1.000000 7.969558 0.697246 34.564103
1.000000 7.969558 0.697246 34.564103
1.000000 7.969558 0.697246 34.564103
1.000000 7.969558 0.697246 34.564103
1.000000 7.969558 0.697246 34.564103
1.000000 7.969558 0.697246 34.564103
1.000000 7.969558 0.697246 34.564103
1.000000 7.969558 0.697246 34.564103
1.000000 7.969558 0.697246 34.564103
1.000000 7.969558 0.697246 34.564103
1.000000 7.969558 0.697246 34.564103
1.000000 7.969558 0.697246 34.564103
1.000000 7.969558 0.697246 34.564103
1.000000 7.969558 0.697246 34.564103
1.000000 7.969558 0.697246 34.564103
1.000000 7.969558 0.697246 34.564103
1.000000 7.969558 0.697246 34.564103
1.000000 7.969558 0.697246 34.564103
1.000000 7.969558 0.697246 34.564103
1.000000 7.969558 0.697246 34.564103
1.000000 7.969558 0.697246 34.564103
1.000000 7.969558 0.697246 34.564103
1.000000 7.969558 0.697246 34.564103
1.000000 7.969558 0.697246 34.564103
1.000000 7.969558 0.697246 34.564103
1.000000 7.969558 0.697246 34.564103
1.000000 7.969558 0.697246 34.564103
1.000000 7.969558 0.697246 34.564103
1.000000 7.969558 0.697246 34.564103
1.000000 7.969558 0.697246 34.564103
1.000000 7.969558 0.697246 34.564103
1.000000 7.969558 0.697246 34.564103
1.000000 7.969558 0.697246 34.564103
1.000000 7.969558 0.697246 34.564103
1.000000 7.969558 0.697246 34.564103
1.000000 7.969558 0.697246 34.564103
0.141408 0.701417 0.328834 3.828736
0.518333 2.562968 -0.121229 14.759187
1.486330 6.335521 -1.174508 43.638002
2.470381 9.673900 -4.467030 75.419920
1.536141 6.823094 -1.223863 45.467801
0.206131 1.100054 0.194814 5.642543
0.823031 3.882778 0.237244 23.788540
0.787859 3.784880 0.291441 22.931438
0.114002 0.611800 0.234829 3.138428
0.463118 2.298384 0.695759 13.439077
2.990304 10.434198 -5.487694 89.117779
0.911268 4.507475 0.201650 27.058245
1.447124 6.606918 -1.084464 43.253245
0.976747 4.782539 0.220229 28.732196
0.156312 0.725869 0.377469 4.184395
0.463198 2.298609 0.695874 13.440621
0.238283 1.108002 0.656893 6.753543
0.291924 1.411228 0.741644 8.434415
0.273923 1.349072 0.707673 8.052027
0.430308 2.170247 0.796065 12.645786
0.411352 2.119027 0.791497 12.097889
0.302927 1.436407 0.735988 8.593108
0.434000 2.228546 0.790980 12.702185
0.452067 2.287018 0.793328 13.180559
0.850901 4.371976 0.390481 25.351339
0.746454 3.322881 -0.784222 20.584315
0.103001 0.516749 0.281357 2.819818
0.532320 2.653500 0.780142 15.421390
0.227845 1.165639 0.252924 6.149458
0.813381 4.142693 0.450046 24.349652
4.243666 13.901105 -8.944741 124.778893
0.657462 3.525665 0.609684 19.825189
0.658357 3.521029 0.620909 19.881420
1.431052 7.004596 -0.871232 43.063887
2.320556 11.274896 -3.189674 71.104892
2.125163 11.160303 -2.899325 65.829166
3.802770 11.574045 -8.278411 112.514134
3.636795 14.303829 -7.911294 109.785162
1.630295 7.418559 -1.161946 48.327625
2.808174 10.879157 -4.530504 83.723045
3.626843 13.149132 -7.582232 108.615832
3.078871 13.102625 -6.274593 94.512226
1.384585 6.658244 -0.670244 41.738857
2.323863 9.922468 -3.450385 70.810635
2.011012 9.461556 -2.742189 61.963130
2.074263 10.978385 -2.775711 64.493004
0.334717 1.593488 0.670656 9.633825
0.326677 1.587739 0.737806 9.328103
0.369758 1.651088 0.668094 10.538384
0.467964 1.994795 0.721470 12.880846
0.533805 2.897516 0.713353 16.207453
0.393302 2.095337 0.772243 11.781150
0.411720 2.131460 0.778726 12.084269
1.244976 6.338345 -0.491510 37.995491
0.460803 2.592558 0.696719 14.140691
0.519101 2.894382 0.701933 15.936818
1.350875 6.954535 -0.583731 40.924102
1.138102 6.056967 -0.170220 34.908551
1.126398 6.040988 -0.196418 34.578465
0.799404 4.450541 0.393999 24.704152
0.722032 3.802451 0.536328 21.806163
0.760101 4.268791 0.435734 23.632053
0.762735 4.323182 0.377164 23.516438
0.238224 1.107814 0.656789 6.752339
1.000000 7.969558 0.697246 34.564103
