1.000000 7.969558 0.697246 34.564103
1.000000 7.969558 0.697246 34.564103
1.000000 7.969558 0.697246 34.564103
1.000000 7.969558 0.697246 34.564103
1.000000 7.969558 0.697246 34.564103
1.399842 9.971830 -0.065768 45.105316
3.533004 16.463948 -6.425462 104.783048
2.961355 16.681902 -5.507749 92.930463
3.463499 15.133558 -6.531803 104.405624
2.026701 10.224518 -2.433333 62.869060
1.336614 5.978134 -0.933155 39.811369
1.315083 9.484949 0.166030 42.601205
1.000000 7.969558 0.697246 34.564103
1.477528 10.212126 -0.158734 46.760057
1.040735 8.194785 0.629612 35.627262
2.425632 12.058434 -2.502692 69.118349
3.140398 14.978977 -4.539830 91.462748
2.542342 12.153987 -1.678798 71.921767
1.000000 7.969558 0.697246 34.564103
1.000000 7.969558 0.697246 34.564103
1.000000 7.969558 0.697246 34.564103
1.000000 7.969558 0.697246 34.564103
1.000000 7.969558 0.697246 34.564103
1.000000 7.969558 0.697246 34.564103
1.000000 7.969558 0.697246 34.564103
1.000000 7.969558 0.697246 34.564103
1.000000 7.969558 0.697246 34.564103
1.000000 7.969558 0.697246 34.564103
1.000000 7.969558 0.697246 34.564103
1.000000 7.969558 0.697246 34.564103
1.000000 7.969558 0.697246 34.564103
1.000000 7.969558 0.697246 34.564103
1.668837 12.117325 -0.838416 55.546056
1.000000 7.969558 0.697246 34.564103
1.000000 7.969558 0.697246 34.564103
1.000000 7.969558 0.697246 34.564103
1.276668 9.849516 0.261994 43.167756
1.000000 7.969558 0.697246 34.564103
5.478805 7.599878 -9.283514 159.302442
5.860085 8.744341 -8.183523 168.056804
4.736003 12.199954 -9.381986 135.101791
5.212243 9.625025 -9.351591 151.226633
5.415531 11.788873 -8.837076 152.770619
1.000000 7.969558 0.697246 34.564103
5.837434 6.754913 -5.917502 165.977185
1.000000 7.969558 0.697246 34.564103
1.000000 7.969558 0.697246 34.564103
1.000000 7.969558 0.697246 34.564103
1.000000 7.969558 0.697246 34.564103
1.000000 7.969558 0.697246 34.564103
1.000000 7.969558 0.697246 34.564103
1.000000 7.969558 0.697246 34.564103
1.564566 9.697885 0.469776 47.085903
6.453310 4.052132 -5.765585 186.255263
5.867900 6.484470 -4.929692 166.278889
6.113293 5.161101 -6.778524 175.543392
6.805236 2.911707 -3.112017 196.691287
6.450508 4.645095 -1.363926 182.393028
6.162496 4.875711 -4.031374 174.355517
4.877274 9.088683 -4.269339 136.235064
1.000000 7.969558 0.697246 34.564103
1.000000 7.969558 0.697246 34.564103
1.000000 7.969558 0.697246 34.564103
6.054648 5.804125 -7.694768 174.989859
5.383011 9.940316 -6.965209 151.393450
3.334562 11.836723 -0.793553 90.895009
4.739727 12.679937 -5.333370 128.664548
4.617011 11.611493 -8.936745 133.636698
5.585883 9.330833 -5.691847 158.033856
4.115788 12.876731 -6.500402 114.937990
6.398178 3.554087 -4.595524 182.776241
6.641242 2.961908 -1.489051 189.447386
1.000000 7.969558 0.697246 34.564103
1.000000 7.969558 0.697246 34.564103
1.000000 7.969558 0.697246 34.564103
1.000000 7.969558 0.697246 34.564103
1.000000 7.969558 0.697246 34.564103
1.000000 7.969558 0.697246 34.564103
1.000000 7.969558 0.697246 34.564103
1.000000 7.969558 0.697246 34.564103
1.000000 7.969558 0.697246 34.564103
1.000000 7.969558 0.697246 34.564103
6.181096 5.475101 -2.632979 173.668083
6.811469 2.268386 0.195666 195.690201
6.211991 4.770025 1.539180 174.146991
6.559481 2.133746 3.749019 186.647688
1.000000 7.969558 0.697246 34.564103
4.640836 9.054139 3.945004 126.800292
5.834227 8.164173 6.124498 161.988925
1.000000 7.969558 0.697246 34.564103
4.521720 10.813702 -0.312072 120.805403
5.248640 8.275867 -1.296216 143.501904
6.799166 1.831779 2.884940 195.366092
6.480094 3.397574 1.826090 183.430563
6.596174 2.188194 1.506826 187.553475
6.475289 4.651710 4.096340 183.909778
6.401160 4.089628 5.034333 181.238378
6.397521 3.464911 3.085188 180.680907
6.477699 2.621047 4.702300 183.851088
6.672295 2.536941 5.832314 191.531851
6.416380 3.259915 7.105063 182.866869
6.384210 4.927867 6.036470 180.439535
6.366387 3.638021 8.192666 182.321445
1.000000 7.969558 0.697246 34.564103
6.397381 6.505276 6.493573 180.277677
1.000000 7.969558 0.697246 34.564103
5.795495 7.273494 10.826781 164.259813
6.375184 4.355023 7.027433 180.805370
5.940717 4.878752 9.765464 169.519249
1.000000 7.969558 0.697246 34.564103
1.000000 7.969558 0.697246 34.564103
1.000000 7.969558 0.697246 34.564103
1.000000 7.969558 0.697246 34.564103
1.000000 7.969558 0.697246 34.564103
1.000000 7.969558 0.697246 34.564103
1.000000 7.969558 0.697246 34.564103
1.000000 7.969558 0.697246 34.564103
1.000000 7.969558 0.697246 34.564103
1.000000 7.969558 0.697246 34.564103
1.000000 7.969558 0.697246 34.564103
1.000000 7.969558 0.697246 34.564103
1.000000 7.969558 0.697246 34.564103
1.000000 7.969558 0.697246 34.564103
1.000000 7.969558 0.697246 34.564103
1.000000 7.969558 0.697246 34.564103
1.000000 7.969558 0.697246 34.564103
1.000000 7.969558 0.697246 34.564103
1.000000 7.969558 0.697246 34.564103
1.000000 7.969558 0.697246 34.564103
1.000000 7.969558 0.697246 34.564103
1.000000 7.969558 0.697246 34.564103
1.000000 7.969558 0.697246 34.564103
1.000000 7.969558 0.697246 34.564103
1.000000 7.969558 0.697246 34.564103
1.000000 7.969558 0.697246 34.564103
1.000000 7.969558 0.697246 34.564103
1.000000 7.969558 0.697246 34.564103
1.000000 7.969558 0.697246 34.564103
1.150501 8.839466 0.404986 38.782460
1.000000 7.969558 0.697246 34.564103
5.744085 5.613863 10.341026 163.590339
1.000000 7.969558 0.697246 34.564103
1.000000 7.969558 0.697246 34.564103
5.455263 9.242246 0.085287 149.236837
5.953700 6.751462 3.833974 166.487810
1.000000 7.969558 0.697246 34.564103
1.000000 7.969558 0.697246 34.564103
1.000000 7.969558 0.697246 34.564103
5.605464 8.750835 11.683396 159.570124
4.907763 7.575973 10.984337 140.363820
1.684407 7.324476 2.722382 49.853918
2.839609 8.476027 7.595493 85.708739
0.845531 4.019138 1.765868 24.691219
5.685130 9.621163 12.084716 160.995290
5.004202 9.390040 11.487656 143.749656
4.720909 8.234553 11.066016 135.963546
4.551629 11.858000 11.538695 132.535569
5.493902 6.205390 10.677848 156.659256
5.347358 6.997218 11.033357 152.622067
6.100439 5.257145 8.864091 172.573394
6.104514 6.306722 9.608587 172.707203
6.106011 4.322297 9.083193 173.855140
5.803071 6.444794 10.239875 164.443676
2.138455 10.789548 2.462859 60.802267
5.181716 10.724960 6.887979 139.514361
1.618049 10.257336 2.502252 49.645753
4.692810 11.256192 9.232530 129.879260
5.149967 11.082417 10.590554 143.697854
1.000000 7.969558 0.697246 34.564103
1.000000 7.969558 0.697246 34.564103
1.000000 7.969558 0.697246 34.564103
1.000000 7.969558 0.697246 34.564103
1.000000 7.969558 0.697246 34.564103
1.000000 7.969558 0.697246 34.564103
1.000000 7.969558 0.697246 34.564103
1.000000 7.969558 0.697246 34.564103
1.000000 7.969558 0.697246 34.564103
1.000000 7.969558 0.697246 34.564103
1.000000 7.969558 0.697246 34.564103
1.000000 7.969558 0.697246 34.564103
1.110156 8.405423 0.809010 37.032508
4.259295 11.444289 7.745000 115.865966
6.209577 6.547546 7.884117 173.944744
6.066753 8.351811 10.509021 170.158502
1.762116 10.037751 1.920345 51.897960
1.000000 7.969558 0.697246 34.564103
1.000000 7.969558 0.697246 34.564103
1.000000 7.969558 0.697246 34.564103
1.000000 7.969558 0.697246 34.564103
1.000000 7.969558 0.697246 34.564103
1.000000 7.969558 0.697246 34.564103
1.000000 7.969558 0.697246 34.564103
1.000000 7.969558 0.697246 34.564103
1.000000 7.969558 0.697246 34.564103
1.000000 7.969558 0.697246 34.564103
1.000000 7.969558 0.697246 34.564103
1.000000 7.969558 0.697246 34.564103
1.000000 7.969558 0.697246 34.564103
1.000000 7.969558 0.697246 34.564103
1.000000 7.969558 0.697246 34.564103
1.000000 7.969558 0.697246 34.564103
1.000000 7.969558 0.697246 34.564103
1.000000 7.969558 0.697246 34.564103
1.000000 7.969558 0.697246 34.564103
1.000000 7.969558 0.697246 34.564103
1.000000 7.969558 0.697246 34.564103
1.000000 7.969558 0.697246 34.564103
1.000000 7.969558 0.697246 34.564103
1.000000 7.969558 0.697246 34.564103
1.000000 7.969558 0.697246 34.564103
1.000000 7.969558 0.697246 34.564103
1.000000 7.969558 0.697246 34.564103
1.000000 7.969558 0.697246 34.564103
1.000000 7.969558 0.697246 34.564103
1.000000 7.969558 0.697246 34.564103
1.000000 7.969558 0.697246 34.564103
1.000000 7.969558 0.697246 34.564103
5.236006 11.712197 13.042167 149.716021
5.175213 11.888985 13.227099 149.190284
4.719349 13.538271 11.805961 133.943184
1.000000 7.969558 0.697246 34.564103
1.000000 7.969558 0.697246 34.564103
1.000000 7.969558 0.697246 34.564103
1.000000 7.969558 0.697246 34.564103
1.000000 7.969558 0.697246 34.564103
1.000000 7.969558 0.697246 34.564103
1.000000 7.969558 0.697246 34.564103
1.000000 7.969558 0.697246 34.564103
1.000000 7.969558 0.697246 34.564103
1.000000 7.969558 0.697246 34.564103
1.000000 7.969558 0.697246 34.564103
1.000000 7.969558 0.697246 34.564103
1.000000 7.969558 0.697246 34.564103
1.000000 7.969558 0.697246 34.564103
1.000000 7.969558 0.697246 34.564103
1.298021 9.039646 0.965842 41.231152
1.000000 7.969558 0.697246 34.564103
1.000000 7.969558 0.697246 34.564103
1.000000 7.969558 0.697246 34.564103
1.000000 7.969558 0.697246 34.564103
1.000000 7.969558 0.697246 34.564103
1.000000 7.969558 0.697246 34.564103
1.350718 9.909987 1.710456 44.699563
1.212005 9.317169 1.276100 41.129775
1.000000 7.969558 0.697246 34.564103
1.000000 7.969558 0.697246 34.564103
1.000000 7.969558 0.697246 34.564103
1.000000 7.969558 0.697246 34.564103
1.000000 7.969558 0.697246 34.564103
1.000000 7.969558 0.697246 34.564103
1.000000 7.969558 0.697246 34.564103
1.000000 7.969558 0.697246 34.564103
1.000000 7.969558 0.697246 34.564103
1.000000 7.969558 0.697246 34.564103
1.000000 7.969558 0.697246 34.564103
5.838889 8.264510 11.016837 164.461728
5.482720 7.669942 11.083655 155.804285
5.790839 11.749215 12.731733 163.673053
5.478830 10.916436 13.026403 157.048989
3.235528 11.235239 8.014706 96.435687
1.979258 11.552538 3.370047 59.688270
4.255531 14.499238 11.818854 123.961265
1.415910 9.829818 1.781053 45.337034
2.387876 11.982407 4.862967 70.603463
2.654409 13.189106 5.706930 78.926076
1.000000 7.969558 0.697246 34.564103
1.205709 9.115878 1.250050 40.331383
1.000000 7.969558 0.697246 34.564103
1.000000 7.969558 0.697246 34.564103
2.564951 14.568429 6.480689 80.597474
1.143990 8.881608 1.109216 39.047149
1.000000 7.969558 0.697246 34.564103
1.000000 7.969558 0.697246 34.564103
1.000000 7.969558 0.697246 34.564103
1.000000 7.969558 0.697246 34.564103
1.000000 7.969558 0.697246 34.564103
1.035716 8.111735 0.852859 35.396011
1.254243 9.042206 1.393398 40.717894
4.128497 13.598813 8.706355 114.388397
1.000000 7.969558 0.697246 34.564103
1.550967 10.466448 2.391949 49.180348
5.837309 9.262386 11.869491 164.900219
4.268479 13.404336 9.512260 120.089513
5.133600 13.286663 12.721166 146.014397
5.158135 9.418310 11.862153 147.227005
4.115987 10.240507 10.613593 120.338676
1.259445 9.277719 1.374215 41.422620
1.000000 7.969558 0.697246 34.564103
1.000000 7.969558 0.697246 34.564103
2.479160 11.769114 4.164245 71.148450
1.000000 7.969558 0.697246 34.564103
1.000000 7.969558 0.697246 34.564103
1.000000 7.969558 0.697246 34.564103
1.000000 7.969558 0.697246 34.564103
1.000000 7.969558 0.697246 34.564103
1.000000 7.969558 0.697246 34.564103
1.000000 7.969558 0.697246 34.564103
1.000000 7.969558 0.697246 34.564103
1.000000 7.969558 0.697246 34.564103
4.189885 11.229893 0.229629 111.432417
6.346661 5.951867 -0.060053 178.149478
4.863816 7.835052 1.503874 131.587322
4.038797 11.291241 3.626462 107.939870
6.282316 8.075022 8.940746 175.434911
6.290291 5.240093 8.010147 177.818512
6.131010 7.592527 9.726964 172.101140
5.447781 10.196945 9.063356 149.489864
1.000000 7.969558 0.697246 34.564103
2.322213 10.456343 1.796707 65.089066
1.548555 9.862414 1.884220 47.283780
3.217687 13.374395 8.711678 98.023557
2.273004 10.204272 4.838448 69.075285
2.582067 11.593934 6.251812 79.062867
1.000000 7.969558 0.697246 34.564103
1.000000 7.969558 0.697246 34.564103
0.889550 4.144504 1.779616 25.698295
1.000000 7.969558 0.697246 34.564103
1.000000 7.969558 0.697246 34.564103
1.000000 7.969558 0.697246 34.564103
1.000000 7.969558 0.697246 34.564103
1.000000 7.969558 0.697246 34.564103
1.000000 7.969558 0.697246 34.564103
1.000000 7.969558 0.697246 34.564103
1.000000 7.969558 0.697246 34.564103
1.000000 7.969558 0.697246 34.564103
1.000000 7.969558 0.697246 34.564103
1.000000 7.969558 0.697246 34.564103
1.000000 7.969558 0.697246 34.564103
1.000000 7.969558 0.697246 34.564103
1.000000 7.969558 0.697246 34.564103
1.000000 7.969558 0.697246 34.564103
1.000000 7.969558 0.697246 34.564103
1.000000 7.969558 0.697246 34.564103
1.000000 7.969558 0.697246 34.564103
1.000000 7.969558 0.697246 34.564103
1.000000 7.969558 0.697246 34.564103
1.000000 7.969558 0.697246 34.564103
1.000000 7.969558 0.697246 34.564103
1.000000 7.969558 0.697246 34.564103
1.000000 7.969558 0.697246 34.564103
1.000000 7.969558 0.697246 34.564103
1.000000 7.969558 0.697246 34.564103
1.000000 7.969558 0.697246 34.564103
1.000000 7.969558 0.697246 34.564103
1.000000 7.969558 0.697246 34.564103
1.000000 7.969558 0.697246 34.564103
1.000000 7.969558 0.697246 34.564103
1.000000 7.969558 0.697246 34.564103
1.562815 11.532864 2.443610 52.745955
1.000000 7.969558 0.697246 34.564103
1.000000 7.969558 0.697246 34.564103
1.000000 7.969558 0.697246 34.564103
1.000000 7.969558 0.697246 34.564103
1.000000 7.969558 0.697246 34.564103
1.000000 7.969558 0.697246 34.564103
1.000000 7.969558 0.697246 34.564103
1.000000 7.969558 0.697246 34.564103
1.000000 7.969558 0.697246 34.564103
1.000000 7.969558 0.697246 34.564103
1.000000 7.969558 0.697246 34.564103
1.000000 7.969558 0.697246 34.564103
1.573816 11.433842 2.584344 52.876292
1.373684 10.507894 1.718864 46.789105
1.265402 9.766680 1.414577 43.210021
1.000000 7.969558 0.697246 34.564103
1.000000 7.969558 0.697246 34.564103
1.000000 7.969558 0.697246 34.564103
1.573007 11.314110 2.568895 52.585043
1.573393 11.315964 2.570014 52.595195
1.000000 7.969558 0.697246 34.564103
1.000000 7.969558 0.697246 34.564103
1.000000 7.969558 0.697246 34.564103
1.000000 7.969558 0.697246 34.564103
1.000000 7.969558 0.697246 34.564103
1.000000 7.969558 0.697246 34.564103
0.102459 0.418417 -0.274063 2.618205
0.062039 0.268109 -0.189118 1.623049
0.139675 0.696823 -0.324413 3.836406
0.156776 0.800833 -0.365697 4.353241
0.009504 0.039777 -0.040704 0.230682
1.150196 9.048515 1.052520 39.566715
1.000000 7.969558 0.697246 34.564103
1.181381 9.234332 1.158970 40.535784
1.181544 9.235377 1.159383 40.540658
0.091236 0.477577 -0.184036 2.407682
0.127348 0.644101 -0.274010 3.407428
0.583004 3.245589 -0.125649 17.753307
0.719861 3.869915 0.077591 21.719821
0.484952 2.600391 -0.168032 14.342816
0.176291 0.932848 -0.233630 4.835737
0.136299 0.748177 -0.083882 3.637760
0.059702 0.342531 -0.093667 1.600152
0.427831 2.327454 -0.289072 12.712387
0.218444 1.136581 -0.328251 6.055354
0.207772 1.087118 -0.330350 5.794562
0.160153 0.792517 -0.291776 4.239640
0.068414 0.320335 -0.219071 1.853127
0.533328 2.854343 0.705922 15.990991
0.079313 0.501202 0.011077 2.235042
0.564732 2.975151 0.173997 16.707379
0.058021 0.333800 -0.091579 1.556662
1.096870 6.109998 1.277037 34.115722
1.950682 10.204635 4.331159 60.776266
2.666863 15.512282 6.971425 85.066364
2.837043 15.375834 7.583719 88.490324
1.861706 9.322589 3.647193 57.263453
1.454969 7.732609 2.316598 45.229810
2.716281 12.791632 7.010575 83.211675
1.496124 10.520387 2.284633 49.022558
3.259630 15.527945 9.224502 99.807628
1.501561 10.502866 2.272340 48.972884
3.690049 13.716310 10.240073 110.973083
2.705794 14.690887 6.578141 82.626578
2.078322 12.926687 4.456435 65.939587
3.564609 14.676734 9.034396 104.963009
3.143601 12.823081 8.430526 96.200203
3.400189 14.630103 9.331667 102.650957
1.420755 7.048380 2.061365 43.376813
1.614167 8.088244 2.592800 49.597345
1.614062 8.099419 2.619949 49.486003
2.582458 11.594314 6.251023 79.068222
2.156960 9.438656 4.630838 65.946860
0.231125 1.212812 -0.385135 6.523605
0.204191 1.064202 -0.221242 5.518193
0.104999 0.539555 -0.203177 2.754552
0.476044 2.772138 -0.289775 14.773713
0.896361 5.073088 0.574077 27.887990
0.466694 2.654526 -0.303258 14.323894
0.628798 3.599727 -0.051297 19.439668
0.741024 4.194544 0.156625 22.808690
0.890199 4.914669 0.542305 27.562210
0.719035 3.881348 0.097151 21.653517
0.366344 2.023787 -0.348953 10.996436
0.144017 0.783603 -0.077420 3.813970
0.405180 1.201882 -0.079347 10.148525
0.191261 0.689724 -0.168645 4.716624
0.468212 1.427777 0.214021 12.137373
0.168974 0.687148 0.500624 4.540405
0.285357 1.600501 -0.413237 8.607046
0.264798 1.317159 -0.405494 7.491694
0.354034 1.338850 -0.071054 9.298429
0.528116 1.818122 0.172054 14.032546
0.403584 1.411477 -0.032115 10.447447
0.507187 1.724630 0.230692 13.393950
0.525043 1.923221 0.216677 14.089381
0.350014 1.604917 0.624827 9.837975
0.566263 2.531906 0.207124 15.988008
1.573405 11.442663 2.586985 52.920540
0.611211 3.755295 0.340718 19.076618
0.616045 3.811414 0.354408 19.270115
0.733158 4.646786 0.619874 23.375149
1.409635 9.051595 2.539180 45.720724
1.409607 9.052076 2.539477 45.722462
0.766025 5.015861 0.817307 24.635156
1.200169 8.262930 1.847972 39.567586
0.871845 5.750912 1.051982 28.189366
0.016903 0.067408 -0.061624 0.397173
0.056421 0.161903 -0.153323 1.336882
0.070929 0.310557 -0.218064 1.852111
0.237331 0.932886 0.510215 6.370097
0.158678 0.808135 -0.365999 4.394745
0.145326 0.726387 -0.347276 4.007071
0.164730 0.846445 -0.394184 4.624049
0.557578 2.739828 0.092425 16.129164
0.528053 2.355345 0.125955 14.876874
0.545425 2.333658 0.111848 15.224451
0.487198 2.290892 0.402394 13.823724
0.573058 2.643172 0.202981 16.323890
0.545737 3.178283 0.527439 16.793421
0.563340 2.790666 0.226128 16.364125
0.767283 3.829763 0.594476 22.245025
0.430869 2.355224 -0.084570 12.929665
1.410026 6.995286 2.056110 43.150503
2.074088 9.247065 4.434052 63.834763
1.480901 6.859596 2.084697 44.074024
1.306604 6.354801 1.676347 39.561161
0.445042 2.549494 -0.323700 13.734265
1.845174 9.239481 3.565952 57.144377
0.625158 3.587399 -0.050168 19.374783
0.884482 4.892058 0.531612 27.413169
0.586654 3.249078 -0.133183 17.838536
0.477507 2.777224 -0.290184 14.798036
4.327170 12.206277 11.552442 126.759187
3.626019 13.240788 10.134315 109.116464
4.127593 14.308120 12.158559 123.659864
0.150580 0.881323 0.018488 4.144845
0.812651 4.272292 0.245554 24.263988
0.576171 3.018729 0.160038 16.978719
0.407245 2.231004 -0.258457 12.201562
3.336487 9.941022 8.014880 98.322990
2.797715 9.629940 6.839704 84.215893
1.395652 6.532471 1.996100 42.196982
3.207577 11.357250 8.113854 95.542426
3.226031 11.986626 5.252027 87.372216
4.563890 14.234963 12.347833 132.529268
2.603302 13.065602 5.727036 77.890430
0.241498 1.298299 -0.422805 6.993175
0.374541 2.073117 -0.363049 11.222758
0.163057 0.835967 -0.388387 4.569786
0.225335 1.218204 -0.432875 6.567060
0.166223 0.854170 -0.390825 4.656449
0.226109 1.189482 -0.385886 6.399783
0.148855 0.742521 -0.286883 3.982717
0.162558 0.810848 -0.341633 4.413796
0.127425 0.644381 -0.274142 3.408975
0.247214 1.008688 0.538083 6.683444
0.320547 0.894163 0.000628 7.865589
0.275967 1.038381 -0.251154 7.016037
0.103049 0.458394 -0.282225 2.715130
0.117180 0.450777 0.133908 2.772816
0.348577 1.974164 -0.412087 10.597530
0.334929 1.873390 -0.395761 10.116610
0.305123 1.733305 -0.433954 9.306217
0.197006 1.056999 -0.425138 5.731392
0.305242 1.733746 -0.434161 9.308642
0.209085 1.150893 -0.438579 6.219877
0.140613 0.700894 -0.343677 3.883089
0.404439 1.629362 -0.149752 10.815660
0.149847 0.756887 -0.369487 4.173600
0.450084 1.705440 0.366412 12.048218
0.339717 1.981065 -0.421945 10.508400
1.452468 10.048493 2.487217 48.083545
1.570348 11.400069 2.578231 52.742435
1.536552 11.255495 2.411294 51.674670
0.594804 3.139858 0.241847 17.640521
0.588737 3.247213 0.306911 17.718339
0.596174 3.465984 0.296825 18.263863
0.584064 3.628116 0.215164 18.296160
0.767100 4.861516 0.699414 24.450759
0.582606 3.614802 0.191722 18.300740
0.584050 3.196601 0.205779 17.521806
0.584880 3.623112 0.195336 18.354905
0.578609 3.111682 0.108940 17.217030
0.559614 3.384723 0.091390 17.408555
0.548570 3.353729 0.074656 17.160574
0.567134 2.648411 0.198275 16.201618
0.563010 2.843413 0.231061 16.438935
0.571568 3.185547 0.144826 17.248664
0.902687 5.577743 1.005358 28.801646
0.917858 5.357355 0.916815 28.487033
0.746556 4.476893 0.498136 23.367767
1.415920 8.355808 2.553880 45.016694
0.477381 2.030372 0.415389 13.149254
0.570931 2.516704 0.254660 16.004449
0.478136 2.513684 0.566177 14.091750
0.415399 2.333945 0.659564 12.617828
0.523906 3.117303 0.583771 16.417025
0.559168 2.559959 0.249522 15.856691
0.527090 2.089636 0.091058 14.384331
0.438316 2.427829 -0.192773 13.092545
0.462494 1.738379 -0.049937 12.289218
0.511525 2.222604 0.039862 14.334761
0.390645 1.837372 -0.241669 11.007963
0.564428 3.104709 0.192152 16.942754
0.541154 3.220535 0.486308 16.753421
0.524053 3.121655 0.553059 16.312912
0.686396 4.243671 0.317175 21.811426
0.752877 5.063344 0.097356 24.295292
0.707899 4.646587 0.119722 22.667119
0.879024 6.012299 0.028437 28.560932
1.090754 7.611226 -0.249759 35.869339
0.540196 3.108874 0.299255 16.422271
0.565692 3.185153 0.177413 17.100286
0.537039 2.976080 0.213860 16.130387
0.536104 2.919926 0.237723 16.017340
0.681109 4.404587 0.126200 21.713470
0.220549 1.188613 -0.423247 6.420261
0.339594 1.980596 -0.421760 10.505896
0.361484 2.134123 -0.417610 11.209173
1.187045 6.430536 1.345358 36.731428
1.179315 6.409321 1.312969 36.732645
0.738830 4.187607 0.151587 22.793793
0.573111 3.322904 -0.147655 17.740154
0.897602 5.074841 0.579621 27.883515
0.917076 5.044500 0.549142 28.090792
0.923399 5.685682 1.055480 29.395826
0.746350 4.476239 0.498193 23.364099
0.899393 5.200179 0.818561 28.086632
0.663972 3.885870 0.093845 20.532413
0.499969 2.952296 -0.114389 15.368197
0.607440 3.659229 0.294645 18.816097
0.586980 3.191098 0.302901 17.569450
0.609672 3.634488 0.386937 18.809793
2.388624 12.018536 5.921782 73.953984
2.404040 13.928604 6.003764 76.784087
1.415888 8.356373 2.554354 45.018950
1.846673 12.409146 3.628443 60.548400
1.000000 7.969558 0.697246 34.564103
1.847246 12.411519 3.630072 60.562761
0.920779 5.753033 1.091932 29.286902
1.589064 10.995955 2.855214 52.616698
1.000000 7.969558 0.697246 34.564103
2.335959 11.438518 5.617788 72.163594
2.795911 14.994819 7.384801 87.110578
3.210789 15.341309 9.024321 98.495823
3.360605 14.798131 9.257482 101.324494
2.273858 10.214881 4.855282 69.013820
1.960395 10.409152 4.437418 61.205600
1.462008 7.767624 2.371576 45.193971
2.512194 14.459130 6.391515 79.923446
1.535308 8.517111 2.976372 48.354003
1.693220 9.761594 3.454460 53.530926
1.102745 6.164180 1.355072 34.102451
0.572984 3.322218 -0.149276 17.746334
0.500777 2.955282 -0.113983 15.386166
0.549046 3.258580 -0.115692 17.082931
0.564955 3.359138 -0.091529 17.580484
0.657476 3.860435 0.039593 20.543384
0.511283 3.016320 -0.232955 16.010540
0.458060 2.348778 -0.301893 13.378740
0.387197 2.171159 -0.355626 11.709317
0.378635 1.843735 -0.228856 10.803298
0.434639 2.397925 -0.210560 12.992942
1.667762 10.613217 3.320650 53.978172
1.000000 7.969558 0.697246 34.564103
1.000000 7.969558 0.697246 34.564103
1.000000 7.969558 0.697246 34.564103
1.000000 7.969558 0.697246 34.564103
1.000000 7.969558 0.697246 34.564103
1.000000 7.969558 0.697246 34.564103
1.000000 7.969558 0.697246 34.564103
1.000000 7.969558 0.697246 34.564103
1.000000 7.969558 0.697246 34.564103
0.552916 2.768914 0.397585 16.052493
0.261636 1.304569 -0.415141 7.419917
0.469176 2.554754 0.544068 14.027683
1.561726 10.934099 -0.982806 51.541208
1.695679 12.557784 -0.735706 56.896310
1.561839 10.933987 -0.983071 51.542164
1.678338 11.986887 -1.077963 55.750985
1.496101 10.660642 -0.793916 49.615965
0.566349 3.186701 0.177562 17.112660
0.521059 3.028199 0.165768 15.886640
0.508914 2.989252 0.259266 15.558874
0.763868 4.886707 0.147047 24.537131
0.857114 5.704320 0.026187 27.785003
0.542369 2.836940 0.377176 15.998538
0.544791 3.148343 0.414455 16.649087
0.587564 2.914614 0.249993 17.067618
0.671080 3.840542 0.487504 20.810179
1.846074 10.498349 -2.144723 57.911497
1.274671 7.155065 -0.585446 39.607841
2.204930 12.200863 -3.146324 68.637452
1.463963 9.274625 -1.163591 46.999897
1.067940 6.427235 -0.224896 33.694604
2.221626 14.431193 -2.615584 71.449255
1.299922 7.323500 -0.648179 40.097922
1.529166 10.343327 -1.084205 49.866257
2.023140 12.617520 -2.516829 64.877688
1.984282 12.117689 -2.422606 63.172406
2.175587 14.753668 -2.379713 71.198917
1.000000 7.969558 0.697246 34.564103
1.064101 8.420872 0.607013 36.581807
1.098198 8.581555 0.534209 37.416833
1.098454 8.583015 0.533896 37.423433
2.134432 14.760993 -2.101902 70.030962
1.093538 7.034360 -0.406392 35.255699
1.519759 10.284404 -1.066691 49.584151
0.857031 5.704346 0.026160 27.784387
1.669321 12.119806 -0.839488 55.558798
0.576510 2.914208 0.239293 16.852142
0.548115 3.155829 0.423581 16.729521
0.586469 3.214522 0.300636 17.568086
0.607915 3.809967 0.288775 19.274366
0.664142 4.345047 0.223869 21.375566
0.573353 3.190823 0.274864 17.277693
0.763742 4.886503 0.146958 24.535259
0.608375 3.811735 0.288572 19.284980
0.934455 6.317026 -0.039539 30.333979
1.476541 10.016452 -0.988584 48.288048
0.882465 6.039511 0.024963 28.675375
0.595033 3.575076 0.237250 18.482052
0.664083 4.327313 0.222252 21.330921
0.604525 3.733669 0.216914 18.979972
0.543950 2.847774 0.214389 16.048009
0.605622 3.657955 0.191971 18.822401
0.606614 3.660284 0.191791 18.842492
0.712638 4.256211 0.378805 22.397940
0.748875 4.616180 0.241944 23.728247
0.518633 3.051729 0.581452 16.157677
0.630734 3.936653 0.528187 19.843174
0.616465 3.888450 0.509901 19.449448
0.825665 5.549598 0.950710 26.819800
1.265229 8.826179 1.994510 41.905532
0.578041 3.094891 0.220570 17.184827
0.599831 3.486749 0.311389 18.373966
0.538695 2.834833 0.372701 15.927191
0.575267 2.885495 0.236380 16.777806
0.565379 2.771737 0.121834 16.346271
0.561626 2.777066 0.222435 16.314895
0.593884 3.220141 0.189560 17.754047
1.204913 8.294973 1.860362 39.718903
0.392999 1.175329 0.354148 10.075862
0.271120 1.089377 0.531925 7.251353
0.335121 1.648043 0.734314 9.613145
0.332674 1.549619 0.656306 9.565294
0.501623 2.272723 0.405257 14.053384
0.537740 2.101216 0.339714 14.592723
0.387714 2.030074 0.690026 11.408383
0.391340 2.081663 0.775022 11.712375
0.418081 2.321245 0.678435 12.669353
0.386515 2.099763 0.740985 11.618111
0.460997 2.596714 0.681568 14.081356
0.316538 1.480156 0.739981 8.906774
0.329073 1.634748 0.745261 9.466801
0.330412 1.039666 0.649126 8.478597
0.313380 1.490658 0.678250 8.957876
0.353774 1.297386 0.368712 9.348785
0.305507 1.422934 0.652856 8.720182
0.363974 1.574590 0.766740 10.045742
0.274355 1.324917 0.739387 7.887089
0.343757 1.557273 0.722713 9.623493
0.419097 2.134752 0.794757 12.311277
0.366508 1.685885 0.665548 10.407522
0.519762 2.908642 0.675431 15.858052
0.389538 2.102484 0.760397 11.721920
0.347432 1.770928 0.706506 10.134609
0.333675 1.713703 0.734280 9.784786
0.541326 2.998815 0.695962 16.522733
0.394004 2.133797 0.761627 11.868802
0.388190 2.007969 0.780751 11.417762
0.335183 1.646894 0.734368 9.613404
0.362883 1.592701 0.646649 10.076269
0.325559 1.545433 0.665833 9.326383
0.527847 2.866488 0.719063 16.032823
0.327044 1.525173 0.664467 9.344188
0.593476 3.649607 0.454256 18.533169
0.766688 5.021816 0.819318 24.660702
1.452647 10.048953 2.487645 48.086807
0.963090 6.365487 1.270700 31.215857
1.587784 10.970997 2.847306 52.518775
1.360507 10.268378 1.778789 46.169349
1.360250 10.266964 1.778061 46.162206
1.227958 9.523250 1.313900 42.051358
1.000000 7.969558 0.697246 34.564103
0.608914 3.632032 0.386124 18.793837
0.697337 4.447172 0.650089 22.180670
0.753370 4.776112 0.666420 24.021379
0.545303 3.252191 -0.058832 16.853487
0.871431 5.749319 1.051296 28.180298
0.935908 6.101140 1.185255 30.266575
0.696261 4.437734 0.646581 22.151284
0.935576 6.099930 1.184749 30.259573
0.532254 2.962814 0.221365 16.011485
0.566402 3.307445 0.345190 17.327911
0.542092 2.928814 0.227903 16.155307
0.571687 3.239263 0.171303 17.327873
0.548701 2.937330 0.243476 16.310618
0.580171 3.180627 0.312279 17.420644
0.556664 2.863559 0.243976 16.343795
0.560843 3.048194 0.192166 16.755670
0.563847 2.852192 0.230158 16.472836
0.566908 2.874844 0.225604 16.588566
0.631156 3.940936 0.530170 19.854800
0.571865 3.314927 0.333899 17.447174
0.534845 3.130705 0.321485 16.354208
0.590621 3.597183 0.113689 18.340272
1.206597 8.518337 -0.383945 39.850174
0.812477 5.448982 0.084290 26.310757
1.132326 7.898784 -0.308800 37.192755
1.610435 11.257056 -1.068146 53.061350
1.132456 7.898909 -0.308963 37.194379
1.384443 9.893908 -0.612951 45.957377
0.939941 6.549000 -0.071909 30.815498
1.206753 8.518537 -0.384243 39.852294
0.766235 5.186902 0.038945 24.791099
0.707750 4.651202 0.120292 22.675574
0.639638 4.085093 0.100088 20.210306
0.939595 6.547725 -0.071441 30.808296
0.640081 4.086362 0.099762 20.218393
0.592271 3.614981 0.110581 18.406184
0.812679 5.449571 0.084227 26.314516
1.496212 10.660595 -0.794245 49.617036
1.067264 8.449693 0.621048 36.681450
1.019672 8.119707 0.682573 35.216668
1.000000 7.969558 0.697246 34.564103
1.167834 9.200595 0.513874 40.001614
1.731089 12.866259 -0.777410 58.210934
1.572542 11.507568 -0.710519 52.602686
1.530287 10.980522 -0.822200 50.902646
1.157340 9.097008 0.507553 39.562034
1.711447 12.643016 -0.776684 57.346311
1.454555 11.204162 -0.013215 49.406604
1.060871 8.417325 0.637838 36.526992
1.000000 7.969558 0.697246 34.564103
1.119469 7.944580 -0.258655 37.006594
0.074769 0.329260 0.257483 1.985303
0.127593 0.502917 0.362335 3.274934
0.755297 3.963241 0.529551 22.530707
0.550372 3.358808 0.137588 17.071861
0.524786 3.045291 0.159513 15.990883
0.753394 5.065454 0.096726 24.306895
5.766449 6.881475 -8.466243 166.145616
3.086353 15.990713 -6.156900 96.214095
1.309560 9.786938 0.089626 43.421350
2.964933 16.705694 -5.424346 92.769588
1.296920 9.837579 0.150766 43.380650
1.000000 7.969558 0.697246 34.564103
1.000000 7.969558 0.697246 34.564103
2.220376 14.425986 -2.612831 71.417984
1.000000 7.969558 0.697246 34.564103
0.751340 4.605701 0.276766 23.863151
0.805575 4.911194 0.213251 25.464528
0.715728 4.272011 0.375462 22.481990
0.843253 4.981502 0.199130 26.349503
0.565619 3.286469 0.558135 17.519781
1.195407 7.133748 -0.464705 37.567520
1.093561 7.035129 -0.406738 35.258507
1.463883 9.273349 -1.163093 46.994842
1.956231 13.348856 -1.853927 63.952842
1.752919 12.125449 -1.116157 56.528590
1.066727 6.431846 -0.236727 33.639979
0.838471 4.937907 0.217420 26.293154
1.776292 10.196987 -1.992015 56.037415
1.058687 6.118848 -0.161657 32.989033
1.058715 6.119192 -0.161750 32.992124
0.318385 1.558934 0.743811 9.108508
2.852422 16.148030 -5.071803 89.553636
0.396240 1.912307 0.687676 11.265157
0.485763 1.755344 0.331755 12.893773
0.350535 1.740414 0.713787 10.118124
0.671592 3.856401 0.470591 20.761370
0.384304 2.026568 0.679072 11.330240
0.564529 3.268236 0.571958 17.539648
0.507216 2.958028 0.599786 15.773829
1.000000 7.969558 0.697246 34.564103
1.000000 7.969558 0.697246 34.564103
1.000000 7.969558 0.697246 34.564103
1.000000 7.969558 0.697246 34.564103
1.000000 7.969558 0.697246 34.564103
1.000000 7.969558 0.697246 34.564103
1.000000 7.969558 0.697246 34.564103
1.000000 7.969558 0.697246 34.564103
1.000000 7.969558 0.697246 34.564103
1.000000 7.969558 0.697246 34.564103
1.000000 7.969558 0.697246 34.564103
1.000000 7.969558 0.697246 34.564103
1.000000 7.969558 0.697246 34.564103
1.000000 7.969558 0.697246 34.564103
1.000000 7.969558 0.697246 34.564103
1.000000 7.969558 0.697246 34.564103
3.016105 10.950054 -1.281943 84.025314
1.789440 10.347738 -0.743313 53.185818
1.000000 7.969558 0.697246 34.564103
1.000000 7.969558 0.697246 34.564103
1.000000 7.969558 0.697246 34.564103
1.000000 7.969558 0.697246 34.564103
1.063678 8.264468 0.637823 36.056835
1.384566 9.893897 -0.613261 45.958538
1.728469 12.922477 -0.715854 58.265595
1.000000 7.969558 0.697246 34.564103
1.018512 8.109448 0.681566 35.172793
1.000000 7.969558 0.697246 34.564103
1.000000 7.969558 0.697246 34.564103
1.000000 7.969558 0.697246 34.564103
1.000000 7.969558 0.697246 34.564103
1.000000 7.969558 0.697246 34.564103
1.000000 7.969558 0.697246 34.564103
1.000000 7.969558 0.697246 34.564103
1.000000 7.969558 0.697246 34.564103
1.000000 7.969558 0.697246 34.564103
1.000000 7.969558 0.697246 34.564103
1.000000 7.969558 0.697246 34.564103
1.000000 7.969558 0.697246 34.564103
1.000000 7.969558 0.697246 34.564103
1.000000 7.969558 0.697246 34.564103
1.000000 7.969558 0.697246 34.564103
1.000000 7.969558 0.697246 34.564103
1.000000 7.969558 0.697246 34.564103
1.000000 7.969558 0.697246 34.564103
1.000000 7.969558 0.697246 34.564103
4.580712 14.328946 -8.434578 129.388932
2.743137 14.899862 -4.177885 83.254567
2.396044 10.469646 -3.710792 72.334682
3.470133 16.395243 -6.321110 103.095323
3.110761 16.585720 -5.935245 95.623241
2.674989 9.322338 -5.128314 81.389018
0.821470 3.501851 -0.737809 22.274551
2.871990 8.425765 -6.204507 87.222495
1.000000 7.969558 0.697246 34.564103
1.000000 7.969558 0.697246 34.564103
1.000000 7.969558 0.697246 34.564103
1.000000 7.969558 0.697246 34.564103
1.780478 11.988541 -1.066103 56.308569
3.343957 16.959577 -6.971153 103.312445
3.220300 14.656375 -6.122334 98.337883
4.223722 10.231451 -8.689891 123.724129
1.367288 10.037232 -0.015909 44.828863
4.091856 14.753119 -8.608965 119.516351
2.315617 12.200211 -2.563202 68.107684
5.345379 9.732874 -9.002446 152.668242
3.410864 9.797547 -6.131829 100.881041
5.022470 8.246018 -9.705460 146.949247
1.000000 7.969558 0.697246 34.564103
1.065907 8.438627 0.607260 36.659386
1.956716 13.350594 -1.855107 63.964002
2.213378 14.732757 -2.553718 71.995209
1.000000 7.969558 0.697246 34.564103
1.000000 7.969558 0.697246 34.564103
1.000000 7.969558 0.697246 34.564103
1.016246 8.092489 0.686133 35.093500
1.000000 7.969558 0.697246 34.564103
1.000000 7.969558 0.697246 34.564103
1.730742 12.864593 -0.776535 58.202129
1.015839 8.088661 0.685978 35.076329
1.001420 7.980499 0.696609 34.610922
1.000000 7.969558 0.697246 34.564103
1.000000 7.969558 0.697246 34.564103
1.000000 7.969558 0.697246 34.564103
1.000000 7.969558 0.697246 34.564103
1.000000 7.969558 0.697246 34.564103
1.000000 7.969558 0.697246 34.564103
1.000000 7.969558 0.697246 34.564103
1.000000 7.969558 0.697246 34.564103
1.000000 7.969558 0.697246 34.564103
1.000000 7.969558 0.697246 34.564103
1.000000 7.969558 0.697246 34.564103
1.000000 7.969558 0.697246 34.564103
1.000000 7.969558 0.697246 34.564103
1.000000 7.969558 0.697246 34.564103
1.000000 7.969558 0.697246 34.564103
1.000000 7.969558 0.697246 34.564103
1.000000 7.969558 0.697246 34.564103
1.000000 7.969558 0.697246 34.564103
1.000000 7.969558 0.697246 34.564103
1.000000 7.969558 0.697246 34.564103
1.000000 7.969558 0.697246 34.564103
1.000000 7.969558 0.697246 34.564103
1.000000 7.969558 0.697246 34.564103
1.000000 7.969558 0.697246 34.564103
1.000000 7.969558 0.697246 34.564103
1.000000 7.969558 0.697246 34.564103
1.000000 7.969558 0.697246 34.564103
1.000000 7.969558 0.697246 34.564103
1.000000 7.969558 0.697246 34.564103
1.000000 7.969558 0.697246 34.564103
1.000000 7.969558 0.697246 34.564103
1.000000 7.969558 0.697246 34.564103
1.000000 7.969558 0.697246 34.564103
1.000000 7.969558 0.697246 34.564103
1.000000 7.969558 0.697246 34.564103
1.000000 7.969558 0.697246 34.564103
1.000000 7.969558 0.697246 34.564103
1.000000 7.969558 0.697246 34.564103
1.000000 7.969558 0.697246 34.564103
1.000000 7.969558 0.697246 34.564103
0.142661 0.706291 0.332000 3.856543
0.520696 2.569610 -0.117877 14.798185
1.488460 6.335658 -1.168406 43.634295
2.465932 9.644036 -4.445952 75.179486
1.535583 6.812167 -1.218935 45.387109
0.207612 1.105676 0.197526 5.673234
0.825439 3.887698 0.241465 23.819024
0.789867 3.789011 0.294809 22.953179
0.115153 0.616586 0.237645 3.164661
0.464802 2.303300 0.698833 13.466431
2.984999 10.399466 -5.462095 88.841129
0.911760 4.504415 0.202572 27.031563
1.446523 6.596357 -1.079889 43.173623
0.976349 4.775301 0.220119 28.680526
0.158321 0.733086 0.381903 4.230198
0.464902 2.303590 0.698963 13.468197
0.239658 1.113035 0.659301 6.780753
0.292982 1.414794 0.743672 8.452130
0.275283 1.353734 0.710829 8.078452
0.430775 2.170565 0.795908 12.640447
0.412457 2.121308 0.793540 12.111095
0.304261 1.440935 0.737359 8.616288
0.435004 2.230235 0.792982 12.712120
0.452773 2.287747 0.794154 13.181364
0.851343 4.367681 0.392927 25.328087
0.749016 3.327887 -0.781614 20.617467
0.104098 0.521227 0.284348 2.845143
0.532783 2.653263 0.779771 15.412471
0.229573 1.171921 0.256074 6.185112
0.813050 4.136682 0.449746 24.305320
4.228374 13.798387 -8.880755 124.187237
0.658470 3.524891 0.613098 19.825827
0.659299 3.520073 0.624144 19.880595
1.430444 6.989000 -0.862041 42.985062
2.315281 11.222934 -3.158953 70.835433
2.118613 11.095975 -2.871031 65.527622
3.790328 11.517364 -8.222758 112.010885
3.630978 14.223595 -7.854296 109.408093
1.626967 7.394284 -1.157477 48.169053
2.799083 10.824977 -4.505105 83.353955
3.609058 13.053170 -7.523954 107.968762
3.070915 13.030047 -6.222002 94.106826
1.381778 6.637212 -0.667370 41.600980
2.315616 9.873924 -3.430184 70.476547
2.007998 9.428534 -2.717836 61.778713
2.067079 10.912108 -2.746101 64.175737
0.336136 1.597903 0.672463 9.657998
0.328204 1.592668 0.739893 9.356102
0.371175 1.655723 0.669108 10.561227
0.469968 2.000990 0.722514 12.914160
0.534944 2.898587 0.716462 16.217356
0.394635 2.098649 0.775042 11.802119
0.412914 2.134009 0.781132 12.100064
1.244592 6.325646 -0.483816 37.930498
0.462875 2.598343 0.700303 14.178737
0.520410 2.896178 0.705664 15.952744
1.350431 6.938472 -0.573457 40.852322
1.138074 6.045369 -0.161887 34.858329
1.126245 6.028910 -0.188222 34.524283
0.800133 4.446355 0.399224 24.691147
0.722542 3.799598 0.538479 21.790075
0.760933 4.265471 0.440765 23.623422
0.763537 4.319107 0.382462 23.505896
0.239600 1.112847 0.659206 6.779667
1.000000 7.969558 0.697246 34.564103
