1.000000 7.969558 0.697246 34.564103
1.000000 7.969558 0.697246 34.564103
1.000000 7.969558 0.697246 34.564103
1.000000 7.969558 0.697246 34.564103
1.000000 7.969558 0.697246 34.564103
1.326255 9.635260 0.092758 43.181962
3.468905 16.414530 -6.207281 103.064820
2.888552 16.560574 -5.224172 90.950400
3.480010 15.309371 -6.639470 105.228842
2.036195 10.318786 -2.488559 63.360135
1.331926 5.974327 -0.945303 39.791457
1.247165 9.192119 0.292584 40.895276
1.000000 7.969558 0.697246 34.564103
1.360316 9.766071 0.069059 43.899667
1.000000 7.969558 0.697246 34.564103
2.272253 11.941854 -2.283696 65.656424
2.999768 14.633232 -4.152266 87.748602
2.393041 11.855583 -1.443650 68.250493
1.000000 7.969558 0.697246 34.564103
1.000000 7.969558 0.697246 34.564103
1.000000 7.969558 0.697246 34.564103
1.000000 7.969558 0.697246 34.564103
1.000000 7.969558 0.697246 34.564103
1.000000 7.969558 0.697246 34.564103
1.000000 7.969558 0.697246 34.564103
1.000000 7.969558 0.697246 34.564103
1.000000 7.969558 0.697246 34.564103
1.000000 7.969558 0.697246 34.564103
1.000000 7.969558 0.697246 34.564103
1.000000 7.969558 0.697246 34.564103
1.000000 7.969558 0.697246 34.564103
1.000000 7.969558 0.697246 34.564103
1.650523 12.026815 -0.785657 55.034736
1.000000 7.969558 0.697246 34.564103
1.000000 7.969558 0.697246 34.564103
1.000000 7.969558 0.697246 34.564103
1.225259 9.521196 0.362385 41.602843
1.000000 7.969558 0.697246 34.564103
5.478379 7.621429 -9.297502 159.738492
5.863332 8.840066 -8.228137 168.544486
4.694059 12.374453 -9.435623 134.213001
5.222336 9.702967 -9.422660 151.914676
5.396385 11.982346 -8.850873 152.316323
1.000000 7.969558 0.697246 34.564103
5.783967 6.789456 -5.967322 164.673800
1.000000 7.969558 0.697246 34.564103
1.000000 7.969558 0.697246 34.564103
1.000000 7.969558 0.697246 34.564103
1.000000 7.969558 0.697246 34.564103
1.000000 7.969558 0.697246 34.564103
1.000000 7.969558 0.697246 34.564103
1.000000 7.969558 0.697246 34.564103
1.436859 9.374796 0.561696 44.250050
6.421551 4.060632 -5.798530 185.864400
5.820223 6.572202 -4.933527 165.025288
6.084230 5.144983 -6.825301 175.142027
6.778832 2.938848 -3.125057 196.631244
6.424777 4.704503 -1.355096 182.227514
6.125024 4.921437 -4.038041 173.637044
4.781806 9.248419 -4.206805 133.410310
1.000000 7.969558 0.697246 34.564103
1.000000 7.969558 0.697246 34.564103
1.000000 7.969558 0.697246 34.564103
6.036673 5.781860 -7.709413 174.916172
5.343760 10.102937 -6.984489 150.546375
3.186043 11.776765 -0.751205 87.204895
4.655099 12.992902 -5.182287 126.357533
4.609021 11.726830 -9.072269 133.787369
5.506327 9.409675 -5.741487 155.989923
3.996730 13.005897 -6.327404 111.880538
6.368355 3.573024 -4.622534 182.453988
6.614632 2.994606 -1.479812 189.362258
1.000000 7.969558 0.697246 34.564103
1.000000 7.969558 0.697246 34.564103
1.000000 7.969558 0.697246 34.564103
1.000000 7.969558 0.697246 34.564103
1.000000 7.969558 0.697246 34.564103
1.000000 7.969558 0.697246 34.564103
1.000000 7.969558 0.697246 34.564103
1.000000 7.969558 0.697246 34.564103
1.000000 7.969558 0.697246 34.564103
1.000000 7.969558 0.697246 34.564103
6.144591 5.538484 -2.597615 172.967461
6.777090 2.267875 0.212057 195.429170
6.161605 4.752191 1.541866 173.206941
6.522342 2.105472 3.714889 186.308813
1.000000 7.969558 0.697246 34.564103
4.537440 9.129795 3.955795 124.099185
5.760146 8.215269 6.155766 160.316472
1.000000 7.969558 0.697246 34.564103
4.398357 10.963905 -0.158428 117.522756
5.158304 8.399160 -1.152348 140.988895
6.758107 1.808329 2.862527 194.927213
6.439175 3.360225 1.812572 182.894456
6.557838 2.162805 1.508517 187.152236
6.437920 4.625822 4.093939 183.468679
6.369915 4.057248 5.007424 181.025119
6.358108 3.430438 3.067810 180.200073
6.445189 2.590811 4.657674 183.653043
6.640611 2.508272 5.768265 191.375546
6.393582 3.233367 7.037663 182.927689
6.355911 4.898262 6.018114 180.282509
6.351231 3.610052 8.113468 182.601955
1.000000 7.969558 0.697246 34.564103
6.366658 6.497439 6.501104 179.975232
1.000000 7.969558 0.697246 34.564103
5.813931 7.362895 10.870430 165.257081
6.354333 4.328663 6.985518 180.881283
5.943753 4.872755 9.706607 170.260706
1.000000 7.969558 0.697246 34.564103
1.000000 7.969558 0.697246 34.564103
1.000000 7.969558 0.697246 34.564103
1.000000 7.969558 0.697246 34.564103
1.000000 7.969558 0.697246 34.564103
1.000000 7.969558 0.697246 34.564103
1.000000 7.969558 0.697246 34.564103
1.000000 7.969558 0.697246 34.564103
1.000000 7.969558 0.697246 34.564103
1.000000 7.969558 0.697246 34.564103
1.000000 7.969558 0.697246 34.564103
1.000000 7.969558 0.697246 34.564103
1.000000 7.969558 0.697246 34.564103
1.000000 7.969558 0.697246 34.564103
1.000000 7.969558 0.697246 34.564103
1.000000 7.969558 0.697246 34.564103
1.000000 7.969558 0.697246 34.564103
1.000000 7.969558 0.697246 34.564103
1.000000 7.969558 0.697246 34.564103
1.000000 7.969558 0.697246 34.564103
1.000000 7.969558 0.697246 34.564103
1.000000 7.969558 0.697246 34.564103
1.000000 7.969558 0.697246 34.564103
1.000000 7.969558 0.697246 34.564103
1.000000 7.969558 0.697246 34.564103
1.000000 7.969558 0.697246 34.564103
1.000000 7.969558 0.697246 34.564103
1.000000 7.969558 0.697246 34.564103
1.000000 7.969558 0.697246 34.564103
1.116037 8.654201 0.479100 37.836468
1.000000 7.969558 0.697246 34.564103
5.751958 5.637759 10.309641 164.404731
1.000000 7.969558 0.697246 34.564103
1.000000 7.969558 0.697246 34.564103
5.386940 9.407197 0.085384 147.600862
5.893124 6.786453 3.829998 165.160063
1.000000 7.969558 0.697246 34.564103
1.000000 7.969558 0.697246 34.564103
1.000000 7.969558 0.697246 34.564103
5.611999 8.805211 11.743523 160.226524
4.916096 7.615871 11.015792 141.132690
1.680918 7.327212 2.735308 49.932536
2.835901 8.483422 7.622320 85.927423
0.843115 4.016756 1.771608 24.715530
5.690517 9.683858 12.139385 161.565261
5.001551 9.396085 11.549654 144.150670
4.717100 8.246785 11.112065 136.342564
4.559477 11.895969 11.593149 133.089954
5.506511 6.231136 10.666692 157.616826
5.355882 7.037677 11.053780 153.407718
6.099442 5.266015 8.831084 173.147615
6.115350 6.370630 9.619276 173.549852
6.100812 4.315585 9.016471 174.359236
5.816860 6.501997 10.245425 165.375591
1.971638 10.469702 2.174788 56.844959
5.098446 10.984311 6.862657 137.248175
1.503946 9.917305 2.177720 46.887597
4.558942 11.382834 9.079205 126.244638
5.101073 11.195122 10.449336 142.446701
1.000000 7.969558 0.697246 34.564103
1.000000 7.969558 0.697246 34.564103
1.000000 7.969558 0.697246 34.564103
1.000000 7.969558 0.697246 34.564103
1.000000 7.969558 0.697246 34.564103
1.000000 7.969558 0.697246 34.564103
1.000000 7.969558 0.697246 34.564103
1.000000 7.969558 0.697246 34.564103
1.000000 7.969558 0.697246 34.564103
1.000000 7.969558 0.697246 34.564103
1.000000 7.969558 0.697246 34.564103
1.000000 7.969558 0.697246 34.564103
1.024521 8.070366 0.723994 35.116297
4.116874 11.705142 7.569090 112.097317
6.191965 6.584382 7.914555 173.934622
6.083437 8.514972 10.618641 170.908197
1.595438 9.692140 1.613682 48.048208
1.000000 7.969558 0.697246 34.564103
1.000000 7.969558 0.697246 34.564103
1.000000 7.969558 0.697246 34.564103
1.000000 7.969558 0.697246 34.564103
1.000000 7.969558 0.697246 34.564103
1.000000 7.969558 0.697246 34.564103
1.000000 7.969558 0.697246 34.564103
1.000000 7.969558 0.697246 34.564103
1.000000 7.969558 0.697246 34.564103
1.000000 7.969558 0.697246 34.564103
1.000000 7.969558 0.697246 34.564103
1.000000 7.969558 0.697246 34.564103
1.000000 7.969558 0.697246 34.564103
1.000000 7.969558 0.697246 34.564103
1.000000 7.969558 0.697246 34.564103
1.000000 7.969558 0.697246 34.564103
1.000000 7.969558 0.697246 34.564103
1.000000 7.969558 0.697246 34.564103
1.000000 7.969558 0.697246 34.564103
1.000000 7.969558 0.697246 34.564103
1.000000 7.969558 0.697246 34.564103
1.000000 7.969558 0.697246 34.564103
1.000000 7.969558 0.697246 34.564103
1.000000 7.969558 0.697246 34.564103
1.000000 7.969558 0.697246 34.564103
1.000000 7.969558 0.697246 34.564103
1.000000 7.969558 0.697246 34.564103
1.000000 7.969558 0.697246 34.564103
1.000000 7.969558 0.697246 34.564103
1.000000 7.969558 0.697246 34.564103
1.000000 7.969558 0.697246 34.564103
1.000000 7.969558 0.697246 34.564103
5.173361 11.666324 12.937772 148.264244
5.177319 11.936286 13.268240 149.551978
4.629030 13.676598 11.599387 131.547719
1.000000 7.969558 0.697246 34.564103
1.000000 7.969558 0.697246 34.564103
1.000000 7.969558 0.697246 34.564103
1.000000 7.969558 0.697246 34.564103
1.000000 7.969558 0.697246 34.564103
1.000000 7.969558 0.697246 34.564103
1.000000 7.969558 0.697246 34.564103
1.000000 7.969558 0.697246 34.564103
1.000000 7.969558 0.697246 34.564103
1.000000 7.969558 0.697246 34.564103
1.000000 7.969558 0.697246 34.564103
1.000000 7.969558 0.697246 34.564103
1.000000 7.969558 0.697246 34.564103
1.000000 7.969558 0.697246 34.564103
1.000000 7.969558 0.697246 34.564103
1.211654 8.758515 0.884349 39.318461
1.000000 7.969558 0.697246 34.564103
1.000000 7.969558 0.697246 34.564103
1.000000 7.969558 0.697246 34.564103
1.000000 7.969558 0.697246 34.564103
1.000000 7.969558 0.697246 34.564103
1.000000 7.969558 0.697246 34.564103
1.318910 9.754206 1.610224 43.805221
1.190096 9.186808 1.210818 40.464472
1.000000 7.969558 0.697246 34.564103
1.000000 7.969558 0.697246 34.564103
1.000000 7.969558 0.697246 34.564103
1.000000 7.969558 0.697246 34.564103
1.000000 7.969558 0.697246 34.564103
1.000000 7.969558 0.697246 34.564103
1.000000 7.969558 0.697246 34.564103
1.000000 7.969558 0.697246 34.564103
1.000000 7.969558 0.697246 34.564103
1.000000 7.969558 0.697246 34.564103
1.000000 7.969558 0.697246 34.564103
5.865815 8.393946 11.105794 165.601374
5.495506 7.740454 11.131252 156.669229
5.745706 11.686357 12.595637 162.675519
5.453680 10.857413 13.041274 156.731223
3.233827 11.267969 8.067525 96.705508
1.836893 11.214253 2.964077 56.141127
4.163098 14.615371 11.573281 121.536962
1.340449 9.557504 1.581374 43.458598
2.249853 11.795691 4.502949 67.201287
2.569705 12.947229 5.444309 76.686947
1.000000 7.969558 0.697246 34.564103
1.149139 8.829531 1.088392 38.785752
1.000000 7.969558 0.697246 34.564103
1.000000 7.969558 0.697246 34.564103
2.492130 14.361734 6.190054 78.561209
1.130579 8.805350 1.066437 38.644059
1.000000 7.969558 0.697246 34.564103
1.000000 7.969558 0.697246 34.564103
1.000000 7.969558 0.697246 34.564103
1.000000 7.969558 0.697246 34.564103
1.000000 7.969558 0.697246 34.564103
1.008136 8.004362 0.731427 34.758649
1.179969 8.767557 1.196948 38.945458
3.978215 13.420952 8.231556 110.467734
1.000000 7.969558 0.697246 34.564103
1.441964 10.044793 2.046507 46.344465
5.849453 9.358466 11.925414 165.567024
4.137058 13.259508 9.084657 116.545872
5.108395 13.438980 12.639046 145.359081
5.151633 9.431683 11.924695 147.511504
4.118609 10.258970 10.664706 120.801403
1.191556 8.979955 1.189380 39.686155
1.000000 7.969558 0.697246 34.564103
1.000000 7.969558 0.697246 34.564103
2.387243 11.633093 3.936898 68.833768
1.000000 7.969558 0.697246 34.564103
1.000000 7.969558 0.697246 34.564103
1.000000 7.969558 0.697246 34.564103
1.000000 7.969558 0.697246 34.564103
1.000000 7.969558 0.697246 34.564103
1.000000 7.969558 0.697246 34.564103
1.000000 7.969558 0.697246 34.564103
1.000000 7.969558 0.697246 34.564103
1.000000 7.969558 0.697246 34.564103
4.065933 11.282501 0.137503 108.251675
6.313737 6.033026 -0.055429 177.712227
4.762047 7.839608 1.454226 128.965744
3.911098 11.313084 3.558819 104.819883
6.275028 8.231609 9.043144 175.551783
6.278538 5.237086 7.997398 178.092369
6.148111 7.717400 9.799315 172.991631
5.391552 10.463132 8.997454 147.841619
1.000000 7.969558 0.697246 34.564103
2.221230 10.356772 1.784567 62.730527
1.447475 9.598384 1.761258 45.063949
3.215315 13.423752 8.767773 98.243207
2.273404 10.238529 4.885566 69.306681
2.582844 11.635627 6.308310 79.325264
1.000000 7.969558 0.697246 34.564103
1.000000 7.969558 0.697246 34.564103
0.885784 4.138871 1.785409 25.696553
1.000000 7.969558 0.697246 34.564103
1.000000 7.969558 0.697246 34.564103
1.000000 7.969558 0.697246 34.564103
1.000000 7.969558 0.697246 34.564103
1.000000 7.969558 0.697246 34.564103
1.000000 7.969558 0.697246 34.564103
1.000000 7.969558 0.697246 34.564103
1.000000 7.969558 0.697246 34.564103
1.000000 7.969558 0.697246 34.564103
1.000000 7.969558 0.697246 34.564103
1.000000 7.969558 0.697246 34.564103
1.000000 7.969558 0.697246 34.564103
1.000000 7.969558 0.697246 34.564103
1.000000 7.969558 0.697246 34.564103
1.000000 7.969558 0.697246 34.564103
1.000000 7.969558 0.697246 34.564103
1.000000 7.969558 0.697246 34.564103
1.000000 7.969558 0.697246 34.564103
1.000000 7.969558 0.697246 34.564103
1.000000 7.969558 0.697246 34.564103
1.000000 7.969558 0.697246 34.564103
1.000000 7.969558 0.697246 34.564103
1.000000 7.969558 0.697246 34.564103
1.000000 7.969558 0.697246 34.564103
1.000000 7.969558 0.697246 34.564103
1.000000 7.969558 0.697246 34.564103
1.000000 7.969558 0.697246 34.564103
1.000000 7.969558 0.697246 34.564103
1.000000 7.969558 0.697246 34.564103
1.000000 7.969558 0.697246 34.564103
1.000000 7.969558 0.697246 34.564103
1.000000 7.969558 0.697246 34.564103
1.551971 11.482713 2.400796 52.435108
1.000000 7.969558 0.697246 34.564103
1.000000 7.969558 0.697246 34.564103
1.000000 7.969558 0.697246 34.564103
1.000000 7.969558 0.697246 34.564103
1.000000 7.969558 0.697246 34.564103
1.000000 7.969558 0.697246 34.564103
1.000000 7.969558 0.697246 34.564103
1.000000 7.969558 0.697246 34.564103
1.000000 7.969558 0.697246 34.564103
1.000000 7.969558 0.697246 34.564103
1.000000 7.969558 0.697246 34.564103
1.000000 7.969558 0.697246 34.564103
1.565788 11.407122 2.549629 52.673089
1.361564 10.434966 1.679550 46.413524
1.253538 9.692963 1.378463 42.838939
1.000000 7.969558 0.697246 34.564103
1.000000 7.969558 0.697246 34.564103
1.000000 7.969558 0.697246 34.564103
1.556008 11.232803 2.507879 52.089350
1.556008 11.232803 2.507879 52.089350
1.000000 7.969558 0.697246 34.564103
1.000000 7.969558 0.697246 34.564103
1.000000 7.969558 0.697246 34.564103
1.000000 7.969558 0.697246 34.564103
1.000000 7.969558 0.697246 34.564103
1.000000 7.969558 0.697246 34.564103
0.099213 0.408787 -0.268018 2.551855
0.060126 0.261932 -0.184555 1.582812
0.136616 0.684910 -0.318729 3.771688
0.154103 0.790392 -0.360127 4.298502
0.009158 0.038602 -0.039307 0.223445
1.142133 8.993076 1.031416 39.304254
1.000000 7.969558 0.697246 34.564103
1.172599 9.176880 1.133953 40.255653
1.172599 9.176881 1.133953 40.255653
0.089508 0.470468 -0.180226 2.371499
0.124888 0.634399 -0.268975 3.356096
0.579110 3.234415 -0.119865 17.708155
0.716378 3.862316 0.083205 21.697497
0.481471 2.590036 -0.162925 14.298594
0.173968 0.923972 -0.229520 4.791545
0.134506 0.740988 -0.081401 3.604407
0.058438 0.336700 -0.091253 1.572767
0.424313 2.316157 -0.283755 12.661665
0.215820 1.126968 -0.323382 6.006873
0.205073 1.077068 -0.325380 5.743640
0.156483 0.778333 -0.286372 4.162641
0.066753 0.314266 -0.214305 1.817240
0.530424 2.846854 0.709243 15.970487
0.078352 0.496668 0.012043 2.216871
0.561694 2.967497 0.178394 16.682649
0.056995 0.329142 -0.089479 1.535107
1.093537 6.111275 1.292159 34.135790
1.954531 10.261443 4.376018 61.107849
2.634880 15.464889 6.830664 84.223594
2.784647 15.269513 7.380120 87.115545
1.861511 9.349783 3.683818 57.442359
1.452807 7.744808 2.340860 45.314359
2.722269 12.862673 7.071040 83.641807
1.460128 10.372170 2.158213 48.017388
3.216484 15.476230 9.075084 98.748185
1.465292 10.354809 2.147754 47.968726
3.680955 13.782163 10.273563 111.000387
2.625428 14.459149 6.280478 80.434013
2.006248 12.659510 4.189912 63.921922
3.506670 14.564050 8.888908 103.519788
3.146249 12.891556 8.491504 96.521481
3.373553 14.606579 9.282944 102.106704
1.417145 7.051429 2.077665 43.425537
1.611063 8.098002 2.618838 49.672722
1.610738 8.108661 2.646487 49.558347
2.582844 11.635627 6.308310 79.325265
2.158639 9.468836 4.670490 66.212888
0.228280 1.202318 -0.379823 6.470745
0.201767 1.055313 -0.217139 5.474105
0.102671 0.530158 -0.198536 2.705113
0.471644 2.756842 -0.283121 14.702331
0.891331 5.062271 0.585327 27.838481
0.462948 2.642224 -0.297883 14.270088
0.624200 3.586236 -0.044023 19.379478
0.735484 4.178829 0.166018 22.733469
0.886123 4.907358 0.550817 27.539420
0.715221 3.872514 0.103273 21.623502
0.362947 2.012096 -0.343693 10.942398
0.142271 0.776738 -0.074920 3.782246
0.381473 1.184938 -0.092142 9.661844
0.176611 0.666465 -0.166510 4.430404
0.447075 1.423113 0.218297 11.740410
0.167053 0.681964 0.497244 4.508691
0.271418 1.545329 -0.418267 8.285084
0.246273 1.265896 -0.403980 7.094328
0.335108 1.313015 -0.089085 8.912332
0.504566 1.822130 0.168180 13.615634
0.375222 1.381882 -0.053074 9.854887
0.485785 1.724915 0.232437 13.022630
0.508646 1.930322 0.223501 13.853123
0.331850 1.554569 0.628985 9.445520
0.554462 2.540530 0.208632 15.875937
1.565435 11.418148 2.551830 52.724152
0.592700 3.684856 0.308339 18.643108
0.597022 3.736544 0.320742 18.816865
0.722186 4.610750 0.607360 23.162194
1.414101 9.108535 2.559719 45.976851
1.414101 9.108535 2.559719 45.976851
0.756273 4.992662 0.799257 24.467693
1.196529 8.271701 1.836345 39.552761
0.863651 5.731924 1.036697 28.052265
0.016192 0.065170 -0.059362 0.382837
0.054097 0.157367 -0.148541 1.288283
0.068907 0.303714 -0.213236 1.809951
0.229427 0.915697 0.507246 6.219724
0.155781 0.796848 -0.360267 4.335317
0.142178 0.714018 -0.341406 3.940641
0.161628 0.834087 -0.388137 4.559840
0.539620 2.711291 0.070074 15.794466
0.511737 2.345802 0.113926 14.632743
0.526628 2.323157 0.103595 14.920541
0.464953 2.241405 0.424456 13.359789
0.561685 2.650946 0.202136 16.221179
0.530418 3.125438 0.531709 16.444497
0.552459 2.793298 0.224173 16.273227
0.763662 3.822500 0.599920 22.226943
0.427642 2.345119 -0.080129 12.886899
1.407258 7.000836 2.071578 43.217303
2.075255 9.275324 4.471837 64.084576
1.477293 6.861021 2.097632 44.125159
1.302882 6.353656 1.687092 39.595077
0.441205 2.536503 -0.318222 13.676518
1.843461 9.259051 3.602448 57.275073
0.620995 3.575354 -0.043365 19.323048
0.880133 4.883772 0.540082 27.384435
0.582941 3.238751 -0.127701 17.797703
0.472801 2.760856 -0.283216 14.720881
4.327270 12.268951 11.630734 127.126035
3.629547 13.346046 10.178271 109.433766
4.092658 14.402178 12.076335 122.869255
0.149042 0.874986 0.020137 4.118543
0.809221 4.266060 0.251755 24.251063
0.572606 3.009346 0.165136 16.943176
0.403923 2.220191 -0.253526 12.153381
3.335594 9.957357 8.047952 98.637762
2.794639 9.641225 6.868308 84.430502
1.392224 6.532592 2.006089 42.251069
3.208544 11.404246 8.170417 95.882154
3.070327 12.005096 5.127832 83.667006
4.534460 14.396892 12.300109 131.838285
2.516535 12.817599 5.461048 75.607008
0.238479 1.286933 -0.417213 6.936799
0.371032 2.061025 -0.357584 11.167036
0.159999 0.823880 -0.382443 4.506647
0.222232 1.206190 -0.427050 6.507263
0.163307 0.842659 -0.385028 4.596613
0.223167 1.178546 -0.380446 6.344499
0.145492 0.729480 -0.281408 3.911700
0.159101 0.797323 -0.335975 4.341252
0.124888 0.634399 -0.268975 3.356096
0.231454 0.976411 0.531468 6.361217
0.300644 0.881266 -0.005902 7.467005
0.257815 1.006749 -0.257588 6.640717
0.099824 0.447381 -0.276325 2.648374
0.109200 0.433671 0.135578 2.627962
0.345044 1.961373 -0.406492 10.538176
0.331464 1.860886 -0.390262 10.057943
0.301703 1.720417 -0.428260 9.245306
0.193877 1.044545 -0.419138 5.668498
0.301703 1.720417 -0.428260 9.245306
0.205884 1.138017 -0.432519 6.155690
0.137318 0.688140 -0.337596 3.813825
0.375095 1.586775 -0.175631 10.185900
0.146411 0.743329 -0.363248 4.101515
0.423859 1.671589 0.382554 11.519066
0.335535 1.965006 -0.414934 10.430682
1.449883 10.062774 2.475352 48.088561
1.562487 11.375830 2.543794 52.548374
1.525953 11.208261 2.370639 51.378034
0.580694 3.120261 0.232234 17.428856
0.575161 3.223730 0.293781 17.505105
0.577213 3.404277 0.267164 17.846696
0.569089 3.568001 0.194389 17.945980
0.760743 4.846494 0.694383 24.357904
0.569058 3.560466 0.174739 17.987219
0.564880 3.144728 0.181135 17.129426
0.569599 3.562357 0.175687 18.000343
0.557183 3.052337 0.082546 16.760914
0.543732 3.321497 0.074147 17.040145
0.535736 3.300244 0.061746 16.861900
0.555881 2.655692 0.197998 16.105294
0.551932 2.843460 0.229446 16.343491
0.550848 3.120335 0.115986 16.790827
0.901897 5.594913 1.017214 28.886811
0.915567 5.362277 0.928182 28.521332
0.742085 4.468181 0.503884 23.325977
1.420842 8.416485 2.584777 45.322272
0.452520 1.989284 0.437235 12.636812
0.549938 2.493277 0.275377 15.622283
0.456929 2.443387 0.576539 13.599394
0.403813 2.286821 0.656731 12.339829
0.517881 3.099207 0.576900 16.298306
0.540671 2.538723 0.267229 15.533815
0.504782 2.077210 0.076348 13.987338
0.415047 2.346642 -0.220071 12.547323
0.431848 1.705582 -0.080942 11.633673
0.491869 2.202529 0.026553 13.985458
0.363499 1.772612 -0.266786 10.410825
0.551634 3.085875 0.202152 16.740980
0.527480 3.170361 0.493307 16.435690
0.514177 3.086444 0.552069 16.092285
0.681506 4.240713 0.312928 21.763566
0.740046 5.020839 0.121486 24.020305
0.694522 4.605074 0.142348 22.389279
0.875021 6.018899 0.037269 28.544692
1.088532 7.634078 -0.239306 35.914961
0.530240 3.101458 0.293013 16.322644
0.554605 3.175667 0.182952 16.958969
0.527588 2.976314 0.212405 16.059233
0.526573 2.919897 0.235824 15.951783
0.668628 4.368588 0.146564 21.461677
0.217504 1.176857 -0.417513 6.361420
0.335535 1.965006 -0.414934 10.430682
0.356824 2.115810 -0.409468 11.118528
1.182569 6.427813 1.361462 36.728576
1.174711 6.405362 1.329110 36.722445
0.733532 4.172592 0.160874 22.722148
0.567617 3.304375 -0.139108 17.649729
0.892330 5.063580 0.590605 27.832467
0.911694 5.032426 0.559828 28.035421
0.923504 5.707229 1.068939 29.504928
0.742085 4.468181 0.503884 23.325976
0.896033 5.198315 0.829705 28.088195
0.659036 3.871601 0.101699 20.464894
0.483298 2.885736 -0.129496 14.976197
0.588443 3.590854 0.264751 18.382503
0.573956 3.174363 0.293179 17.387105
0.592987 3.584382 0.361440 18.471469
2.394200 12.094315 5.979131 74.385604
2.399875 13.993332 5.977263 76.789177
1.420842 8.416485 2.584777 45.322272
1.825250 12.323288 3.550976 59.951463
1.000000 7.969558 0.697246 34.564103
1.825250 12.323288 3.550976 59.951464
0.920776 5.774152 1.103330 29.393872
1.585110 11.002083 2.837437 52.573411
1.000000 7.969558 0.697246 34.564103
2.341035 11.499249 5.669717 72.538508
2.763336 14.958619 7.259608 86.310499
3.177299 15.316367 8.910697 97.696590
3.305798 14.707387 9.098369 99.985916
2.273886 10.248545 4.902710 69.242530
1.965352 10.475328 4.484686 61.585381
1.460165 7.782478 2.395700 45.294591
2.499879 14.490267 6.334961 79.693722
1.537935 8.561867 3.009934 48.614849
1.699591 9.836707 3.491255 53.902759
1.100085 6.169647 1.370193 34.145422
0.567656 3.304287 -0.140827 17.658576
0.483298 2.885736 -0.129496 14.976197
0.540295 3.226416 -0.113611 16.906884
0.559939 3.342480 -0.084411 17.501122
0.652148 3.843980 0.048085 20.463523
0.505759 2.996308 -0.224684 15.912191
0.435399 2.284749 -0.311796 12.874316
0.370853 2.112744 -0.364004 11.332354
0.353691 1.778560 -0.257042 10.247522
0.416749 2.336616 -0.230864 12.581652
1.672755 10.677608 3.342056 54.258805
1.000000 7.969558 0.697246 34.564103
1.000000 7.969558 0.697246 34.564103
1.000000 7.969558 0.697246 34.564103
1.000000 7.969558 0.697246 34.564103
1.000000 7.969558 0.697246 34.564103
1.000000 7.969558 0.697246 34.564103
1.000000 7.969558 0.697246 34.564103
1.000000 7.969558 0.697246 34.564103
1.000000 7.969558 0.697246 34.564103
0.529619 2.707882 0.416170 15.540637
0.250325 1.272314 -0.412551 7.179424
0.448727 2.479671 0.555900 13.534899
1.561128 10.971590 -0.967629 51.633119
1.677365 12.460260 -0.681553 56.362435
1.561128 10.971590 -0.967629 51.633119
1.677359 12.022122 -1.056899 55.825898
1.496020 10.699817 -0.777797 49.720588
0.554605 3.175668 0.182952 16.958970
0.514213 3.036783 0.168123 15.880094
0.501310 2.990918 0.257811 15.523324
0.761963 4.900947 0.141526 24.578645
0.856757 5.728841 0.023792 27.875602
0.520454 2.772605 0.397551 15.504432
0.525628 3.080421 0.430852 16.199065
0.572368 2.896242 0.259355 16.816449
0.668736 3.843507 0.477378 20.804439
1.860592 10.639165 -2.198487 58.565194
1.278431 7.210760 -0.610491 39.850632
2.221900 12.368949 -3.210911 69.407840
1.473737 9.372917 -1.192738 47.454295
1.072402 6.486670 -0.246467 33.950475
2.174035 14.226460 -2.478540 70.126117
1.304191 7.384429 -0.674030 40.362669
1.528903 10.384774 -1.074086 49.980637
2.034944 12.743399 -2.553519 65.449025
1.996014 12.238148 -2.462055 63.720044
2.135360 14.578510 -2.245711 70.040594
1.000000 7.969558 0.697246 34.564103
1.055506 8.362060 0.620723 36.315236
1.085978 8.509071 0.556706 37.068407
1.085978 8.509071 0.556706 37.068407
2.103333 14.626582 -1.998837 69.158965
1.099177 7.099893 -0.425416 35.550952
1.520742 10.334127 -1.058963 49.737439
0.856757 5.728841 0.023792 27.875602
1.650523 12.026815 -0.785657 55.034737
0.561665 2.894749 0.249296 16.608787
0.529132 3.089265 0.439226 16.285005
0.568279 3.167455 0.316814 17.188725
0.594511 3.761849 0.301154 18.971640
0.653692 4.309293 0.237163 21.152020
0.555596 3.143042 0.292193 16.905989
0.761963 4.900947 0.141526 24.578645
0.594511 3.761849 0.301154 18.971640
0.934994 6.348666 -0.040793 30.453757
1.478828 10.073672 -0.983726 48.479843
0.878064 6.041295 0.034189 28.641435
0.577690 3.518890 0.256157 18.097882
0.652312 4.288021 0.237032 21.079990
0.587556 3.674176 0.238383 18.594385
0.533984 2.849541 0.214667 15.975092
0.589506 3.609824 0.211397 18.481309
0.589506 3.609824 0.211397 18.481310
0.711234 4.268961 0.366852 22.433629
0.748420 4.636726 0.232823 23.807464
0.507380 3.011746 0.578505 15.905907
0.618944 3.908008 0.509861 19.638827
0.605888 3.866860 0.494255 19.288301
0.816455 5.526409 0.930154 26.654881
1.261895 8.836525 1.981015 41.895195
0.564390 3.075998 0.229173 16.965208
0.580664 3.426611 0.281991 17.958973
0.516402 2.768195 0.393860 15.422535
0.563500 2.882129 0.239154 16.639189
0.547941 2.746469 0.101786 16.034465
0.551188 2.779786 0.220582 16.230202
0.574730 3.169268 0.166118 17.361307
1.200812 8.299837 1.847357 39.686617
0.375660 1.165428 0.358124 9.740178
0.267763 1.081048 0.528724 7.193943
0.330755 1.633116 0.728696 9.523533
0.329118 1.537949 0.653154 9.498451
0.478152 2.226006 0.427105 13.568806
0.516618 2.085448 0.359011 14.198846
0.371718 1.972911 0.692661 11.040669
0.387768 2.071329 0.768460 11.647363
0.406274 2.275289 0.675395 12.393054
0.380953 2.080799 0.733854 11.501474
0.456738 2.584905 0.673602 14.003137
0.312521 1.466237 0.736157 8.827259
0.324789 1.619631 0.739618 9.377497
0.326702 1.033288 0.646697 8.420411
0.303611 1.458235 0.674692 8.747817
0.331066 1.271335 0.372775 8.898933
0.295999 1.395520 0.648417 8.524470
0.358628 1.556978 0.760830 9.935626
0.271667 1.315253 0.735428 7.835666
0.338994 1.540610 0.718165 9.525559
0.417231 2.131088 0.792221 12.294433
0.362317 1.672156 0.662628 10.327133
0.516595 2.903226 0.667130 15.813319
0.383881 2.083763 0.753007 11.605006
0.335461 1.728527 0.704039 9.864132
0.329023 1.697449 0.728012 9.686902
0.538372 2.994546 0.687895 16.484581
0.390357 2.123068 0.754364 11.800073
0.384762 1.998145 0.774962 11.357320
0.330487 1.631409 0.728451 9.517081
0.343489 1.545473 0.647578 9.664662
0.321520 1.532690 0.660954 9.248541
0.524994 2.862227 0.712064 15.998341
0.323126 1.513023 0.660058 9.269555
0.582740 3.630964 0.441321 18.380087
0.756848 4.996547 0.800623 24.485707
1.449883 10.062774 2.475352 48.088561
0.958811 6.366402 1.265258 31.189731
1.583913 10.976811 2.829880 52.475299
1.347685 10.196977 1.735542 45.779587
1.347685 10.196976 1.735542 45.779586
1.218682 9.465121 1.285520 41.757927
1.000000 7.969558 0.697246 34.564103
0.592987 3.584381 0.361440 18.471468
0.684045 4.404995 0.625405 21.907986
0.745139 4.752810 0.657975 23.880625
0.537512 3.223537 -0.058186 16.699544
0.863651 5.731924 1.036697 28.052264
0.930973 6.098948 1.180923 30.224205
0.683410 4.397455 0.622842 21.888983
0.930973 6.098948 1.180923 30.224205
0.522839 2.963087 0.219163 15.943715
0.554878 3.288527 0.333538 17.168108
0.532282 2.928644 0.226837 16.081560
0.560190 3.225900 0.179028 17.165314
0.538763 2.936899 0.241902 16.233103
0.567482 3.164003 0.301430 17.247594
0.546054 2.864440 0.243035 16.257477
0.549297 3.038474 0.198200 16.604679
0.552889 2.853521 0.229886 16.377874
0.555391 2.871322 0.228886 16.457939
0.618948 3.910583 0.511138 19.641645
0.560154 3.296083 0.323224 17.282920
0.525259 3.122778 0.314434 16.260147
0.581569 3.591414 0.125454 18.240484
1.205854 8.551577 -0.372417 39.940231
0.807336 5.446497 0.091665 26.255639
1.130946 7.924729 -0.299153 37.256207
1.608717 11.287511 -1.050241 53.117988
1.130946 7.924729 -0.299153 37.256207
1.384560 9.934917 -0.598007 46.075749
0.931494 6.533634 -0.051004 30.672862
1.205854 8.551577 -0.372417 39.940231
0.758286 5.179352 0.056324 24.688231
0.694693 4.608698 0.142497 22.399612
0.631014 4.078274 0.114461 20.107803
0.931494 6.533634 -0.051004 30.672862
0.631014 4.078274 0.114461 20.107803
0.583270 3.607334 0.123065 18.300986
0.807336 5.446497 0.091665 26.255639
1.496020 10.699817 -0.777797 49.720588
1.056960 8.377343 0.633968 36.360006
1.016629 8.096688 0.685164 35.116349
1.000000 7.969558 0.697246 34.564103
1.150154 9.073496 0.536665 39.434059
1.715963 12.793800 -0.725514 57.785662
1.567259 11.509037 -0.679433 52.525872
1.530169 11.020588 -0.804190 51.010520
1.140497 8.978727 0.530582 39.031764
1.692985 12.547207 -0.720970 56.813856
1.432812 11.060890 0.030201 48.727825
1.051165 8.346735 0.648281 36.216099
1.000000 7.969558 0.697246 34.564103
1.114995 7.954637 -0.239658 36.983600
0.073960 0.326692 0.255788 1.972620
0.126179 0.499270 0.360237 3.253794
0.753286 3.967119 0.522024 22.537141
0.544566 3.370802 0.142326 17.081068
0.517934 3.053243 0.162559 15.980301
0.740046 5.020839 0.121486 24.020305
5.762543 6.903819 -8.475888 166.474779
3.099903 16.205848 -6.193238 96.838020
1.247668 9.447543 0.226256 41.679152
2.935003 16.728289 -5.306828 92.132631
1.247783 9.560407 0.263413 41.970052
1.000000 7.969558 0.697246 34.564103
1.000000 7.969558 0.697246 34.564103
2.174034 14.226460 -2.478540 70.126115
1.000000 7.969558 0.697246 34.564103
0.750355 4.624139 0.266346 23.926363
0.806760 4.942062 0.200636 25.592304
0.714544 4.285522 0.363675 22.522576
0.843467 5.006657 0.184749 26.446039
0.562316 3.282495 0.548912 17.478893
1.201387 7.206148 -0.489978 37.884012
1.099177 7.099893 -0.425416 35.550952
1.473737 9.372916 -1.192738 47.454295
1.940393 13.305030 -1.795663 63.576744
1.666145 11.726047 -0.864344 54.084808
1.071495 6.491862 -0.256942 33.908715
0.838502 4.961307 0.203088 26.381639
1.791242 10.338098 -2.045854 56.698253
1.060994 6.161631 -0.181492 33.171162
1.060994 6.161631 -0.181493 33.171162
0.314335 1.544564 0.738850 9.025014
2.838781 16.234737 -5.005465 89.369605
0.373096 1.843647 0.690810 10.744282
0.458446 1.728021 0.349904 12.348056
0.338278 1.701066 0.709626 9.849144
0.669209 3.859628 0.460280 20.756274
0.368111 1.967002 0.682097 10.953556
0.561224 3.263942 0.562797 17.497571
0.500405 2.935654 0.592625 15.633641
1.000000 7.969558 0.697246 34.564103
1.000000 7.969558 0.697246 34.564103
1.000000 7.969558 0.697246 34.564103
1.000000 7.969558 0.697246 34.564103
1.000000 7.969558 0.697246 34.564103
1.000000 7.969558 0.697246 34.564103
1.000000 7.969558 0.697246 34.564103
1.000000 7.969558 0.697246 34.564103
1.000000 7.969558 0.697246 34.564103
1.000000 7.969558 0.697246 34.564103
1.000000 7.969558 0.697246 34.564103
1.000000 7.969558 0.697246 34.564103
1.000000 7.969558 0.697246 34.564103
1.000000 7.969558 0.697246 34.564103
1.000000 7.969558 0.697246 34.564103
1.000000 7.969558 0.697246 34.564103
2.906435 10.967783 -1.193129 81.098248
1.729297 10.241727 -0.647627 51.758951
1.000000 7.969558 0.697246 34.564103
1.000000 7.969558 0.697246 34.564103
1.000000 7.969558 0.697246 34.564103
1.000000 7.969558 0.697246 34.564103
1.000000 7.969558 0.697246 34.564103
1.384560 9.934917 -0.598007 46.075749
1.709483 12.818344 -0.658487 57.701464
1.000000 7.969558 0.697246 34.564103
1.015746 8.088802 0.684289 35.082595
1.000000 7.969558 0.697246 34.564103
1.000000 7.969558 0.697246 34.564103
1.000000 7.969558 0.697246 34.564103
1.000000 7.969558 0.697246 34.564103
1.000000 7.969558 0.697246 34.564103
1.000000 7.969558 0.697246 34.564103
1.000000 7.969558 0.697246 34.564103
1.000000 7.969558 0.697246 34.564103
1.000000 7.969558 0.697246 34.564103
1.000000 7.969558 0.697246 34.564103
1.000000 7.969558 0.697246 34.564103
1.000000 7.969558 0.697246 34.564103
1.000000 7.969558 0.697246 34.564103
1.000000 7.969558 0.697246 34.564103
1.000000 7.969558 0.697246 34.564103
1.000000 7.969558 0.697246 34.564103
1.000000 7.969558 0.697246 34.564103
1.000000 7.969558 0.697246 34.564103
1.000000 7.969558 0.697246 34.564103
4.486452 14.569910 -8.292518 126.969164
2.624671 14.608127 -3.796637 80.050317
2.404085 10.555824 -3.775126 72.800422
3.391281 16.303522 -6.063472 101.000818
3.041723 16.508469 -5.672255 93.771032
2.673605 9.338291 -5.169424 81.589852
0.813992 3.486720 -0.745564 22.153301
2.862165 8.434205 -6.228655 87.216363
1.000000 7.969558 0.697246 34.564103
1.000000 7.969558 0.697246 34.564103
1.000000 7.969558 0.697246 34.564103
1.000000 7.969558 0.697246 34.564103
1.686064 11.559769 -0.819964 53.706428
3.343281 17.140082 -6.964479 103.554779
3.242475 14.840869 -6.233196 99.310850
4.210287 10.282517 -8.772260 123.722856
1.270529 9.555892 0.202010 42.222240
4.043681 14.923052 -8.469851 118.400080
2.128543 11.881858 -2.168032 63.627205
5.344708 9.844875 -9.074108 152.986907
3.395166 9.813272 -6.182692 100.744122
5.022971 8.280196 -9.733100 147.360359
1.000000 7.969558 0.697246 34.564103
1.056964 8.376687 0.621158 36.379188
1.940393 13.305031 -1.795663 63.576745
2.191597 14.667613 -2.471853 71.422847
1.000000 7.969558 0.697246 34.564103
1.000000 7.969558 0.697246 34.564103
1.000000 7.969558 0.697246 34.564103
1.013502 8.071900 0.688281 35.004593
1.000000 7.969558 0.697246 34.564103
1.000000 7.969558 0.697246 34.564103
1.715963 12.793800 -0.725514 57.785662
1.013214 8.069101 0.688133 34.991932
1.001159 7.978490 0.696736 34.602321
1.000000 7.969558 0.697246 34.564103
1.000000 7.969558 0.697246 34.564103
1.000000 7.969558 0.697246 34.564103
1.000000 7.969558 0.697246 34.564103
1.000000 7.969558 0.697246 34.564103
1.000000 7.969558 0.697246 34.564103
1.000000 7.969558 0.697246 34.564103
1.000000 7.969558 0.697246 34.564103
1.000000 7.969558 0.697246 34.564103
1.000000 7.969558 0.697246 34.564103
1.000000 7.969558 0.697246 34.564103
1.000000 7.969558 0.697246 34.564103
1.000000 7.969558 0.697246 34.564103
1.000000 7.969558 0.697246 34.564103
1.000000 7.969558 0.697246 34.564103
1.000000 7.969558 0.697246 34.564103
1.000000 7.969558 0.697246 34.564103
1.000000 7.969558 0.697246 34.564103
1.000000 7.969558 0.697246 34.564103
1.000000 7.969558 0.697246 34.564103
1.000000 7.969558 0.697246 34.564103
1.000000 7.969558 0.697246 34.564103
1.000000 7.969558 0.697246 34.564103
1.000000 7.969558 0.697246 34.564103
1.000000 7.969558 0.697246 34.564103
1.000000 7.969558 0.697246 34.564103
1.000000 7.969558 0.697246 34.564103
1.000000 7.969558 0.697246 34.564103
1.000000 7.969558 0.697246 34.564103
1.000000 7.969558 0.697246 34.564103
1.000000 7.969558 0.697246 34.564103
1.000000 7.969558 0.697246 34.564103
1.000000 7.969558 0.697246 34.564103
1.000000 7.969558 0.697246 34.564103
1.000000 7.969558 0.697246 34.564103
1.000000 7.969558 0.697246 34.564103
1.000000 7.969558 0.697246 34.564103
1.000000 7.969558 0.697246 34.564103
1.000000 7.969558 0.697246 34.564103
1.000000 7.969558 0.697246 34.564103
0.139666 0.694473 0.324316 3.787318
0.515385 2.553952 -0.125488 14.701784
1.483811 6.333951 -1.182151 43.623816
2.475124 9.705523 -4.491825 75.667012
1.536505 6.833714 -1.230306 45.538642
0.204255 1.092584 0.191299 5.600044
0.819995 3.875575 0.231653 23.736522
0.785202 3.778383 0.286727 22.888066
0.112458 0.605190 0.230985 3.101058
0.460853 2.291133 0.691317 13.393129
2.996099 10.471218 -5.517608 89.405180
0.910355 4.509140 0.199800 27.070128
1.447465 6.617032 -1.090576 43.321832
0.976926 4.789324 0.219733 28.775199
0.153331 0.715067 0.370878 4.113327
0.460853 2.291134 0.691317 13.393129
0.236093 1.099789 0.652745 6.704132
0.290342 1.405509 0.738227 8.400917
0.272013 1.342156 0.702955 8.008900
0.429430 2.168270 0.795396 12.638423
0.409660 2.114421 0.788645 12.068856
0.300606 1.427919 0.733587 8.544012
0.432573 2.225207 0.788262 12.680271
0.450982 2.284797 0.791811 13.168269
0.850293 4.376103 0.387583 25.368984
0.743467 3.316100 -0.787557 20.536022
0.101442 0.510239 0.277021 2.781700
0.531453 2.652165 0.779797 15.417404
0.225573 1.157053 0.248681 6.098423
0.813442 4.147964 0.449725 24.384627
4.260791 14.018189 -9.016383 125.430424
0.656115 3.525496 0.605663 19.815952
0.657112 3.521158 0.617088 19.874148
1.431980 7.022788 -0.881592 43.152325
2.326486 11.332082 -3.224420 71.402126
2.132375 11.230350 -2.930626 66.161204
3.816007 11.634482 -8.340682 113.042875
3.644090 14.394217 -7.975235 110.216945
1.634073 7.445614 -1.167510 48.496743
2.818769 10.940827 -4.560112 84.134972
3.647214 13.259125 -7.648582 109.342640
3.088379 13.184796 -6.333769 94.973126
1.387683 6.681461 -0.673983 41.883964
2.333409 9.977746 -3.474130 71.183003
2.014909 9.500203 -2.769886 62.177510
2.082070 11.050339 -2.808376 64.840592
0.332219 1.585136 0.668194 9.582210
0.323995 1.578070 0.734948 9.270007
0.367243 1.642742 0.666888 10.487452
0.464305 1.983405 0.720432 12.806393
0.532224 2.894883 0.709612 16.186170
0.391207 2.088842 0.768645 11.740338
0.409939 2.126557 0.775548 12.052772
1.245563 6.353085 -0.500171 38.067293
0.458637 2.586670 0.692328 14.101084
0.517267 2.890688 0.697536 15.908308
1.351399 6.972349 -0.595369 41.001030
1.138082 6.069558 -0.179640 34.960117
1.126497 6.054042 -0.205670 34.634600
0.798437 4.454450 0.388130 24.712726
0.721305 3.804831 0.533694 21.815647
0.758965 4.271545 0.430029 23.634784
0.761672 4.326890 0.371356 23.523051
0.236092 1.099789 0.652745 6.704132
1.000000 7.969558 0.697246 34.564103
