1.000000 7.969558 0.697246 34.564103
1.000000 7.969558 0.697246 34.564103
1.000000 7.969558 0.697246 34.564103
1.000000 7.969558 0.697246 34.564103
1.000000 7.969558 0.697246 34.564103
1.327540 9.641237 0.090060 43.215559
3.470051 16.415091 -6.211100 103.095455
2.889822 16.562541 -5.229207 90.984978
3.479733 15.305924 -6.637502 105.214724
2.036038 10.317023 -2.487556 63.351765
1.332119 5.974888 -0.945111 39.795166
1.248306 9.197160 0.290510 40.923991
1.000000 7.969558 0.697246 34.564103
1.362137 9.773247 0.065607 43.944044
1.000000 7.969558 0.697246 34.564103
2.273855 11.944793 -2.287529 65.695593
3.002151 14.638780 -4.158602 87.811382
2.394967 11.858116 -1.446167 68.297020
1.000000 7.969558 0.697246 34.564103
1.000000 7.969558 0.697246 34.564103
1.000000 7.969558 0.697246 34.564103
1.000000 7.969558 0.697246 34.564103
1.000000 7.969558 0.697246 34.564103
1.000000 7.969558 0.697246 34.564103
1.000000 7.969558 0.697246 34.564103
1.000000 7.969558 0.697246 34.564103
1.000000 7.969558 0.697246 34.564103
1.000000 7.969558 0.697246 34.564103
1.000000 7.969558 0.697246 34.564103
1.000000 7.969558 0.697246 34.564103
1.000000 7.969558 0.697246 34.564103
1.000000 7.969558 0.697246 34.564103
1.650853 12.028440 -0.786608 55.043940
1.000000 7.969558 0.697246 34.564103
1.000000 7.969558 0.697246 34.564103
1.000000 7.969558 0.697246 34.564103
1.226130 9.526820 0.360737 41.629432
1.000000 7.969558 0.697246 34.564103
5.478712 7.621308 -9.297093 159.741186
5.863694 8.839396 -8.227472 168.547876
4.695055 12.372366 -9.435491 134.236006
5.222559 9.702703 -9.421715 151.914128
5.397228 11.981053 -8.851434 152.337419
1.000000 7.969558 0.697246 34.564103
5.784687 6.788484 -5.966864 164.691342
1.000000 7.969558 0.697246 34.564103
1.000000 7.969558 0.697246 34.564103
1.000000 7.969558 0.697246 34.564103
1.000000 7.969558 0.697246 34.564103
1.000000 7.969558 0.697246 34.564103
1.000000 7.969558 0.697246 34.564103
1.000000 7.969558 0.697246 34.564103
1.438770 9.379896 0.560436 44.292403
6.421989 4.060288 -5.798031 185.869140
5.820903 6.570711 -4.933624 165.043486
6.084665 5.144746 -6.824590 175.148164
6.779206 2.938419 -3.124937 196.631563
6.425157 4.703607 -1.355277 182.229875
6.125561 4.920655 -4.038034 173.647314
4.783264 9.245933 -4.207809 133.453639
1.000000 7.969558 0.697246 34.564103
1.000000 7.969558 0.697246 34.564103
1.000000 7.969558 0.697246 34.564103
6.037060 5.781736 -7.708872 174.920445
5.344758 10.101458 -6.984408 150.569333
3.187934 11.777169 -0.752582 87.252594
4.657351 12.992346 -5.185824 126.415502
4.609376 11.725695 -9.070495 133.790830
5.507391 9.407976 -5.741351 156.017638
3.999058 13.005810 -6.331018 111.940607
6.368780 3.572645 -4.622199 182.458386
6.615023 2.994120 -1.480029 189.363373
1.000000 7.969558 0.697246 34.564103
1.000000 7.969558 0.697246 34.564103
1.000000 7.969558 0.697246 34.564103
1.000000 7.969558 0.697246 34.564103
1.000000 7.969558 0.697246 34.564103
1.000000 7.969558 0.697246 34.564103
1.000000 7.969558 0.697246 34.564103
1.000000 7.969558 0.697246 34.564103
1.000000 7.969558 0.697246 34.564103
1.000000 7.969558 0.697246 34.564103
6.145131 5.537486 -2.598210 172.977900
6.777610 2.267903 0.211732 195.433227
6.162383 4.752474 1.541814 173.221657
6.522920 2.105927 3.715383 186.314310
1.000000 7.969558 0.697246 34.564103
4.539032 9.128630 3.955640 124.140809
5.761330 8.214496 6.155242 160.343204
1.000000 7.969558 0.697246 34.564103
4.400262 10.961681 -0.160693 117.573311
5.159685 8.397257 -1.154548 141.027347
6.758746 1.808709 2.862827 194.934334
6.439807 3.360820 1.812750 182.902941
6.558425 2.163220 1.508434 187.158500
6.438506 4.626228 4.093934 183.475793
6.370410 4.057770 5.007803 181.028748
6.358723 3.430987 3.068044 180.207799
6.445700 2.591300 4.658337 183.656389
6.641113 2.508737 5.769254 191.378322
6.393944 3.233805 7.038718 182.926924
6.356367 4.898752 6.018357 180.285333
6.351470 3.610509 8.114732 182.597620
1.000000 7.969558 0.697246 34.564103
6.367163 6.497575 6.500933 179.980544
1.000000 7.969558 0.697246 34.564103
5.813626 7.361403 10.869677 165.240774
6.354667 4.329100 6.986155 180.880290
5.943697 4.872843 9.707552 170.248692
1.000000 7.969558 0.697246 34.564103
1.000000 7.969558 0.697246 34.564103
1.000000 7.969558 0.697246 34.564103
1.000000 7.969558 0.697246 34.564103
1.000000 7.969558 0.697246 34.564103
1.000000 7.969558 0.697246 34.564103
1.000000 7.969558 0.697246 34.564103
1.000000 7.969558 0.697246 34.564103
1.000000 7.969558 0.697246 34.564103
1.000000 7.969558 0.697246 34.564103
1.000000 7.969558 0.697246 34.564103
1.000000 7.969558 0.697246 34.564103
1.000000 7.969558 0.697246 34.564103
1.000000 7.969558 0.697246 34.564103
1.000000 7.969558 0.697246 34.564103
1.000000 7.969558 0.697246 34.564103
1.000000 7.969558 0.697246 34.564103
1.000000 7.969558 0.697246 34.564103
1.000000 7.969558 0.697246 34.564103
1.000000 7.969558 0.697246 34.564103
1.000000 7.969558 0.697246 34.564103
1.000000 7.969558 0.697246 34.564103
1.000000 7.969558 0.697246 34.564103
1.000000 7.969558 0.697246 34.564103
1.000000 7.969558 0.697246 34.564103
1.000000 7.969558 0.697246 34.564103
1.000000 7.969558 0.697246 34.564103
1.000000 7.969558 0.697246 34.564103
1.000000 7.969558 0.697246 34.564103
1.116609 8.657329 0.477896 37.852227
1.000000 7.969558 0.697246 34.564103
5.751824 5.637346 10.310132 164.391453
1.000000 7.969558 0.697246 34.564103
1.000000 7.969558 0.697246 34.564103
5.388011 9.404693 0.085405 147.626786
5.894078 6.785898 3.830021 165.181135
1.000000 7.969558 0.697246 34.564103
1.000000 7.969558 0.697246 34.564103
1.000000 7.969558 0.697246 34.564103
5.611893 8.804329 11.742523 160.215993
4.915958 7.615205 11.015257 141.120142
1.680975 7.327165 2.735100 49.931228
2.835961 8.483299 7.621874 85.923859
0.843155 4.016797 1.771514 24.715152
5.690438 9.682848 12.138508 161.556467
5.001594 9.395989 11.548635 144.144211
4.717160 8.246578 11.111297 136.336365
4.559349 11.895356 11.592277 133.080995
5.506299 6.230693 10.666852 157.601171
5.355740 7.036998 11.053420 153.394928
6.099452 5.265861 8.831589 173.138314
6.115165 6.369548 9.619053 173.536003
6.100889 4.315688 9.017538 174.351136
5.816628 6.501027 10.245295 165.360298
1.974270 10.475110 2.179321 56.907294
5.099822 10.980078 6.863010 137.285267
1.505695 9.922778 2.182688 46.929946
4.561145 11.380909 9.081855 126.304467
5.101901 11.193359 10.451765 142.468329
1.000000 7.969558 0.697246 34.564103
1.000000 7.969558 0.697246 34.564103
1.000000 7.969558 0.697246 34.564103
1.000000 7.969558 0.697246 34.564103
1.000000 7.969558 0.697246 34.564103
1.000000 7.969558 0.697246 34.564103
1.000000 7.969558 0.697246 34.564103
1.000000 7.969558 0.697246 34.564103
1.000000 7.969558 0.697246 34.564103
1.000000 7.969558 0.697246 34.564103
1.000000 7.969558 0.697246 34.564103
1.000000 7.969558 0.697246 34.564103
1.025828 8.075694 0.725374 35.145666
4.119260 11.701139 7.572057 112.160010
6.192260 6.583769 7.913993 173.935179
6.083174 8.512262 10.616806 170.896275
1.598115 9.698244 1.618553 48.109965
1.000000 7.969558 0.697246 34.564103
1.000000 7.969558 0.697246 34.564103
1.000000 7.969558 0.697246 34.564103
1.000000 7.969558 0.697246 34.564103
1.000000 7.969558 0.697246 34.564103
1.000000 7.969558 0.697246 34.564103
1.000000 7.969558 0.697246 34.564103
1.000000 7.969558 0.697246 34.564103
1.000000 7.969558 0.697246 34.564103
1.000000 7.969558 0.697246 34.564103
1.000000 7.969558 0.697246 34.564103
1.000000 7.969558 0.697246 34.564103
1.000000 7.969558 0.697246 34.564103
1.000000 7.969558 0.697246 34.564103
1.000000 7.969558 0.697246 34.564103
1.000000 7.969558 0.697246 34.564103
1.000000 7.969558 0.697246 34.564103
1.000000 7.969558 0.697246 34.564103
1.000000 7.969558 0.697246 34.564103
1.000000 7.969558 0.697246 34.564103
1.000000 7.969558 0.697246 34.564103
1.000000 7.969558 0.697246 34.564103
1.000000 7.969558 0.697246 34.564103
1.000000 7.969558 0.697246 34.564103
1.000000 7.969558 0.697246 34.564103
1.000000 7.969558 0.697246 34.564103
1.000000 7.969558 0.697246 34.564103
1.000000 7.969558 0.697246 34.564103
1.000000 7.969558 0.697246 34.564103
1.000000 7.969558 0.697246 34.564103
1.000000 7.969558 0.697246 34.564103
1.000000 7.969558 0.697246 34.564103
5.174366 11.667109 12.939489 148.287728
5.177292 11.935519 13.267612 149.546407
4.630476 13.674430 11.602797 131.586073
1.000000 7.969558 0.697246 34.564103
1.000000 7.969558 0.697246 34.564103
1.000000 7.969558 0.697246 34.564103
1.000000 7.969558 0.697246 34.564103
1.000000 7.969558 0.697246 34.564103
1.000000 7.969558 0.697246 34.564103
1.000000 7.969558 0.697246 34.564103
1.000000 7.969558 0.697246 34.564103
1.000000 7.969558 0.697246 34.564103
1.000000 7.969558 0.697246 34.564103
1.000000 7.969558 0.697246 34.564103
1.000000 7.969558 0.697246 34.564103
1.000000 7.969558 0.697246 34.564103
1.000000 7.969558 0.697246 34.564103
1.000000 7.969558 0.697246 34.564103
1.212931 8.762830 0.885531 39.346805
1.000000 7.969558 0.697246 34.564103
1.000000 7.969558 0.697246 34.564103
1.000000 7.969558 0.697246 34.564103
1.000000 7.969558 0.697246 34.564103
1.000000 7.969558 0.697246 34.564103
1.000000 7.969558 0.697246 34.564103
1.319416 9.756703 1.611804 43.819429
1.190440 9.188871 1.211837 40.474950
1.000000 7.969558 0.697246 34.564103
1.000000 7.969558 0.697246 34.564103
1.000000 7.969558 0.697246 34.564103
1.000000 7.969558 0.697246 34.564103
1.000000 7.969558 0.697246 34.564103
1.000000 7.969558 0.697246 34.564103
1.000000 7.969558 0.697246 34.564103
1.000000 7.969558 0.697246 34.564103
1.000000 7.969558 0.697246 34.564103
1.000000 7.969558 0.697246 34.564103
1.000000 7.969558 0.697246 34.564103
5.865373 8.391803 11.104305 165.582769
5.495295 7.739280 11.130440 156.655120
5.746440 11.687445 12.597853 162.691991
5.454090 10.858392 13.041059 156.736593
3.233850 11.267423 8.066678 96.700974
1.839146 11.219949 2.970507 56.197208
4.164602 14.613646 11.577438 121.576421
1.341602 9.561826 1.584422 43.487400
2.252022 11.798843 4.508642 67.254615
2.571036 12.951141 5.448403 76.722230
1.000000 7.969558 0.697246 34.564103
1.149989 8.833961 1.090783 38.809113
1.000000 7.969558 0.697246 34.564103
1.000000 7.969558 0.697246 34.564103
2.493272 14.365037 6.194599 78.593161
1.130784 8.806527 1.067088 38.650242
1.000000 7.969558 0.697246 34.564103
1.000000 7.969558 0.697246 34.564103
1.000000 7.969558 0.697246 34.564103
1.000000 7.969558 0.697246 34.564103
1.000000 7.969558 0.697246 34.564103
1.008571 8.006187 0.733264 34.768946
1.181101 8.771958 1.199952 38.972613
3.980591 13.423940 8.239031 110.529858
1.000000 7.969558 0.697246 34.564103
1.443610 10.051384 2.051672 46.387392
5.849264 9.356925 11.924524 165.556674
4.139124 13.261927 9.091402 116.601748
5.108825 13.436529 12.640476 145.370323
5.151736 9.431469 11.923668 147.506908
4.118565 10.258671 10.663872 120.793868
1.192587 8.984662 1.192163 39.712700
1.000000 7.969558 0.697246 34.564103
1.000000 7.969558 0.697246 34.564103
2.388664 11.635279 3.940431 68.869560
1.000000 7.969558 0.697246 34.564103
1.000000 7.969558 0.697246 34.564103
1.000000 7.969558 0.697246 34.564103
1.000000 7.969558 0.697246 34.564103
1.000000 7.969558 0.697246 34.564103
1.000000 7.969558 0.697246 34.564103
1.000000 7.969558 0.697246 34.564103
1.000000 7.969558 0.697246 34.564103
1.000000 7.969558 0.697246 34.564103
4.067828 11.281773 0.138864 108.300291
6.314245 6.031805 -0.055500 177.719236
4.763605 7.839557 1.454959 129.005877
3.913087 11.312860 3.559819 104.868185
6.275160 8.228974 9.041382 175.550220
6.278727 5.237139 7.997553 178.088102
6.147827 7.715298 9.798061 172.976952
5.392513 10.458799 8.998623 147.869787
1.000000 7.969558 0.697246 34.564103
2.222767 10.358381 1.784802 62.766360
1.449002 9.602555 1.763124 45.097490
3.215378 13.423035 8.766953 98.240397
2.273403 10.237994 4.884816 69.303030
2.582845 11.635005 6.307434 79.321404
1.000000 7.969558 0.697246 34.564103
1.000000 7.969558 0.697246 34.564103
0.885846 4.138966 1.785314 25.696597
1.000000 7.969558 0.697246 34.564103
1.000000 7.969558 0.697246 34.564103
1.000000 7.969558 0.697246 34.564103
1.000000 7.969558 0.697246 34.564103
1.000000 7.969558 0.697246 34.564103
1.000000 7.969558 0.697246 34.564103
1.000000 7.969558 0.697246 34.564103
1.000000 7.969558 0.697246 34.564103
1.000000 7.969558 0.697246 34.564103
1.000000 7.969558 0.697246 34.564103
1.000000 7.969558 0.697246 34.564103
1.000000 7.969558 0.697246 34.564103
1.000000 7.969558 0.697246 34.564103
1.000000 7.969558 0.697246 34.564103
1.000000 7.969558 0.697246 34.564103
1.000000 7.969558 0.697246 34.564103
1.000000 7.969558 0.697246 34.564103
1.000000 7.969558 0.697246 34.564103
1.000000 7.969558 0.697246 34.564103
1.000000 7.969558 0.697246 34.564103
1.000000 7.969558 0.697246 34.564103
1.000000 7.969558 0.697246 34.564103
1.000000 7.969558 0.697246 34.564103
1.000000 7.969558 0.697246 34.564103
1.000000 7.969558 0.697246 34.564103
1.000000 7.969558 0.697246 34.564103
1.000000 7.969558 0.697246 34.564103
1.000000 7.969558 0.697246 34.564103
1.000000 7.969558 0.697246 34.564103
1.000000 7.969558 0.697246 34.564103
1.000000 7.969558 0.697246 34.564103
1.000000 7.969558 0.697246 34.564103
1.552149 11.483545 2.401497 52.440230
1.000000 7.969558 0.697246 34.564103
1.000000 7.969558 0.697246 34.564103
1.000000 7.969558 0.697246 34.564103
1.000000 7.969558 0.697246 34.564103
1.000000 7.969558 0.697246 34.564103
1.000000 7.969558 0.697246 34.564103
1.000000 7.969558 0.697246 34.564103
1.000000 7.969558 0.697246 34.564103
1.000000 7.969558 0.697246 34.564103
1.000000 7.969558 0.697246 34.564103
1.000000 7.969558 0.697246 34.564103
1.000000 7.969558 0.697246 34.564103
1.565912 11.407516 2.550169 52.676159
1.361757 10.436134 1.680175 46.419520
1.253732 9.694169 1.379050 42.844998
1.000000 7.969558 0.697246 34.564103
1.000000 7.969558 0.697246 34.564103
1.000000 7.969558 0.697246 34.564103
1.556285 11.234134 2.508870 52.097425
1.556292 11.234167 2.508889 52.097606
1.000000 7.969558 0.697246 34.564103
1.000000 7.969558 0.697246 34.564103
1.000000 7.969558 0.697246 34.564103
1.000000 7.969558 0.697246 34.564103
1.000000 7.969558 0.697246 34.564103
1.000000 7.969558 0.697246 34.564103
0.099263 0.408939 -0.268113 2.552881
0.060155 0.262029 -0.184627 1.583434
0.136664 0.685099 -0.318819 3.772703
0.154146 0.790559 -0.360216 4.299367
0.009163 0.038620 -0.039329 0.223557
1.142265 8.993981 1.031758 39.308532
1.000000 7.969558 0.697246 34.564103
1.172742 9.177819 1.134359 40.260220
1.172745 9.177838 1.134366 40.260307
0.089536 0.470582 -0.180287 2.372077
0.124927 0.634555 -0.269055 3.356908
0.579174 3.234598 -0.119956 17.708871
0.716434 3.862439 0.083117 21.697836
0.481528 2.590205 -0.163005 14.299303
0.174005 0.924116 -0.229586 4.792257
0.134535 0.741106 -0.081441 3.604951
0.058458 0.336794 -0.091291 1.573206
0.424370 2.316342 -0.283839 12.662476
0.215862 1.127124 -0.323460 6.007649
0.205117 1.077231 -0.325459 5.744453
0.156541 0.778558 -0.286458 4.163848
0.066779 0.314363 -0.214380 1.817802
0.530472 2.846980 0.709189 15.970839
0.078368 0.496743 0.012027 2.217171
0.561744 2.967624 0.178324 16.683055
0.057012 0.329218 -0.089513 1.535456
1.093598 6.111286 1.291917 34.135629
1.954472 10.260532 4.375287 61.102528
2.635411 15.465756 6.832997 84.237679
2.785512 15.271377 7.383486 87.138375
1.861523 9.349382 3.683236 57.439703
1.452850 7.744646 2.340473 45.313186
2.722162 12.861486 7.070001 83.634571
1.460686 10.374498 2.160165 48.032985
3.217195 15.477162 9.077554 98.765779
1.465854 10.357132 2.149675 47.984295
3.681127 13.781174 10.273133 111.000735
2.626690 14.462854 6.285132 80.468453
2.007355 12.663681 4.193991 63.952973
3.507620 14.565980 8.891292 103.543576
3.146225 12.890508 8.490596 96.516866
3.374008 14.607067 9.283822 102.116302
1.417204 7.051379 2.077407 43.424709
1.611118 8.097860 2.618422 49.671571
1.610797 8.108533 2.646064 49.557275
2.582852 11.635015 6.307423 79.321524
2.158611 9.468340 4.669853 66.208500
0.228326 1.202488 -0.379907 6.471587
0.201806 1.055458 -0.217205 5.474819
0.102708 0.530308 -0.198610 2.705897
0.471716 2.757092 -0.283227 14.703476
0.891418 5.062468 0.585146 27.839382
0.463009 2.642425 -0.297967 14.270944
0.624276 3.586458 -0.044137 19.380443
0.735577 4.179097 0.165867 22.734738
0.886189 4.907475 0.550683 27.539753
0.715283 3.872658 0.103177 21.623968
0.363002 2.012287 -0.343776 10.943260
0.142299 0.776850 -0.074960 3.782764
0.381650 1.185226 -0.092129 9.665284
0.176687 0.666667 -0.166573 4.431847
0.447271 1.423425 0.218296 11.744227
0.167104 0.682125 0.497342 4.509649
0.271505 1.545678 -0.418355 8.286891
0.246363 1.266206 -0.404059 7.096140
0.335253 1.313344 -0.089044 8.915153
0.504786 1.822470 0.168252 13.619757
0.375419 1.382255 -0.053010 9.858812
0.485990 1.725252 0.232485 13.026488
0.508847 1.930685 0.223550 13.856784
0.331990 1.555034 0.629101 9.448524
0.554684 2.541036 0.208719 15.880096
1.565557 11.418501 2.552373 52.727079
0.592887 3.685546 0.308593 18.647176
0.597210 3.737250 0.320999 18.820986
0.722274 4.610913 0.607361 23.163166
1.414027 9.107597 2.559380 45.972614
1.414027 9.107605 2.559385 45.972645
0.756375 4.992833 0.799401 24.469046
1.196537 8.271289 1.836382 39.551477
0.863709 5.731878 1.036741 28.052394
0.016203 0.065204 -0.059397 0.383057
0.054133 0.157438 -0.148615 1.289027
0.068938 0.303822 -0.213312 1.810605
0.229507 0.915919 0.507344 6.221224
0.155827 0.797028 -0.360358 4.336253
0.142228 0.714215 -0.341500 3.941684
0.161677 0.834284 -0.388234 4.560854
0.539840 2.711889 0.070235 15.798898
0.511957 2.346327 0.114037 14.636976
0.526867 2.323690 0.103682 14.925198
0.465175 2.242080 0.424481 13.364602
0.561906 2.651457 0.202246 16.225275
0.530570 3.125889 0.531814 16.447621
0.552672 2.793839 0.224296 16.277121
0.763721 3.822620 0.599832 22.227240
0.427695 2.345286 -0.080199 12.887594
1.407303 7.000741 2.071332 43.216159
2.075236 9.274859 4.471231 64.080449
1.477351 6.860995 2.097426 44.124283
1.302942 6.353673 1.686922 39.594487
0.441268 2.536716 -0.318309 13.677439
1.843497 9.258772 3.601871 57.273176
0.621063 3.575551 -0.043472 19.323868
0.880204 4.883906 0.539948 27.384865
0.583002 3.238919 -0.127787 17.798346
0.472878 2.761126 -0.283327 14.722125
4.327267 12.267925 11.629492 127.120013
3.629510 13.344393 10.177663 109.429257
4.093253 14.400760 12.077837 122.883018
0.149067 0.875091 0.020110 4.118980
0.809276 4.266160 0.251658 24.251246
0.572664 3.009501 0.165054 16.943755
0.403977 2.220368 -0.253604 12.154153
3.335608 9.957091 8.047411 98.632631
2.794687 9.641038 6.867843 84.426951
1.392280 6.532590 2.005928 42.250172
3.208528 11.403479 8.169513 95.876587
3.072789 12.004914 5.129864 83.724963
4.534966 14.394342 12.301077 131.850284
2.517897 12.821606 5.465195 75.642961
0.238528 1.287117 -0.417302 6.937697
0.371089 2.061222 -0.357670 11.167927
0.160048 0.824074 -0.382538 4.507642
0.222282 1.206384 -0.427143 6.508215
0.163354 0.842843 -0.385121 4.597557
0.223215 1.178723 -0.380533 6.345379
0.145546 0.729688 -0.281495 3.912814
0.159156 0.797538 -0.336065 4.342390
0.124928 0.634559 -0.269057 3.356931
0.231568 0.976711 0.531598 6.363501
0.300786 0.881493 -0.005905 7.469770
0.257936 1.007051 -0.257628 6.643115
0.099871 0.447545 -0.276415 2.649347
0.109247 0.433809 0.135595 2.628815
0.345102 1.961583 -0.406581 10.539126
0.331521 1.861090 -0.390350 10.058880
0.301759 1.720627 -0.428351 9.246279
0.193927 1.044746 -0.419234 5.669495
0.301761 1.720635 -0.428355 9.246321
0.205936 1.138225 -0.432617 6.156711
0.137369 0.688337 -0.337692 3.814876
0.375303 1.587256 -0.175530 10.190156
0.146462 0.743533 -0.363346 4.102581
0.424069 1.672068 0.382559 11.523380
0.335604 1.965270 -0.415047 10.431939
1.449903 10.062420 2.475479 48.087806
1.562606 11.376179 2.544326 52.551264
1.526127 11.209043 2.371304 51.382908
0.580925 3.120918 0.232421 17.433370
0.575380 3.224392 0.294007 17.509460
0.577437 3.405071 0.267441 17.851584
0.569212 3.568425 0.194459 17.948322
0.760783 4.846422 0.694305 24.357576
0.569174 3.560866 0.174781 17.989404
0.565120 3.145522 0.181374 17.134542
0.569729 3.562805 0.175747 18.002830
0.557424 3.053121 0.082745 16.766048
0.543876 3.322032 0.074193 17.043057
0.535851 3.300679 0.061754 16.864147
0.556101 2.656214 0.198102 16.109363
0.552147 2.844018 0.229573 16.347412
0.551077 3.121140 0.116204 16.795833
0.901897 5.594573 1.016986 28.885046
0.915610 5.362224 0.928000 28.520905
0.742148 4.468280 0.503760 23.326371
1.420766 8.415515 2.584281 45.317389
0.452743 1.989872 0.437245 12.641544
0.550194 2.493916 0.275363 15.627534
0.457131 2.444088 0.576637 13.603963
0.403947 2.287336 0.656892 12.342909
0.517973 3.099439 0.577079 16.300007
0.540917 2.539375 0.267231 15.538892
0.505016 2.077675 0.076443 13.991887
0.415243 2.347360 -0.219986 12.551630
0.432083 1.706058 -0.080798 11.638480
0.492088 2.203051 0.026624 13.989802
0.363684 1.773144 -0.266751 10.414718
0.551825 3.086377 0.202120 16.744537
0.527609 3.170733 0.493370 16.438257
0.514285 3.086743 0.552203 16.094373
0.681541 4.240483 0.313076 21.762959
0.740138 5.020880 0.121331 24.021257
0.694631 4.605192 0.142211 22.390632
0.875008 6.018289 0.037273 28.542386
1.088493 7.633193 -0.239352 35.911729
0.530408 3.101879 0.293146 16.325381
0.554783 3.176076 0.182938 16.961969
0.527760 2.976715 0.212473 16.061970
0.526756 2.920368 0.235922 15.954840
0.668734 4.368704 0.146449 21.463008
0.217553 1.177047 -0.417605 6.362355
0.335602 1.965262 -0.415044 10.431894
0.356903 2.116119 -0.409603 11.120037
1.182647 6.427881 1.361204 36.728732
1.174790 6.405445 1.328852 36.722687
0.733620 4.172846 0.160724 22.723344
0.567709 3.304692 -0.139248 17.651255
0.892421 5.063788 0.590427 27.833411
0.911784 5.032632 0.559656 28.036343
0.923496 5.706849 1.068697 29.502957
0.742145 4.468271 0.503763 23.326321
0.896094 5.198374 0.829527 28.088315
0.659121 3.871857 0.101570 20.466100
0.483448 2.886319 -0.129479 14.979354
0.588643 3.591568 0.264988 18.386785
0.574173 3.174980 0.293378 17.391265
0.593197 3.585087 0.361720 18.475827
2.394108 12.093085 5.978188 74.378573
2.399956 13.992353 5.977746 76.789499
1.420765 8.415523 2.584288 45.317418
1.825599 12.324698 3.552234 59.961195
1.000000 7.969558 0.697246 34.564103
1.825609 12.324740 3.552263 59.961450
0.920765 5.773750 1.103108 29.391763
1.585175 11.001989 2.837729 52.574134
1.000000 7.969558 0.697246 34.564103
2.340952 11.498259 5.668845 72.532397
2.763882 14.959326 7.261704 86.324004
3.177881 15.316959 8.912694 97.710684
3.306691 14.708944 9.100974 100.007885
2.273892 10.248023 4.901957 69.238953
1.965275 10.474267 4.483919 61.579284
1.460202 7.782272 2.395315 45.293155
2.500092 14.489838 6.335929 79.697837
1.537897 8.561158 3.009392 48.610710
1.699491 9.835502 3.490663 53.896787
1.100135 6.169588 1.369952 34.144880
0.567745 3.304591 -0.140965 17.660045
0.483453 2.886339 -0.129480 14.979464
0.540403 3.226806 -0.113703 16.908854
0.560026 3.342774 -0.084529 17.502515
0.652239 3.844269 0.047946 20.464917
0.505853 2.996649 -0.224820 15.913850
0.435594 2.285364 -0.311843 12.878439
0.370988 2.113250 -0.364070 11.335225
0.353866 1.779101 -0.256997 10.251226
0.416907 2.337187 -0.230829 12.585012
1.672681 10.676589 3.341729 54.254408
1.000000 7.969558 0.697246 34.564103
1.000000 7.969558 0.697246 34.564103
1.000000 7.969558 0.697246 34.564103
1.000000 7.969558 0.697246 34.564103
1.000000 7.969558 0.697246 34.564103
1.000000 7.969558 0.697246 34.564103
1.000000 7.969558 0.697246 34.564103
1.000000 7.969558 0.697246 34.564103
1.000000 7.969558 0.697246 34.564103
0.529871 2.708661 0.416194 15.546203
0.250418 1.272620 -0.412635 7.181265
0.448921 2.480387 0.555990 13.539404
1.561125 10.970797 -0.967887 51.630968
1.677696 12.462020 -0.682531 56.372073
1.561127 10.970794 -0.967892 51.630982
1.677365 12.021387 -1.057268 55.824126
1.495988 10.698880 -0.778030 49.717605
0.554790 3.176099 0.182940 16.962126
0.514346 3.037019 0.168130 15.881756
0.501447 2.991212 0.257880 15.525215
0.761953 4.900425 0.141699 24.576576
0.856722 5.728138 0.023907 27.872676
0.520690 2.773380 0.397554 15.509715
0.525810 3.081007 0.430850 16.202941
0.572598 2.896861 0.259385 16.821083
0.668802 3.843562 0.477570 20.805237
1.860319 10.636459 -2.197494 58.553006
1.278379 7.209762 -0.610051 39.846692
2.221579 12.365715 -3.209720 69.393457
1.473554 9.371044 -1.192207 47.445828
1.072324 6.485551 -0.246078 33.945854
2.174883 14.230086 -2.480975 70.149722
1.304128 7.383322 -0.673578 40.358252
1.528900 10.383949 -1.074263 49.978300
2.034725 12.741017 -2.552861 65.438487
1.995796 12.235853 -2.461341 63.709903
2.136076 14.581613 -2.248100 70.061229
1.000000 7.969558 0.697246 34.564103
1.055659 8.363108 0.620483 36.319974
1.086195 8.510370 0.556309 37.074628
1.086200 8.510398 0.556304 37.074750
2.103892 14.628992 -2.000693 69.174656
1.099062 7.098586 -0.425048 35.545147
1.520716 10.333143 -1.059095 49.734358
0.856721 5.728144 0.023905 27.872693
1.650862 12.028488 -0.786628 55.044183
0.561890 2.895370 0.249314 16.613300
0.529315 3.089849 0.439234 16.288913
0.568493 3.168075 0.316778 17.193137
0.594618 3.762054 0.301169 18.973322
0.653751 4.309233 0.237149 21.152243
0.555803 3.143658 0.292140 16.910262
0.761952 4.900428 0.141696 24.576574
0.594622 3.762068 0.301170 18.973410
0.934946 6.347843 -0.040701 30.450356
1.478776 10.072531 -0.983800 48.475959
0.878057 6.040743 0.034185 28.639351
0.577865 3.519384 0.256092 18.101329
0.652384 4.288004 0.237006 21.080504
0.587718 3.674631 0.238281 18.597500
0.534176 2.850024 0.214741 15.978375
0.589679 3.610285 0.211294 18.484580
0.589686 3.610309 0.211295 18.484735
0.711274 4.268770 0.367085 22.433362
0.748416 4.636257 0.233013 23.805636
0.507506 3.012130 0.578668 15.908489
0.619103 3.908470 0.510081 19.641763
0.606041 3.867282 0.494468 19.290971
0.816542 5.526514 0.930315 26.655912
1.261895 8.836055 1.981067 41.893696
0.564593 3.076525 0.229163 16.969055
0.580896 3.427420 0.282283 17.964030
0.516639 2.768986 0.393858 15.427864
0.563711 2.882666 0.239220 16.643138
0.548173 2.747091 0.101959 16.039114
0.551397 2.780325 0.220709 16.234073
0.574972 3.170057 0.166345 17.366462
1.200827 8.299484 1.847416 39.685605
0.375812 1.165685 0.358162 9.743106
0.267849 1.081297 0.528818 7.195559
0.330874 1.633578 0.728829 9.526223
0.329218 1.538328 0.653248 9.500631
0.478381 2.226659 0.427126 13.573705
0.516840 2.085946 0.359024 14.203320
0.371879 1.973516 0.692795 11.044354
0.387865 2.071681 0.768606 11.649446
0.406410 2.275802 0.675557 12.396146
0.381062 2.081206 0.734022 11.503910
0.456835 2.585219 0.673776 14.005138
0.312632 1.466674 0.736262 8.829737
0.324906 1.620100 0.739752 9.380195
0.326798 1.033501 0.646785 8.422091
0.303726 1.458645 0.674826 8.750302
0.331204 1.271655 0.372828 8.901632
0.296111 1.395902 0.648545 8.526846
0.358776 1.557520 0.761015 9.939026
0.271741 1.315562 0.735535 7.837315
0.339127 1.541124 0.718304 9.528605
0.417290 2.131294 0.792283 12.295469
0.362433 1.672592 0.662715 10.329680
0.516681 2.903464 0.667298 15.814944
0.383990 2.084164 0.753172 11.607413
0.335600 1.729062 0.704191 9.867312
0.329146 1.697936 0.728162 9.689731
0.538454 2.994761 0.688057 16.486079
0.390456 2.123429 0.754523 11.802242
0.384857 1.998487 0.775094 11.359314
0.330609 1.631878 0.728589 9.519837
0.343635 1.545923 0.647697 9.667736
0.321628 1.533081 0.661078 9.250869
0.525073 2.862444 0.712204 15.999753
0.323231 1.513399 0.660173 9.271802
0.582900 3.631390 0.441507 18.382836
0.756952 4.996745 0.800777 24.487168
1.449905 10.062421 2.475483 48.087829
0.958814 6.366050 1.265159 31.188199
1.583977 10.976721 2.830165 52.476020
1.347894 10.198145 1.736244 45.785942
1.347890 10.198120 1.736231 45.785815
1.218833 9.466068 1.285980 41.762700
1.000000 7.969558 0.697246 34.564103
0.593190 3.585061 0.361714 18.475678
0.684194 4.405443 0.625631 21.910810
0.745198 4.752830 0.657932 23.880814
0.537609 3.223877 -0.058259 16.701222
0.863707 5.731871 1.036739 28.052353
0.930987 6.098649 1.180814 30.222957
0.683555 4.397889 0.623062 21.891737
0.930985 6.098647 1.180815 30.222944
0.523011 2.963491 0.219241 15.946432
0.555059 3.289047 0.333727 17.171394
0.532467 2.929112 0.226924 16.084670
0.560369 3.226327 0.178991 17.168443
0.538952 2.937383 0.242003 16.236331
0.567697 3.164625 0.301640 17.251704
0.546259 2.864963 0.243141 16.261096
0.549484 3.038934 0.198198 16.607983
0.553097 2.854044 0.229981 16.381586
0.555599 2.871861 0.228943 16.461803
0.619111 3.911065 0.511365 19.644672
0.560337 3.296602 0.323403 17.286242
0.525422 3.123196 0.314577 16.262799
0.581706 3.591647 0.125353 18.242387
1.205797 8.550538 -0.372494 39.936413
0.807340 5.446028 0.091693 26.253937
1.130907 7.923864 -0.299208 37.253056
1.608742 11.286895 -1.050562 53.116716
1.130908 7.923859 -0.299209 37.253046
1.384504 9.933822 -0.598176 46.071874
0.931516 6.533165 -0.051133 30.671547
1.205798 8.550530 -0.372497 39.936396
0.758357 5.179203 0.056176 24.688342
0.694798 4.608824 0.142364 22.400935
0.631130 4.078403 0.114327 20.109193
0.931514 6.533162 -0.051130 30.671517
0.631135 4.078419 0.114324 20.109291
0.583404 3.607577 0.122957 18.302899
0.807341 5.446029 0.091695 26.253952
1.495989 10.698875 -0.778035 49.717605
1.057145 8.378640 0.633741 36.365761
1.016682 8.097092 0.685119 35.118111
1.000000 7.969558 0.697246 34.564103
1.150473 9.075795 0.536261 39.444311
1.716231 12.795067 -0.726442 57.793141
1.567317 11.508760 -0.679924 52.526044
1.530138 11.019632 -0.804456 51.007461
1.140800 8.980858 0.530174 39.041304
1.693320 12.548945 -0.721979 56.823511
1.433202 11.063472 0.029428 48.740030
1.051338 8.347996 0.648097 36.221647
1.000000 7.969558 0.697246 34.564103
1.114967 7.953789 -0.239790 36.980645
0.073981 0.326772 0.255838 1.973023
0.126214 0.499382 0.360298 3.254407
0.753354 3.967209 0.522144 22.537967
0.544675 3.370899 0.142291 17.082078
0.518067 3.053481 0.162557 15.981989
0.740143 5.020894 0.121326 24.021343
5.762890 6.903589 -8.475355 166.477741
3.099651 16.201660 -6.192636 96.826593
1.248733 9.453465 0.223960 41.709197
2.935560 16.727872 -5.309051 92.144697
1.248628 9.565260 0.261524 41.994423
1.000000 7.969558 0.697246 34.564103
1.000000 7.969558 0.697246 34.564103
2.174859 14.229986 -2.480924 70.149126
1.000000 7.969558 0.697246 34.564103
0.750361 4.623708 0.266560 23.924833
0.806745 4.941491 0.200870 25.590092
0.714580 4.285322 0.363902 22.522242
0.843478 5.006234 0.185017 26.444680
0.562397 3.282663 0.549099 17.480243
1.201280 7.204783 -0.489525 37.878260
1.099062 7.098602 -0.425055 35.545210
1.473553 9.371019 -1.192198 47.445729
1.940678 13.305790 -1.796719 63.583466
1.667668 11.733185 -0.868707 54.127798
1.071412 6.490736 -0.256578 33.903874
0.838518 4.960925 0.203360 26.380488
1.790958 10.335372 -2.044848 56.685828
1.060967 6.160866 -0.181127 33.168250
1.060964 6.160869 -0.181136 33.168223
0.314445 1.545006 0.738970 9.027521
2.839045 16.233137 -5.006763 89.373483
0.373293 1.844324 0.690941 10.748721
0.458673 1.728494 0.349898 12.352668
0.338416 1.701582 0.709773 9.852266
0.669277 3.859680 0.460477 20.757087
0.368273 1.967621 0.682233 10.957285
0.561305 3.264118 0.562983 17.498946
0.500507 2.935957 0.592805 15.635661
1.000000 7.969558 0.697246 34.564103
1.000000 7.969558 0.697246 34.564103
1.000000 7.969558 0.697246 34.564103
1.000000 7.969558 0.697246 34.564103
1.000000 7.969558 0.697246 34.564103
1.000000 7.969558 0.697246 34.564103
1.000000 7.969558 0.697246 34.564103
1.000000 7.969558 0.697246 34.564103
1.000000 7.969558 0.697246 34.564103
1.000000 7.969558 0.697246 34.564103
1.000000 7.969558 0.697246 34.564103
1.000000 7.969558 0.697246 34.564103
1.000000 7.969558 0.697246 34.564103
1.000000 7.969558 0.697246 34.564103
1.000000 7.969558 0.697246 34.564103
1.000000 7.969558 0.697246 34.564103
2.908118 10.967602 -1.194522 81.143041
1.730210 10.243395 -0.649092 51.780570
1.000000 7.969558 0.697246 34.564103
1.000000 7.969558 0.697246 34.564103
1.000000 7.969558 0.697246 34.564103
1.000000 7.969558 0.697246 34.564103
1.000000 7.969558 0.697246 34.564103
1.384505 9.933813 -0.598179 46.071855
1.709828 12.820237 -0.659527 57.711707
1.000000 7.969558 0.697246 34.564103
1.015795 8.089166 0.684242 35.084182
1.000000 7.969558 0.697246 34.564103
1.000000 7.969558 0.697246 34.564103
1.000000 7.969558 0.697246 34.564103
1.000000 7.969558 0.697246 34.564103
1.000000 7.969558 0.697246 34.564103
1.000000 7.969558 0.697246 34.564103
1.000000 7.969558 0.697246 34.564103
1.000000 7.969558 0.697246 34.564103
1.000000 7.969558 0.697246 34.564103
1.000000 7.969558 0.697246 34.564103
1.000000 7.969558 0.697246 34.564103
1.000000 7.969558 0.697246 34.564103
1.000000 7.969558 0.697246 34.564103
1.000000 7.969558 0.697246 34.564103
1.000000 7.969558 0.697246 34.564103
1.000000 7.969558 0.697246 34.564103
1.000000 7.969558 0.697246 34.564103
1.000000 7.969558 0.697246 34.564103
1.000000 7.969558 0.697246 34.564103
4.487918 14.564161 -8.294837 127.006414
2.626635 14.612784 -3.802959 80.103338
2.403967 10.554263 -3.774107 72.793025
3.392658 16.304806 -6.067943 101.037349
3.042926 16.509590 -5.676927 93.803283
2.673811 9.338701 -5.168934 81.591870
0.814204 3.487326 -0.745415 22.157727
2.862526 8.434664 -6.228365 87.222286
1.000000 7.969558 0.697246 34.564103
1.000000 7.969558 0.697246 34.564103
1.000000 7.969558 0.697246 34.564103
1.000000 7.969558 0.697246 34.564103
1.687722 11.567407 -0.824216 53.752156
3.343303 17.136587 -6.964720 103.550776
3.242059 14.837200 -6.231113 99.293038
4.210769 10.282554 -8.771275 123.730134
1.272005 9.563413 0.198787 42.262070
4.044450 14.918944 -8.472131 118.417628
2.131399 11.885746 -2.173867 63.693364
5.345121 9.844205 -9.073217 152.992156
3.395635 9.813719 -6.182028 100.752340
5.023264 8.280180 -9.732643 147.362409
1.000000 7.969558 0.697246 34.564103
1.057123 8.377791 0.620915 36.384175
1.940687 13.305824 -1.796741 63.583682
2.191987 14.668745 -2.473330 71.433095
1.000000 7.969558 0.697246 34.564103
1.000000 7.969558 0.697246 34.564103
1.000000 7.969558 0.697246 34.564103
1.013550 8.072258 0.688244 35.006137
1.000000 7.969558 0.697246 34.564103
1.000000 7.969558 0.697246 34.564103
1.716224 12.795035 -0.726426 57.792975
1.013259 8.069441 0.688096 34.993399
1.001163 7.978524 0.696734 34.602468
1.000000 7.969558 0.697246 34.564103
1.000000 7.969558 0.697246 34.564103
1.000000 7.969558 0.697246 34.564103
1.000000 7.969558 0.697246 34.564103
1.000000 7.969558 0.697246 34.564103
1.000000 7.969558 0.697246 34.564103
1.000000 7.969558 0.697246 34.564103
1.000000 7.969558 0.697246 34.564103
1.000000 7.969558 0.697246 34.564103
1.000000 7.969558 0.697246 34.564103
1.000000 7.969558 0.697246 34.564103
1.000000 7.969558 0.697246 34.564103
1.000000 7.969558 0.697246 34.564103
1.000000 7.969558 0.697246 34.564103
1.000000 7.969558 0.697246 34.564103
1.000000 7.969558 0.697246 34.564103
1.000000 7.969558 0.697246 34.564103
1.000000 7.969558 0.697246 34.564103
1.000000 7.969558 0.697246 34.564103
1.000000 7.969558 0.697246 34.564103
1.000000 7.969558 0.697246 34.564103
1.000000 7.969558 0.697246 34.564103
1.000000 7.969558 0.697246 34.564103
1.000000 7.969558 0.697246 34.564103
1.000000 7.969558 0.697246 34.564103
1.000000 7.969558 0.697246 34.564103
1.000000 7.969558 0.697246 34.564103
1.000000 7.969558 0.697246 34.564103
1.000000 7.969558 0.697246 34.564103
1.000000 7.969558 0.697246 34.564103
1.000000 7.969558 0.697246 34.564103
1.000000 7.969558 0.697246 34.564103
1.000000 7.969558 0.697246 34.564103
1.000000 7.969558 0.697246 34.564103
1.000000 7.969558 0.697246 34.564103
1.000000 7.969558 0.697246 34.564103
1.000000 7.969558 0.697246 34.564103
1.000000 7.969558 0.697246 34.564103
1.000000 7.969558 0.697246 34.564103
1.000000 7.969558 0.697246 34.564103
0.139745 0.694808 0.324518 3.789276
0.515542 2.554527 -0.125324 14.705361
1.484003 6.334473 -1.181937 43.627366
2.475107 9.705038 -4.491274 75.662796
1.536586 6.833788 -1.230187 45.538889
0.204346 1.092977 0.191456 5.602246
0.820173 3.876164 0.231880 23.740417
0.785363 3.778938 0.286919 22.891561
0.112527 0.605504 0.231155 3.102807
0.460976 2.291605 0.691535 13.396008
2.996074 10.470600 -5.516929 89.400251
0.910450 4.509403 0.199851 27.071534
1.447546 6.617124 -1.090462 43.322152
0.976962 4.789330 0.219688 28.774944
0.153457 0.715548 0.371162 4.116420
0.460981 2.291620 0.691541 13.396107
0.236192 1.100194 0.652941 6.706515
0.290421 1.405837 0.738397 8.402796
0.272108 1.342541 0.703192 8.011252
0.429482 2.168468 0.795426 12.639286
0.409738 2.114694 0.788755 12.070419
0.300707 1.428326 0.733690 8.546260
0.432643 2.225438 0.788365 12.681599
0.451040 2.284999 0.791866 13.169283
0.850345 4.376131 0.387639 25.369260
0.743633 3.316620 -0.787449 20.539481
0.101510 0.510537 0.277211 2.783424
0.531511 2.652372 0.779807 15.418316
0.225680 1.157494 0.248868 6.100988
0.813474 4.147982 0.449697 24.384396
4.260227 14.013669 -9.014174 125.408978
0.656188 3.525636 0.605796 19.817007
0.657179 3.521283 0.617211 19.875092
1.431983 7.022306 -0.881345 43.150292
2.326304 11.330038 -3.223251 71.392586
2.132126 11.227768 -2.929549 66.149738
3.815791 11.633141 -8.339147 113.031606
3.643853 14.390777 -7.973133 110.202692
1.633977 7.444866 -1.167500 48.491901
2.818448 10.938808 -4.559412 84.122142
3.646475 13.254886 -7.646455 109.316773
3.088041 13.181674 -6.331769 94.957094
1.387603 6.680818 -0.673999 41.879719
2.333103 9.975920 -3.473551 71.170934
2.014796 9.498894 -2.769035 62.170825
2.081790 11.047654 -2.807225 64.828305
0.332326 1.585538 0.668304 9.584558
0.324110 1.578524 0.735068 9.272617
0.367356 1.643167 0.666974 10.489922
0.464460 1.983955 0.720511 12.809740
0.532300 2.895089 0.709746 16.187515
0.391301 2.089182 0.768785 11.742343
0.410022 2.126843 0.775671 12.054448
1.245570 6.352699 -0.499954 38.065586
0.458733 2.586981 0.692499 14.103061
0.517353 2.890929 0.697702 15.909934
1.351415 6.971850 -0.595018 40.999372
1.138110 6.069228 -0.179343 34.959142
1.126522 6.053697 -0.205378 34.633494
0.798493 4.454415 0.388333 24.713076
0.721355 3.804893 0.533756 21.816030
0.759026 4.271548 0.430229 23.635317
0.761730 4.326851 0.371559 23.523429
0.236189 1.100184 0.652936 6.706453
1.000000 7.969558 0.697246 34.564103
