1.000000 7.969558 0.697246 34.564103
1.000000 7.969558 0.697246 34.564103
1.000000 7.969558 0.697246 34.564103
1.000000 7.969558 0.697246 34.564103
1.000000 7.969558 0.697246 34.564103
1.328830 9.647237 0.087345 43.249305
3.471190 16.415634 -6.214936 103.126028
2.891087 16.564505 -5.234242 91.019537
3.479434 15.302419 -6.635503 105.200079
2.035862 10.315201 -2.486545 63.342989
1.332306 5.975430 -0.944918 39.798725
1.249461 9.202255 0.288409 40.953047
1.000000 7.969558 0.697246 34.564103
1.363992 9.780542 0.062088 43.989242
1.000000 7.969558 0.697246 34.564103
2.275500 11.947808 -2.291468 65.735835
3.004562 14.644400 -4.165033 87.874972
2.396937 11.860702 -1.448744 68.344621
1.000000 7.969558 0.697246 34.564103
1.000000 7.969558 0.697246 34.564103
1.000000 7.969558 0.697246 34.564103
1.000000 7.969558 0.697246 34.564103
1.000000 7.969558 0.697246 34.564103
1.000000 7.969558 0.697246 34.564103
1.000000 7.969558 0.697246 34.564103
1.000000 7.969558 0.697246 34.564103
1.000000 7.969558 0.697246 34.564103
1.000000 7.969558 0.697246 34.564103
1.000000 7.969558 0.697246 34.564103
1.000000 7.969558 0.697246 34.564103
1.000000 7.969558 0.697246 34.564103
1.000000 7.969558 0.697246 34.564103
1.651168 12.029995 -0.787518 55.052750
1.000000 7.969558 0.697246 34.564103
1.000000 7.969558 0.697246 34.564103
1.000000 7.969558 0.697246 34.564103
1.226999 9.532428 0.359091 41.655958
1.000000 7.969558 0.697246 34.564103
5.479042 7.621172 -9.296657 159.743749
5.864055 8.838704 -8.226780 168.551150
4.696056 12.370240 -9.435354 134.259142
5.222777 9.702424 -9.420738 151.913352
5.398081 11.979735 -8.852005 152.358799
1.000000 7.969558 0.697246 34.564103
5.785419 6.787483 -5.966383 164.709229
1.000000 7.969558 0.697246 34.564103
1.000000 7.969558 0.697246 34.564103
1.000000 7.969558 0.697246 34.564103
1.000000 7.969558 0.697246 34.564103
1.000000 7.969558 0.697246 34.564103
1.000000 7.969558 0.697246 34.564103
1.000000 7.969558 0.697246 34.564103
1.440737 9.385136 0.559136 44.335991
6.422428 4.059930 -5.797498 185.873887
5.821595 6.569178 -4.933713 165.062082
6.085103 5.144497 -6.823844 175.154322
6.779580 2.937973 -3.124794 196.631784
6.425541 4.702684 -1.355449 182.232210
6.126105 4.919849 -4.038013 173.657770
4.784760 9.243377 -4.208835 133.498127
1.000000 7.969558 0.697246 34.564103
1.000000 7.969558 0.697246 34.564103
1.000000 7.969558 0.697246 34.564103
6.037446 5.781601 -7.708299 174.924672
5.345773 10.099937 -6.984318 150.592703
3.189874 11.777578 -0.753996 87.301551
4.659656 12.991771 -5.189452 126.474853
4.609723 11.724533 -9.068685 133.794007
5.508478 9.406231 -5.741205 156.045951
4.001435 13.005717 -6.334720 112.001997
6.369207 3.572252 -4.621835 182.462795
6.615417 2.993617 -1.480233 189.364418
1.000000 7.969558 0.697246 34.564103
1.000000 7.969558 0.697246 34.564103
1.000000 7.969558 0.697246 34.564103
1.000000 7.969558 0.697246 34.564103
1.000000 7.969558 0.697246 34.564103
1.000000 7.969558 0.697246 34.564103
1.000000 7.969558 0.697246 34.564103
1.000000 7.969558 0.697246 34.564103
1.000000 7.969558 0.697246 34.564103
1.000000 7.969558 0.697246 34.564103
6.145680 5.536457 -2.598809 172.988540
6.778134 2.267929 0.211418 195.437293
6.163177 4.752764 1.541772 173.236707
6.523504 2.106392 3.715905 186.319866
1.000000 7.969558 0.697246 34.564103
4.540665 9.127431 3.955486 124.183562
5.762539 8.213694 6.154714 160.370600
1.000000 7.969558 0.697246 34.564103
4.402219 10.959391 -0.163021 117.625260
5.161100 8.395298 -1.156805 141.066827
6.759390 1.809097 2.863152 194.941536
6.440450 3.361429 1.812949 182.911584
6.559017 2.163644 1.508368 187.164847
6.439101 4.626640 4.093942 183.483034
6.370910 4.058299 5.008205 181.032401
6.359346 3.431547 3.068298 180.215658
6.446214 2.591798 4.659031 183.659732
6.641616 2.509209 5.770278 191.381051
6.394304 3.234248 7.039806 182.926052
6.356825 4.899247 6.018619 180.288162
6.351705 3.610971 8.116028 182.593072
1.000000 7.969558 0.697246 34.564103
6.367673 6.497705 6.500771 179.985938
1.000000 7.969558 0.697246 34.564103
5.813308 7.359871 10.868908 165.224102
6.355000 4.329540 6.986815 180.879202
5.943631 4.872924 9.708513 170.236318
1.000000 7.969558 0.697246 34.564103
1.000000 7.969558 0.697246 34.564103
1.000000 7.969558 0.697246 34.564103
1.000000 7.969558 0.697246 34.564103
1.000000 7.969558 0.697246 34.564103
1.000000 7.969558 0.697246 34.564103
1.000000 7.969558 0.697246 34.564103
1.000000 7.969558 0.697246 34.564103
1.000000 7.969558 0.697246 34.564103
1.000000 7.969558 0.697246 34.564103
1.000000 7.969558 0.697246 34.564103
1.000000 7.969558 0.697246 34.564103
1.000000 7.969558 0.697246 34.564103
1.000000 7.969558 0.697246 34.564103
1.000000 7.969558 0.697246 34.564103
1.000000 7.969558 0.697246 34.564103
1.000000 7.969558 0.697246 34.564103
1.000000 7.969558 0.697246 34.564103
1.000000 7.969558 0.697246 34.564103
1.000000 7.969558 0.697246 34.564103
1.000000 7.969558 0.697246 34.564103
1.000000 7.969558 0.697246 34.564103
1.000000 7.969558 0.697246 34.564103
1.000000 7.969558 0.697246 34.564103
1.000000 7.969558 0.697246 34.564103
1.000000 7.969558 0.697246 34.564103
1.000000 7.969558 0.697246 34.564103
1.000000 7.969558 0.697246 34.564103
1.000000 7.969558 0.697246 34.564103
1.117188 8.660492 0.476677 37.868171
1.000000 7.969558 0.697246 34.564103
5.751679 5.636915 10.310627 164.377823
1.000000 7.969558 0.697246 34.564103
1.000000 7.969558 0.697246 34.564103
5.389107 9.402116 0.085434 147.653362
5.895052 6.785323 3.830057 165.202725
1.000000 7.969558 0.697246 34.564103
1.000000 7.969558 0.697246 34.564103
1.000000 7.969558 0.697246 34.564103
5.611779 8.803421 11.741500 160.205220
4.915811 7.614517 11.014702 141.107261
1.681030 7.327113 2.734886 49.929875
2.836019 8.483166 7.621414 85.920171
0.843195 4.016836 1.771416 24.714752
5.690353 9.681807 12.137616 161.547521
5.001632 9.395882 11.547592 144.137561
4.717215 8.246358 11.110505 136.329956
4.559215 11.894721 11.591387 133.071831
5.506077 6.230233 10.667007 157.585101
5.355590 7.036296 11.053044 153.381805
6.099455 5.265693 8.832108 173.128752
6.114969 6.368430 9.618828 173.521805
6.100960 4.315786 9.018628 174.342774
5.816385 6.500025 10.245161 165.344644
1.976964 10.480635 2.183968 56.971140
5.101227 10.975735 6.863386 137.323252
1.507488 9.928379 2.187782 46.973354
4.563396 11.378930 9.084574 126.365675
5.102746 11.191549 10.454255 142.490521
1.000000 7.969558 0.697246 34.564103
1.000000 7.969558 0.697246 34.564103
1.000000 7.969558 0.697246 34.564103
1.000000 7.969558 0.697246 34.564103
1.000000 7.969558 0.697246 34.564103
1.000000 7.969558 0.697246 34.564103
1.000000 7.969558 0.697246 34.564103
1.000000 7.969558 0.697246 34.564103
1.000000 7.969558 0.697246 34.564103
1.000000 7.969558 0.697246 34.564103
1.000000 7.969558 0.697246 34.564103
1.000000 7.969558 0.697246 34.564103
1.027169 8.081158 0.726788 35.175823
4.121697 11.697027 7.575101 112.224142
6.192555 6.583130 7.913430 173.935698
6.082898 8.509482 10.614942 170.884081
1.600855 9.704476 1.623546 48.173216
1.000000 7.969558 0.697246 34.564103
1.000000 7.969558 0.697246 34.564103
1.000000 7.969558 0.697246 34.564103
1.000000 7.969558 0.697246 34.564103
1.000000 7.969558 0.697246 34.564103
1.000000 7.969558 0.697246 34.564103
1.000000 7.969558 0.697246 34.564103
1.000000 7.969558 0.697246 34.564103
1.000000 7.969558 0.697246 34.564103
1.000000 7.969558 0.697246 34.564103
1.000000 7.969558 0.697246 34.564103
1.000000 7.969558 0.697246 34.564103
1.000000 7.969558 0.697246 34.564103
1.000000 7.969558 0.697246 34.564103
1.000000 7.969558 0.697246 34.564103
1.000000 7.969558 0.697246 34.564103
1.000000 7.969558 0.697246 34.564103
1.000000 7.969558 0.697246 34.564103
1.000000 7.969558 0.697246 34.564103
1.000000 7.969558 0.697246 34.564103
1.000000 7.969558 0.697246 34.564103
1.000000 7.969558 0.697246 34.564103
1.000000 7.969558 0.697246 34.564103
1.000000 7.969558 0.697246 34.564103
1.000000 7.969558 0.697246 34.564103
1.000000 7.969558 0.697246 34.564103
1.000000 7.969558 0.697246 34.564103
1.000000 7.969558 0.697246 34.564103
1.000000 7.969558 0.697246 34.564103
1.000000 7.969558 0.697246 34.564103
1.000000 7.969558 0.697246 34.564103
1.000000 7.969558 0.697246 34.564103
5.175389 11.667900 12.941248 148.311737
5.177260 11.934727 13.266972 149.540705
4.631949 13.672203 11.606286 131.625286
1.000000 7.969558 0.697246 34.564103
1.000000 7.969558 0.697246 34.564103
1.000000 7.969558 0.697246 34.564103
1.000000 7.969558 0.697246 34.564103
1.000000 7.969558 0.697246 34.564103
1.000000 7.969558 0.697246 34.564103
1.000000 7.969558 0.697246 34.564103
1.000000 7.969558 0.697246 34.564103
1.000000 7.969558 0.697246 34.564103
1.000000 7.969558 0.697246 34.564103
1.000000 7.969558 0.697246 34.564103
1.000000 7.969558 0.697246 34.564103
1.000000 7.969558 0.697246 34.564103
1.000000 7.969558 0.697246 34.564103
1.000000 7.969558 0.697246 34.564103
1.214244 8.767266 0.886749 39.375971
1.000000 7.969558 0.697246 34.564103
1.000000 7.969558 0.697246 34.564103
1.000000 7.969558 0.697246 34.564103
1.000000 7.969558 0.697246 34.564103
1.000000 7.969558 0.697246 34.564103
1.000000 7.969558 0.697246 34.564103
1.319930 9.759243 1.613414 43.833893
1.190791 9.190970 1.212876 40.485617
1.000000 7.969558 0.697246 34.564103
1.000000 7.969558 0.697246 34.564103
1.000000 7.969558 0.697246 34.564103
1.000000 7.969558 0.697246 34.564103
1.000000 7.969558 0.697246 34.564103
1.000000 7.969558 0.697246 34.564103
1.000000 7.969558 0.697246 34.564103
1.000000 7.969558 0.697246 34.564103
1.000000 7.969558 0.697246 34.564103
1.000000 7.969558 0.697246 34.564103
1.000000 7.969558 0.697246 34.564103
5.864917 8.389604 11.102789 165.563797
5.495074 7.738075 11.129608 156.640681
5.747188 11.688544 12.600125 162.708894
5.454503 10.859382 13.040840 156.742045
3.233870 11.266858 8.065813 96.696316
1.841446 11.225755 2.977078 56.254500
4.166133 14.611875 11.581679 121.616699
1.342783 9.566245 1.587543 43.516891
2.254241 11.802056 4.514470 67.309192
2.572394 12.955128 5.452585 76.758241
1.000000 7.969558 0.697246 34.564103
1.150858 8.838485 1.093228 38.832993
1.000000 7.969558 0.697246 34.564103
1.000000 7.969558 0.697246 34.564103
2.494435 14.368400 6.199232 78.625733
1.130993 8.807727 1.067751 38.656544
1.000000 7.969558 0.697246 34.564103
1.000000 7.969558 0.697246 34.564103
1.000000 7.969558 0.697246 34.564103
1.000000 7.969558 0.697246 34.564103
1.000000 7.969558 0.697246 34.564103
1.009018 8.008054 0.735152 34.779500
1.182263 8.776466 1.203033 39.000468
3.983023 13.426988 8.246692 110.593529
1.000000 7.969558 0.697246 34.564103
1.445296 10.058131 2.056968 46.431393
5.849069 9.355342 11.923622 165.546161
4.141239 13.264392 9.098314 116.659028
5.109259 13.434016 12.641939 145.381801
5.151835 9.431242 11.922619 147.502172
4.118516 10.258357 10.663017 120.786139
1.193641 8.989468 1.195011 39.739838
1.000000 7.969558 0.697246 34.564103
1.000000 7.969558 0.697246 34.564103
2.390120 11.637513 3.944053 68.906264
1.000000 7.969558 0.697246 34.564103
1.000000 7.969558 0.697246 34.564103
1.000000 7.969558 0.697246 34.564103
1.000000 7.969558 0.697246 34.564103
1.000000 7.969558 0.697246 34.564103
1.000000 7.969558 0.697246 34.564103
1.000000 7.969558 0.697246 34.564103
1.000000 7.969558 0.697246 34.564103
1.000000 7.969558 0.697246 34.564103
4.069775 11.281022 0.140270 108.350253
6.314761 6.030548 -0.055560 177.726359
4.765202 7.839504 1.455721 129.047105
3.915128 11.312620 3.560855 104.917789
6.275288 8.226267 9.039592 175.548591
6.278912 5.237182 7.997721 178.083678
6.147530 7.713139 9.796789 172.961929
5.393491 10.454358 8.999832 147.898592
1.000000 7.969558 0.697246 34.564103
2.224345 10.360030 1.785043 62.803200
1.450571 9.606836 1.765043 45.131969
3.215439 13.422300 8.766118 98.237526
2.273400 10.237444 4.884052 69.299298
2.582844 11.634368 6.306541 79.317467
1.000000 7.969558 0.697246 34.564103
1.000000 7.969558 0.697246 34.564103
0.885909 4.139059 1.785216 25.696629
1.000000 7.969558 0.697246 34.564103
1.000000 7.969558 0.697246 34.564103
1.000000 7.969558 0.697246 34.564103
1.000000 7.969558 0.697246 34.564103
1.000000 7.969558 0.697246 34.564103
1.000000 7.969558 0.697246 34.564103
1.000000 7.969558 0.697246 34.564103
1.000000 7.969558 0.697246 34.564103
1.000000 7.969558 0.697246 34.564103
1.000000 7.969558 0.697246 34.564103
1.000000 7.969558 0.697246 34.564103
1.000000 7.969558 0.697246 34.564103
1.000000 7.969558 0.697246 34.564103
1.000000 7.969558 0.697246 34.564103
1.000000 7.969558 0.697246 34.564103
1.000000 7.969558 0.697246 34.564103
1.000000 7.969558 0.697246 34.564103
1.000000 7.969558 0.697246 34.564103
1.000000 7.969558 0.697246 34.564103
1.000000 7.969558 0.697246 34.564103
1.000000 7.969558 0.697246 34.564103
1.000000 7.969558 0.697246 34.564103
1.000000 7.969558 0.697246 34.564103
1.000000 7.969558 0.697246 34.564103
1.000000 7.969558 0.697246 34.564103
1.000000 7.969558 0.697246 34.564103
1.000000 7.969558 0.697246 34.564103
1.000000 7.969558 0.697246 34.564103
1.000000 7.969558 0.697246 34.564103
1.000000 7.969558 0.697246 34.564103
1.000000 7.969558 0.697246 34.564103
1.000000 7.969558 0.697246 34.564103
1.552331 11.484390 2.402210 52.445428
1.000000 7.969558 0.697246 34.564103
1.000000 7.969558 0.697246 34.564103
1.000000 7.969558 0.697246 34.564103
1.000000 7.969558 0.697246 34.564103
1.000000 7.969558 0.697246 34.564103
1.000000 7.969558 0.697246 34.564103
1.000000 7.969558 0.697246 34.564103
1.000000 7.969558 0.697246 34.564103
1.000000 7.969558 0.697246 34.564103
1.000000 7.969558 0.697246 34.564103
1.000000 7.969558 0.697246 34.564103
1.000000 7.969558 0.697246 34.564103
1.566036 11.407911 2.550716 52.679252
1.361953 10.437316 1.680808 46.425592
1.253928 9.695395 1.379645 42.851151
1.000000 7.969558 0.697246 34.564103
1.000000 7.969558 0.697246 34.564103
1.000000 7.969558 0.697246 34.564103
1.556567 11.235487 2.509877 52.105637
1.556580 11.235554 2.509916 52.105997
1.000000 7.969558 0.697246 34.564103
1.000000 7.969558 0.697246 34.564103
1.000000 7.969558 0.697246 34.564103
1.000000 7.969558 0.697246 34.564103
1.000000 7.969558 0.697246 34.564103
1.000000 7.969558 0.697246 34.564103
0.099315 0.409094 -0.268211 2.553929
0.060186 0.262128 -0.184700 1.584071
0.136714 0.685293 -0.318911 3.773741
0.154189 0.790730 -0.360306 4.300253
0.009169 0.038639 -0.039351 0.223671
1.142398 8.994900 1.032105 39.312877
1.000000 7.969558 0.697246 34.564103
1.172887 9.178773 1.134771 40.264859
1.172893 9.178810 1.134785 40.265034
0.089564 0.470699 -0.180349 2.372669
0.124967 0.634713 -0.269137 3.357741
0.579239 3.234785 -0.120048 17.709606
0.716492 3.862564 0.083027 21.698179
0.481586 2.590378 -0.163088 14.300027
0.174044 0.924264 -0.229653 4.792986
0.134565 0.741226 -0.081482 3.605506
0.058479 0.336891 -0.091331 1.573656
0.424429 2.316530 -0.283925 12.663306
0.215905 1.127284 -0.323539 6.008444
0.205161 1.077397 -0.325540 5.745286
0.156600 0.778789 -0.286546 4.165084
0.066806 0.314461 -0.214456 1.818377
0.530520 2.847106 0.709134 15.971191
0.078384 0.496819 0.012011 2.217477
0.561795 2.967752 0.178251 16.683466
0.057029 0.329295 -0.089547 1.535812
1.093661 6.111298 1.291671 34.135473
1.954411 10.259605 4.374545 61.097122
2.635952 15.466636 6.835370 84.252010
2.786393 15.273271 7.386912 87.161617
1.861535 9.348972 3.682644 57.437003
1.452894 7.744480 2.340080 45.311996
2.722052 12.860276 7.068944 83.627210
1.461254 10.376869 2.162153 48.048878
3.217918 15.478106 9.080069 98.783694
1.466426 10.359499 2.151635 48.000167
3.681300 13.780159 10.272693 111.001074
2.627975 14.466628 6.289878 80.503571
2.008485 12.667935 4.198154 63.984663
3.508586 14.567939 8.893724 103.567810
3.146198 12.889435 8.489670 96.512152
3.374471 14.607557 9.284715 102.126067
1.417264 7.051326 2.077144 43.423864
1.611172 8.097714 2.617999 49.670394
1.610857 8.108401 2.645634 49.556183
2.582860 11.634389 6.306520 79.317716
2.158581 9.467829 4.669204 66.204009
0.228373 1.202662 -0.379994 6.472451
0.201847 1.055606 -0.217272 5.475548
0.102746 0.530462 -0.198686 2.706700
0.471790 2.757349 -0.283335 14.704650
0.891506 5.062670 0.584961 27.840303
0.463072 2.642630 -0.298054 14.271822
0.624353 3.586685 -0.044254 19.381433
0.735672 4.179372 0.165712 22.736038
0.886256 4.907594 0.550546 27.540092
0.715347 3.872804 0.103080 21.624443
0.363059 2.012482 -0.343861 10.944144
0.142328 0.776965 -0.075001 3.783294
0.381822 1.185501 -0.092129 9.668638
0.176761 0.666865 -0.166642 4.433256
0.447461 1.423711 0.218273 11.747997
0.167149 0.682269 0.497428 4.510518
0.271592 1.546027 -0.418447 8.288693
0.246453 1.266514 -0.404143 7.097934
0.335393 1.313663 -0.089014 8.917887
0.504997 1.822780 0.168307 13.623711
0.375612 1.382616 -0.052957 9.862658
0.486188 1.725553 0.232513 13.030239
0.509038 1.931008 0.223579 13.860278
0.332123 1.555468 0.629192 9.451429
0.554891 2.541486 0.208781 15.883972
1.565678 11.418854 2.552922 52.730021
0.593066 3.686191 0.308821 18.650963
0.597388 3.737908 0.321229 18.824813
0.722357 4.611050 0.607349 23.163983
1.413952 9.106642 2.559036 45.968306
1.413951 9.106660 2.559047 45.968368
0.756467 4.992957 0.799518 24.470117
1.196539 8.270842 1.836404 39.550016
0.863760 5.731788 1.036762 28.052281
0.016215 0.065240 -0.059433 0.383281
0.054170 0.157511 -0.148691 1.289786
0.068971 0.303932 -0.213390 1.811274
0.229581 0.916122 0.507426 6.222656
0.155874 0.797213 -0.360451 4.337212
0.142280 0.714416 -0.341596 3.942751
0.161728 0.834487 -0.388333 4.561890
0.540052 2.712460 0.070374 15.803119
0.512166 2.346816 0.114127 14.640982
0.527095 2.324186 0.103747 14.929638
0.465387 2.242707 0.424471 13.369268
0.562112 2.651919 0.202330 16.229089
0.530712 3.126299 0.531897 16.450553
0.552872 2.794332 0.224394 16.280746
0.763781 3.822741 0.599743 22.227537
0.427749 2.345455 -0.080272 12.888303
1.407347 7.000642 2.071082 43.214987
2.075215 9.274382 4.470613 64.076232
1.477409 6.860964 2.097216 44.123375
1.303003 6.353687 1.686748 39.593875
0.441332 2.536933 -0.318397 13.678385
1.843533 9.258487 3.601284 57.271245
0.621132 3.575752 -0.043580 19.324709
0.880276 4.884042 0.539812 27.385306
0.583064 3.239090 -0.127875 17.799003
0.472957 2.761402 -0.283440 14.723402
4.327259 12.266869 11.628223 127.113844
3.629470 13.342702 10.177042 109.424647
4.093856 14.399306 12.079367 122.897037
0.149093 0.875198 0.020082 4.119424
0.809333 4.266261 0.251559 24.251428
0.572724 3.009658 0.164971 16.944344
0.404032 2.220548 -0.253684 12.154942
3.335619 9.956810 8.046853 98.627354
2.794733 9.640840 6.867364 84.423292
1.392336 6.532583 2.005764 42.249244
3.208510 11.402690 8.168591 95.870892
3.075312 12.004719 5.131953 83.784420
4.535478 14.391733 12.302062 131.862491
2.519287 12.825686 5.469428 75.679639
0.238579 1.287306 -0.417393 6.938619
0.371148 2.061424 -0.357758 11.168840
0.160098 0.824271 -0.382635 4.508660
0.222334 1.206584 -0.427238 6.509191
0.163401 0.843032 -0.385215 4.598524
0.223263 1.178904 -0.380621 6.346281
0.145600 0.729900 -0.281584 3.913956
0.159212 0.797758 -0.336157 4.343556
0.124970 0.634722 -0.269141 3.357787
0.231680 0.976997 0.531712 6.365785
0.300926 0.881710 -0.005920 7.472486
0.258055 1.007349 -0.257674 6.645452
0.099919 0.447712 -0.276507 2.650340
0.109294 0.433942 0.135604 2.629659
0.345161 1.961797 -0.406671 10.540101
0.331579 1.861299 -0.390439 10.059841
0.301816 1.720843 -0.428444 9.247278
0.193979 1.044951 -0.419333 5.670517
0.301821 1.720859 -0.428451 9.247363
0.205989 1.138438 -0.432716 6.157755
0.137421 0.688538 -0.337790 3.815950
0.375506 1.587726 -0.175440 10.194296
0.146515 0.743741 -0.363446 4.103670
0.424275 1.672520 0.382535 11.527694
0.335675 1.965541 -0.415162 10.433227
1.449922 10.062051 2.475603 48.086992
1.562726 11.376528 2.544863 52.554170
1.526304 11.209836 2.371979 51.387857
0.581143 3.121537 0.232583 17.437604
0.575588 3.225014 0.294204 17.513533
0.577649 3.405822 0.267690 17.856175
0.569332 3.568830 0.194517 17.950547
0.760821 4.846336 0.694218 24.357164
0.569288 3.561251 0.174814 17.991491
0.565349 3.146276 0.181586 17.139368
0.569854 3.563235 0.175796 18.005202
0.557655 3.053872 0.082918 16.770934
0.544017 3.322551 0.074229 17.045867
0.535965 3.301105 0.061755 16.866334
0.556307 2.656687 0.198182 16.113158
0.552349 2.844532 0.229676 16.351060
0.551297 3.121910 0.116397 16.800589
0.901896 5.594226 1.016752 28.883242
0.915654 5.362171 0.927817 28.520479
0.742212 4.468381 0.503634 23.326767
1.420690 8.414531 2.583777 45.312434
0.452958 1.990421 0.437221 12.646213
0.550436 2.494501 0.275315 15.632589
0.457322 2.444745 0.576705 13.608366
0.404069 2.287800 0.657031 12.345750
0.518052 3.099617 0.577240 16.301430
0.541150 2.539970 0.267201 15.543750
0.505240 2.078110 0.076518 13.996239
0.415433 2.348057 -0.219916 12.555789
0.432311 1.706520 -0.080669 11.643143
0.492299 2.203546 0.026676 13.993956
0.363866 1.773667 -0.266727 10.418518
0.552004 3.086837 0.202069 16.747920
0.527730 3.171072 0.493415 16.440664
0.514382 3.086997 0.552319 16.096239
0.681568 4.240229 0.313212 21.762219
0.740233 5.020965 0.121165 24.022403
0.694740 4.605341 0.142062 22.392125
0.874997 6.017723 0.037271 28.540250
1.088460 7.632379 -0.239401 35.908768
0.530567 3.102270 0.293262 16.327930
0.554950 3.176448 0.182910 16.964800
0.527922 2.977079 0.212527 16.064514
0.526929 2.920801 0.236003 15.957683
0.668839 4.368841 0.146324 21.464435
0.217604 1.177242 -0.417699 6.363313
0.335670 1.965524 -0.415156 10.433136
0.356983 2.116434 -0.409740 11.121581
1.182726 6.427950 1.360941 36.728894
1.174870 6.405528 1.328589 36.722934
0.733711 4.173106 0.160572 22.724566
0.567804 3.305015 -0.139390 17.652816
0.892514 5.064001 0.590247 27.834379
0.911875 5.032841 0.559481 28.037284
0.923489 5.706464 1.068452 29.500950
0.742206 4.468362 0.503638 23.326666
0.896156 5.198436 0.829345 28.088445
0.659209 3.872119 0.101439 20.467334
0.483595 2.886891 -0.129471 14.982430
0.588833 3.592241 0.265200 18.390799
0.574378 3.175558 0.293550 17.395153
0.593396 3.585743 0.361970 18.479868
2.394015 12.091833 5.977229 74.371427
2.400039 13.991356 5.978238 76.789826
1.420688 8.414547 2.583792 45.312490
1.825954 12.326132 3.553515 59.971096
1.000000 7.969558 0.697246 34.564103
1.825974 12.326216 3.553572 59.971605
0.920753 5.773340 1.102882 29.389609
1.585242 11.001893 2.838025 52.574863
1.000000 7.969558 0.697246 34.564103
2.340866 11.497250 5.667960 72.526185
2.764436 14.960041 7.263838 86.337748
3.178472 15.317556 8.914726 97.725027
3.307599 14.710524 9.103629 100.030269
2.273897 10.247488 4.901190 69.235304
1.965196 10.473187 4.483141 61.573091
1.460241 7.782062 2.394925 45.291701
2.500308 14.489400 6.336914 79.702023
1.537858 8.560437 3.008842 48.606507
1.699390 9.834277 3.490062 53.890724
1.100186 6.169529 1.369706 34.144336
0.567837 3.304902 -0.141105 17.661549
0.483605 2.886931 -0.129473 14.982651
0.540512 3.227198 -0.113799 16.910828
0.560114 3.343075 -0.084649 17.503939
0.652333 3.844565 0.047804 20.466342
0.505948 2.996998 -0.224958 15.915547
0.435785 2.285968 -0.311901 12.882458
0.371122 2.113755 -0.364141 11.338070
0.354037 1.779633 -0.256963 10.254852
0.417062 2.337748 -0.230806 12.588285
1.672605 10.675554 3.341397 54.249943
1.000000 7.969558 0.697246 34.564103
1.000000 7.969558 0.697246 34.564103
1.000000 7.969558 0.697246 34.564103
1.000000 7.969558 0.697246 34.564103
1.000000 7.969558 0.697246 34.564103
1.000000 7.969558 0.697246 34.564103
1.000000 7.969558 0.697246 34.564103
1.000000 7.969558 0.697246 34.564103
1.000000 7.969558 0.697246 34.564103
0.530111 2.709391 0.416184 15.551597
0.250509 1.272925 -0.412723 7.183084
0.449105 2.481061 0.556050 13.543745
1.561119 10.970038 -0.968127 51.628882
1.678011 12.463700 -0.683463 56.381273
1.561124 10.970035 -0.968137 51.628916
1.677369 12.020686 -1.057613 55.822409
1.495958 10.697998 -0.778249 49.714788
0.554966 3.176494 0.182914 16.965110
0.514472 3.037232 0.168128 15.883301
0.501578 2.991485 0.257937 15.526975
0.761938 4.899905 0.141863 24.574487
0.856685 5.727453 0.024017 27.869803
0.520915 2.774109 0.397524 15.514838
0.525983 3.081561 0.430825 16.206693
0.572815 2.897423 0.259387 16.825473
0.668854 3.843559 0.477748 20.805743
1.860035 10.633743 -2.196500 58.540673
1.278313 7.208717 -0.609613 39.842472
2.221246 12.362468 -3.208521 69.378892
1.473369 9.369200 -1.191678 47.437438
1.072235 6.484407 -0.245695 33.941064
2.175713 14.233652 -2.483364 70.172902
1.304050 7.382172 -0.673126 40.353561
1.528894 10.383142 -1.074426 49.975965
2.034501 12.738664 -2.552194 65.427979
1.995571 12.233576 -2.460620 63.699754
2.136776 14.584663 -2.250439 70.081474
1.000000 7.969558 0.697246 34.564103
1.055807 8.364125 0.620250 36.324575
1.086408 8.511635 0.555923 37.080689
1.086416 8.511686 0.555912 37.080918
2.104432 14.631324 -2.002486 69.189835
1.098945 7.097306 -0.424689 35.539423
1.520688 10.332189 -1.059216 49.731327
0.856683 5.727463 0.024013 27.869830
1.651186 12.030085 -0.787556 55.053207
0.562102 2.895936 0.249306 16.617580
0.529489 3.090400 0.439219 16.292692
0.568698 3.168655 0.316717 17.197398
0.594720 3.762255 0.301169 18.974986
0.653808 4.309192 0.237124 21.152545
0.556002 3.144238 0.292064 16.914400
0.761936 4.899909 0.141857 24.574482
0.594729 3.762284 0.301172 18.975160
0.934897 6.347046 -0.040611 30.447045
1.478722 10.071433 -0.983867 48.472182
0.878051 6.040230 0.034177 28.637425
0.578035 3.519863 0.256009 18.104730
0.652456 4.288006 0.236969 21.081101
0.587875 3.675086 0.238163 18.600625
0.534355 2.850461 0.214798 15.981419
0.589847 3.610736 0.211174 18.487827
0.589862 3.610786 0.211175 18.488134
0.711300 4.268530 0.367305 22.432828
0.748403 4.635763 0.233194 23.803659
0.507619 3.012465 0.578812 15.910824
0.619252 3.908887 0.510275 19.644418
0.606184 3.867662 0.494657 19.293381
0.816619 5.526564 0.930447 26.656628
1.261888 8.835548 1.981104 41.892003
0.564785 3.077004 0.229133 16.972702
0.581116 3.428182 0.282546 17.968769
0.516866 2.769730 0.393823 15.433031
0.563908 2.883145 0.239263 16.646814
0.548394 2.747682 0.102108 16.043523
0.551595 2.780819 0.220811 16.237674
0.575204 3.170806 0.166544 17.371335
1.200838 8.299098 1.847460 39.684421
0.375959 1.165919 0.358181 9.745991
0.267927 1.081521 0.528898 7.197065
0.330980 1.633992 0.728943 9.528673
0.329306 1.538670 0.653329 9.502610
0.478600 2.227266 0.427112 13.578473
0.517052 2.086395 0.359006 14.207662
0.372029 1.974080 0.692903 11.047859
0.387950 2.071983 0.768731 11.651278
0.406534 2.276266 0.675696 12.399006
0.381158 2.081559 0.734168 11.506078
0.456918 2.585474 0.673929 14.006845
0.312732 1.467070 0.736352 8.831977
0.325011 1.620521 0.739867 9.382637
0.326884 1.033689 0.646856 8.423644
0.303833 1.459025 0.674940 8.752662
0.331337 1.271950 0.372862 8.904276
0.296216 1.396254 0.648655 8.529106
0.358910 1.558021 0.761184 9.942139
0.271808 1.315845 0.735627 7.838808
0.339246 1.541596 0.718430 9.531390
0.417340 2.131470 0.792330 12.296332
0.362536 1.672986 0.662789 10.331985
0.516753 2.903645 0.667449 15.816285
0.384087 2.084513 0.753317 11.609560
0.335728 1.729553 0.704319 9.870287
0.329256 1.698372 0.728291 9.692303
0.538522 2.994924 0.688202 16.487309
0.390542 2.123737 0.754663 11.804146
0.384939 1.998784 0.775207 11.361076
0.330718 1.632298 0.728708 9.522350
0.343774 1.546345 0.647794 9.670734
0.321725 1.533432 0.661184 9.253008
0.525139 2.862611 0.712326 16.000909
0.323325 1.513737 0.660272 9.273868
0.583050 3.631779 0.441672 18.385345
0.757046 4.996894 0.800904 24.488344
1.449926 10.062054 2.475612 48.087037
0.958814 6.365670 1.265047 31.186519
1.584042 10.976630 2.830455 52.476749
1.348107 10.199332 1.736958 45.792400
1.348098 10.199282 1.736932 45.792146
1.218986 9.467031 1.286447 41.767550
1.000000 7.969558 0.697246 34.564103
0.593382 3.585694 0.361959 18.479581
0.684332 4.405839 0.625828 21.913318
0.745255 4.752832 0.657879 23.880890
0.537706 3.224220 -0.058336 16.702904
0.863755 5.731776 1.036760 28.052208
0.930996 6.098322 1.180692 30.221565
0.683690 4.398271 0.623253 21.894183
0.930993 6.098320 1.180694 30.221544
0.523173 2.963858 0.219304 15.948954
0.555231 3.289532 0.333894 17.174441
0.532642 2.929543 0.226996 16.087568
0.560539 3.226719 0.178940 17.171416
0.539130 2.937828 0.242087 16.239337
0.567900 3.165208 0.301824 17.255536
0.546450 2.865438 0.243227 16.264447
0.549658 3.039349 0.198179 16.611086
0.553292 2.854516 0.230054 16.385027
0.555794 2.872343 0.228977 16.465404
0.619264 3.911500 0.511565 19.647408
0.560511 3.297085 0.323561 17.289332
0.525576 3.123584 0.314702 16.265260
0.581838 3.591871 0.125243 18.244247
1.205746 8.549580 -0.372571 39.932897
0.807343 5.445589 0.091715 26.252351
1.130871 7.923055 -0.299262 37.250110
1.608762 11.286298 -1.050861 53.115442
1.130873 7.923047 -0.299264 37.250099
1.384454 9.932807 -0.598337 46.068286
0.931546 6.532777 -0.051269 30.670563
1.205749 8.549568 -0.372576 39.932876
0.758431 5.179102 0.056022 24.688648
0.694903 4.608980 0.142220 22.402394
0.631245 4.078541 0.114185 20.110621
0.931540 6.532768 -0.051263 30.670492
0.631255 4.078574 0.114180 20.110820
0.583534 3.607811 0.122840 18.304773
0.807347 5.445592 0.091718 26.252387
1.495961 10.697991 -0.778259 49.714796
1.057320 8.379878 0.633523 36.371256
1.016734 8.097484 0.685076 35.119814
1.000000 7.969558 0.697246 34.564103
1.150775 9.077976 0.535878 39.454033
1.716484 12.796270 -0.727319 57.800234
1.567374 11.508514 -0.680389 52.526267
1.530109 11.018736 -0.804706 51.004587
1.141088 8.982882 0.529786 39.050365
1.693638 12.550599 -0.722938 56.832696
1.433572 11.065915 0.028697 48.751583
1.051503 8.349198 0.647923 36.226936
1.000000 7.969558 0.697246 34.564103
1.114947 7.953038 -0.239926 36.978080
0.074001 0.326844 0.255881 1.973383
0.126246 0.499482 0.360352 3.254957
0.753410 3.967254 0.522252 22.538545
0.544779 3.370987 0.142250 17.083038
0.518193 3.053696 0.162547 15.983559
0.740242 5.020997 0.121157 24.022583
5.763235 6.903344 -8.474793 166.480580
3.099382 16.197453 -6.192001 96.814845
1.249802 9.459408 0.221652 41.739366
2.936097 16.727417 -5.311223 92.156350
1.249472 9.570105 0.259635 42.018764
1.000000 7.969558 0.697246 34.564103
1.000000 7.969558 0.697246 34.564103
2.175668 14.233462 -2.483268 70.171778
1.000000 7.969558 0.697246 34.564103
0.750356 4.623247 0.266763 23.923128
0.806719 4.940890 0.201096 25.587701
0.714603 4.285073 0.364117 22.521649
0.843475 5.005765 0.185276 26.443067
0.562464 3.282772 0.549270 17.481289
1.201163 7.203394 -0.489074 37.872339
1.098946 7.097336 -0.424702 35.539542
1.473366 9.369154 -1.191661 47.437249
1.940948 13.306513 -1.797730 63.589889
1.669189 11.740316 -0.873072 54.170773
1.071319 6.489585 -0.256219 33.898866
0.838521 4.960496 0.203622 26.379075
1.790664 10.332643 -2.043846 56.673300
1.060925 6.160056 -0.180768 33.165070
1.060921 6.160064 -0.180785 33.165039
0.314543 1.545404 0.739074 9.029792
2.839290 16.231510 -5.008016 89.376989
0.373482 1.844965 0.691044 10.753060
0.458895 1.728935 0.349862 12.357271
0.338544 1.702055 0.709898 9.855194
0.669331 3.859674 0.460661 20.757599
0.368424 1.968196 0.682342 10.960825
0.561372 3.264234 0.563153 17.500021
0.500595 2.936203 0.592966 15.637398
1.000000 7.969558 0.697246 34.564103
1.000000 7.969558 0.697246 34.564103
1.000000 7.969558 0.697246 34.564103
1.000000 7.969558 0.697246 34.564103
1.000000 7.969558 0.697246 34.564103
1.000000 7.969558 0.697246 34.564103
1.000000 7.969558 0.697246 34.564103
1.000000 7.969558 0.697246 34.564103
1.000000 7.969558 0.697246 34.564103
1.000000 7.969558 0.697246 34.564103
1.000000 7.969558 0.697246 34.564103
1.000000 7.969558 0.697246 34.564103
1.000000 7.969558 0.697246 34.564103
1.000000 7.969558 0.697246 34.564103
1.000000 7.969558 0.697246 34.564103
1.000000 7.969558 0.697246 34.564103
2.909846 10.967411 -1.195950 81.189066
1.731148 10.245106 -0.650598 51.802797
1.000000 7.969558 0.697246 34.564103
1.000000 7.969558 0.697246 34.564103
1.000000 7.969558 0.697246 34.564103
1.000000 7.969558 0.697246 34.564103
1.000000 7.969558 0.697246 34.564103
1.384456 9.932793 -0.598344 46.068260
1.710155 12.822037 -0.660514 57.721443
1.000000 7.969558 0.697246 34.564103
1.015842 8.089518 0.684196 35.085720
1.000000 7.969558 0.697246 34.564103
1.000000 7.969558 0.697246 34.564103
1.000000 7.969558 0.697246 34.564103
1.000000 7.969558 0.697246 34.564103
1.000000 7.969558 0.697246 34.564103
1.000000 7.969558 0.697246 34.564103
1.000000 7.969558 0.697246 34.564103
1.000000 7.969558 0.697246 34.564103
1.000000 7.969558 0.697246 34.564103
1.000000 7.969558 0.697246 34.564103
1.000000 7.969558 0.697246 34.564103
1.000000 7.969558 0.697246 34.564103
1.000000 7.969558 0.697246 34.564103
1.000000 7.969558 0.697246 34.564103
1.000000 7.969558 0.697246 34.564103
1.000000 7.969558 0.697246 34.564103
1.000000 7.969558 0.697246 34.564103
1.000000 7.969558 0.697246 34.564103
1.000000 7.969558 0.697246 34.564103
4.489399 14.558315 -8.297189 127.044096
2.628623 14.617501 -3.809364 80.157035
2.403833 10.552654 -3.773071 72.785271
3.394039 16.306091 -6.072447 101.074059
3.044128 16.510716 -5.681611 93.835605
2.674009 9.339088 -5.168430 81.593647
0.814413 3.487927 -0.745263 22.162113
2.862883 8.435112 -6.228058 87.228104
1.000000 7.969558 0.697246 34.564103
1.000000 7.969558 0.697246 34.564103
1.000000 7.969558 0.697246 34.564103
1.000000 7.969558 0.697246 34.564103
1.689379 11.575045 -0.828475 53.797907
3.343307 17.133062 -6.964918 103.546385
3.241623 14.833478 -6.229004 99.274744
4.211245 10.282574 -8.770262 123.737198
1.273509 9.571068 0.195498 42.302649
4.045218 14.914764 -8.474433 118.435149
2.134302 11.889681 -2.179811 63.760672
5.345533 9.843515 -9.072297 152.997293
3.396098 9.814149 -6.181345 100.760403
5.023552 8.280150 -9.732161 147.364281
1.000000 7.969558 0.697246 34.564103
1.057277 8.378862 0.620679 36.389011
1.940966 13.306579 -1.797772 63.590295
2.192364 14.669849 -2.474762 71.443052
1.000000 7.969558 0.697246 34.564103
1.000000 7.969558 0.697246 34.564103
1.000000 7.969558 0.697246 34.564103
1.013595 8.072597 0.688210 35.007601
1.000000 7.969558 0.697246 34.564103
1.000000 7.969558 0.697246 34.564103
1.716471 12.796209 -0.727288 57.799915
1.013302 8.069764 0.688061 34.994791
1.001168 7.978557 0.696732 34.602608
1.000000 7.969558 0.697246 34.564103
1.000000 7.969558 0.697246 34.564103
1.000000 7.969558 0.697246 34.564103
1.000000 7.969558 0.697246 34.564103
1.000000 7.969558 0.697246 34.564103
1.000000 7.969558 0.697246 34.564103
1.000000 7.969558 0.697246 34.564103
1.000000 7.969558 0.697246 34.564103
1.000000 7.969558 0.697246 34.564103
1.000000 7.969558 0.697246 34.564103
1.000000 7.969558 0.697246 34.564103
1.000000 7.969558 0.697246 34.564103
1.000000 7.969558 0.697246 34.564103
1.000000 7.969558 0.697246 34.564103
1.000000 7.969558 0.697246 34.564103
1.000000 7.969558 0.697246 34.564103
1.000000 7.969558 0.697246 34.564103
1.000000 7.969558 0.697246 34.564103
1.000000 7.969558 0.697246 34.564103
1.000000 7.969558 0.697246 34.564103
1.000000 7.969558 0.697246 34.564103
1.000000 7.969558 0.697246 34.564103
1.000000 7.969558 0.697246 34.564103
1.000000 7.969558 0.697246 34.564103
1.000000 7.969558 0.697246 34.564103
1.000000 7.969558 0.697246 34.564103
1.000000 7.969558 0.697246 34.564103
1.000000 7.969558 0.697246 34.564103
1.000000 7.969558 0.697246 34.564103
1.000000 7.969558 0.697246 34.564103
1.000000 7.969558 0.697246 34.564103
1.000000 7.969558 0.697246 34.564103
1.000000 7.969558 0.697246 34.564103
1.000000 7.969558 0.697246 34.564103
1.000000 7.969558 0.697246 34.564103
1.000000 7.969558 0.697246 34.564103
1.000000 7.969558 0.697246 34.564103
1.000000 7.969558 0.697246 34.564103
1.000000 7.969558 0.697246 34.564103
1.000000 7.969558 0.697246 34.564103
0.139822 0.695133 0.324712 3.791173
0.515698 2.555098 -0.125161 14.708916
1.484189 6.334978 -1.181720 43.630775
2.475075 9.704509 -4.490711 75.658184
1.536656 6.833826 -1.230070 45.538850
0.204437 1.093367 0.191612 5.604437
0.820345 3.876737 0.232102 23.744206
0.785517 3.779474 0.287104 22.894914
0.112595 0.605811 0.231321 3.104520
0.461094 2.292061 0.691744 13.398779
2.996035 10.469947 -5.516234 89.394943
0.910535 4.509633 0.199892 27.072715
1.447615 6.617176 -1.090351 43.322165
0.976987 4.789295 0.219631 28.774420
0.153577 0.716008 0.371433 4.119366
0.461102 2.292088 0.691755 13.398958
0.236284 1.100574 0.653121 6.708737
0.290495 1.406148 0.738553 8.404556
0.272200 1.342910 0.703417 8.013504
0.429526 2.168640 0.795439 12.639983
0.409807 2.114928 0.788848 12.071778
0.300797 1.428695 0.733777 8.548291
0.432703 2.225635 0.788452 12.682745
0.451091 2.285171 0.791906 13.170130
0.850385 4.376118 0.387684 25.369295
0.743799 3.317138 -0.787339 20.542934
0.101576 0.510824 0.277393 2.785082
0.531559 2.652550 0.779801 15.419044
0.225786 1.157929 0.249052 6.103510
0.813494 4.147959 0.449656 24.383912
4.259639 14.009076 -9.011923 125.386864
0.656247 3.525727 0.605914 19.817805
0.657234 3.521362 0.617320 19.875794
1.431972 7.021776 -0.881096 43.147958
2.326103 11.327937 -3.222070 71.382630
2.131861 11.225148 -2.928461 66.137966
3.815558 11.631761 -8.337581 113.019850
3.643599 14.387283 -7.970990 110.187966
1.633864 7.444066 -1.167493 48.486683
2.818106 10.936732 -4.558699 84.108804
3.645711 13.250572 -7.644291 109.290222
3.087685 13.178498 -6.329737 94.940613
1.387508 6.680122 -0.674021 41.875119
2.332778 9.974034 -3.472964 71.158387
2.014667 9.497534 -2.768171 62.163801
2.081494 11.044935 -2.806067 64.815734
0.332421 1.585898 0.668399 9.586690
0.324213 1.578932 0.735171 9.274981
0.367456 1.643555 0.667051 10.492177
0.464597 1.984457 0.720582 12.812766
0.532364 2.895247 0.709865 16.188615
0.391383 2.089473 0.768907 11.744105
0.410094 2.127087 0.775778 12.055914
1.245562 6.352263 -0.499738 38.063587
0.458815 2.587234 0.692651 14.104752
0.517425 2.891115 0.697850 15.911278
1.351415 6.971294 -0.594670 40.997375
1.138123 6.068842 -0.179052 34.957846
1.126530 6.053293 -0.205092 34.632047
0.798535 4.454326 0.388523 24.713139
0.721394 3.804913 0.533806 21.816186
0.759072 4.271494 0.430415 23.635548
0.761773 4.326757 0.371752 23.523520
0.236279 1.100556 0.653112 6.708624
1.000000 7.969558 0.697246 34.564103
