1.000000 7.969558 0.697246 34.564103
1.000000 7.969558 0.697246 34.564103
1.000000 7.969558 0.697246 34.564103
1.000000 7.969558 0.697246 34.564103
1.000000 7.969558 0.697246 34.564103
2.153646 12.774576 -1.876790 64.388740
3.979547 16.088443 -7.710148 114.807943
3.553772 17.076111 -7.457514 107.040972
3.460805 13.986682 -5.864454 99.278154
2.090754 9.907475 -2.156110 60.857948
1.486958 6.310294 -0.894613 40.995618
2.082087 12.190602 -1.402083 61.701854
1.000000 7.969558 0.697246 34.564103
2.445896 12.633385 -2.162342 70.121761
1.441383 9.870281 -0.287725 45.449251
3.588788 12.330143 -4.049197 96.899655
4.137365 16.120767 -7.401413 116.424215
3.715737 13.562348 -3.812883 100.219677
1.000000 7.969558 0.697246 34.564103
1.000000 7.969558 0.697246 34.564103
1.000000 7.969558 0.697246 34.564103
1.000000 7.969558 0.697246 34.564103
1.000000 7.969558 0.697246 34.564103
1.000000 7.969558 0.697246 34.564103
1.000000 7.969558 0.697246 34.564103
1.000000 7.969558 0.697246 34.564103
1.000000 7.969558 0.697246 34.564103
1.000000 7.969558 0.697246 34.564103
1.000000 7.969558 0.697246 34.564103
1.000000 7.969558 0.697246 34.564103
1.003979 7.999552 0.694784 34.692383
1.000000 7.969558 0.697246 34.564103
1.899074 13.095635 -1.511676 61.355513
1.000000 7.969558 0.697246 34.564103
1.000000 7.969558 0.697246 34.564103
1.000000 7.969558 0.697246 34.564103
1.875406 13.002463 -1.348122 60.517101
1.000000 7.969558 0.697246 34.564103
5.835326 7.746579 -9.520504 159.166924
6.136390 8.548571 -8.280753 167.566810
5.106326 11.565798 -9.256922 140.289236
5.460920 9.548653 -9.339652 149.824427
5.701602 11.021037 -8.958186 156.097448
1.000000 7.969558 0.697246 34.564103
6.396491 7.017091 -5.988474 173.689271
1.000000 7.969558 0.697246 34.564103
1.000000 7.969558 0.697246 34.564103
1.000000 7.969558 0.697246 34.564103
1.000000 7.969558 0.697246 34.564103
1.000000 7.969558 0.697246 34.564103
1.000000 7.969558 0.697246 34.564103
1.000000 7.969558 0.697246 34.564103
3.030126 11.209203 -1.025272 80.709666
6.959019 4.146696 -5.575161 188.983830
6.486219 6.790983 -5.023613 176.547716
6.602470 5.495821 -6.694296 178.891797
7.222376 2.690441 -2.966903 195.944943
6.773146 4.067014 -1.466020 181.935256
6.644037 4.799209 -3.939147 178.956172
5.884510 8.989439 -4.747708 160.340235
1.000000 7.969558 0.697246 34.564103
1.403196 9.456903 0.507159 43.430596
1.000000 7.969558 0.697246 34.564103
6.525007 6.146739 -7.820034 177.559946
5.830570 9.327321 -7.200787 158.045544
4.411687 11.774292 -1.836278 116.704570
5.378781 11.195084 -6.337177 144.533899
4.850178 11.389139 -8.547734 133.527146
6.181867 8.964393 -5.978122 168.397639
4.920521 12.053374 -7.573400 133.861761
6.867888 3.545237 -4.362777 184.997348
7.019558 2.624612 -1.570596 188.558717
1.000000 7.969558 0.697246 34.564103
1.000000 7.969558 0.697246 34.564103
1.000000 7.969558 0.697246 34.564103
1.000000 7.969558 0.697246 34.564103
1.000000 7.969558 0.697246 34.564103
1.000000 7.969558 0.697246 34.564103
1.000000 7.969558 0.697246 34.564103
1.000000 7.969558 0.697246 34.564103
1.000000 7.969558 0.697246 34.564103
1.000000 7.969558 0.697246 34.564103
6.588755 5.053673 -2.865569 177.265473
7.256343 2.225402 0.016811 195.987786
6.709027 4.884619 1.425072 180.783822
7.026147 2.265748 3.914776 188.168906
1.000000 7.969558 0.697246 34.564103
5.747087 8.028683 3.702963 155.316528
6.429951 7.172607 6.017163 174.898822
1.000000 7.969558 0.697246 34.564103
5.529259 8.816847 -1.766205 146.689181
6.023866 7.306131 -2.470297 161.405401
7.299301 1.962141 2.963723 197.136971
6.926563 3.650449 1.899672 186.386300
7.064983 2.352299 1.435166 189.394805
6.865172 4.708427 4.176890 186.249629
6.796161 4.135308 5.220810 182.502139
6.827078 3.635476 3.210786 182.975331
6.924489 2.713929 4.925705 184.865239
7.145443 2.603688 6.118530 192.177914
6.847911 3.274667 7.389886 183.001129
6.736394 4.830895 6.162631 181.196029
6.799132 3.675067 8.504497 181.789224
1.000000 7.969558 0.697246 34.564103
6.706947 6.127668 6.538324 182.389230
1.000000 7.969558 0.697246 34.564103
6.080578 7.075563 10.559422 163.452276
6.758419 4.284269 7.211245 181.175033
6.336190 4.903140 10.027535 168.338179
1.000000 7.969558 0.697246 34.564103
1.000000 7.969558 0.697246 34.564103
1.000000 7.969558 0.697246 34.564103
1.000000 7.969558 0.697246 34.564103
1.000000 7.969558 0.697246 34.564103
1.000000 7.969558 0.697246 34.564103
1.000000 7.969558 0.697246 34.564103
1.000000 7.969558 0.697246 34.564103
1.000000 7.969558 0.697246 34.564103
1.000000 7.969558 0.697246 34.564103
1.000000 7.969558 0.697246 34.564103
1.000000 7.969558 0.697246 34.564103
1.000000 7.969558 0.697246 34.564103
1.000000 7.969558 0.697246 34.564103
1.000000 7.969558 0.697246 34.564103
1.000000 7.969558 0.697246 34.564103
1.000000 7.969558 0.697246 34.564103
1.000000 7.969558 0.697246 34.564103
1.000000 7.969558 0.697246 34.564103
1.000000 7.969558 0.697246 34.564103
1.000000 7.969558 0.697246 34.564103
1.000000 7.969558 0.697246 34.564103
1.000000 7.969558 0.697246 34.564103
1.000000 7.969558 0.697246 34.564103
1.000000 7.969558 0.697246 34.564103
1.000000 7.969558 0.697246 34.564103
1.000000 7.969558 0.697246 34.564103
1.126483 8.625750 0.521603 37.752903
1.000000 7.969558 0.697246 34.564103
1.583528 10.813126 -0.640757 50.281256
1.000000 7.969558 0.697246 34.564103
6.114488 5.609999 10.508902 162.443724
1.000000 7.969558 0.697246 34.564103
1.018618 8.032785 0.613471 34.890408
6.001315 7.526849 -0.088312 159.674437
6.502151 6.251074 4.048727 176.855082
1.000000 7.969558 0.697246 34.564103
1.120845 8.414126 0.764143 37.220163
1.000000 7.969558 0.697246 34.564103
5.731368 8.355314 11.449369 154.692160
5.184289 7.645104 11.182384 137.502854
1.780515 7.400147 2.754572 48.684813
2.991083 8.538130 7.722529 83.533452
0.892044 4.062717 1.800844 24.026979
5.708341 8.972904 11.525602 155.379972
5.163890 9.154082 11.408361 139.092024
4.961055 8.227108 11.242522 132.612243
4.596353 11.340436 11.173118 127.175499
5.835727 6.270976 10.893221 154.564325
5.649593 7.010846 11.194158 150.193023
6.446048 5.087940 8.954432 172.174227
6.383392 5.922901 9.462777 171.522211
6.505869 4.303558 9.328819 173.234384
6.117820 6.251435 10.181099 163.357337
3.924920 11.958620 5.398300 104.650664
5.905185 8.381909 7.358143 160.393714
3.022791 12.036699 6.379905 84.012167
5.818182 9.777198 9.986894 159.338856
5.905678 9.783427 10.712724 161.537078
1.000000 7.969558 0.697246 34.564103
1.000000 7.969558 0.697246 34.564103
1.000000 7.969558 0.697246 34.564103
1.000000 7.969558 0.697246 34.564103
1.000000 7.969558 0.697246 34.564103
1.000000 7.969558 0.697246 34.564103
1.000000 7.969558 0.697246 34.564103
1.000000 7.969558 0.697246 34.564103
1.000000 7.969558 0.697246 34.564103
1.000000 7.969558 0.697246 34.564103
1.000000 7.969558 0.697246 34.564103
1.000000 7.969558 0.697246 34.564103
2.174387 10.471261 1.687701 61.142866
5.499874 9.314336 8.768527 149.804418
6.499927 6.002152 7.727204 175.690691
6.288655 7.496705 9.828941 171.424942
3.562887 11.514401 4.847628 95.550299
1.000000 7.969558 0.697246 34.564103
1.000000 7.969558 0.697246 34.564103
1.000000 7.969558 0.697246 34.564103
1.000000 7.969558 0.697246 34.564103
1.000000 7.969558 0.697246 34.564103
1.000000 7.969558 0.697246 34.564103
1.000000 7.969558 0.697246 34.564103
1.000000 7.969558 0.697246 34.564103
1.000000 7.969558 0.697246 34.564103
1.000000 7.969558 0.697246 34.564103
1.000000 7.969558 0.697246 34.564103
1.000000 7.969558 0.697246 34.564103
1.000000 7.969558 0.697246 34.564103
1.000000 7.969558 0.697246 34.564103
1.000000 7.969558 0.697246 34.564103
1.000000 7.969558 0.697246 34.564103
1.000000 7.969558 0.697246 34.564103
1.000000 7.969558 0.697246 34.564103
1.000000 7.969558 0.697246 34.564103
1.000000 7.969558 0.697246 34.564103
1.000000 7.969558 0.697246 34.564103
1.000000 7.969558 0.697246 34.564103
1.000000 7.969558 0.697246 34.564103
1.000000 7.969558 0.697246 34.564103
1.000000 7.969558 0.697246 34.564103
1.000000 7.969558 0.697246 34.564103
1.000000 7.969558 0.697246 34.564103
1.167618 8.645590 0.989847 38.460154
1.000000 7.969558 0.697246 34.564103
1.000000 7.969558 0.697246 34.564103
1.000000 7.969558 0.697246 34.564103
1.000000 7.969558 0.697246 34.564103
5.453793 10.528730 12.801560 150.564361
5.155254 11.162654 12.620767 142.668977
5.501573 12.578078 13.434527 153.290193
1.000000 7.969558 0.697246 34.564103
1.000000 7.969558 0.697246 34.564103
1.000000 7.969558 0.697246 34.564103
1.000000 7.969558 0.697246 34.564103
1.000000 7.969558 0.697246 34.564103
1.000000 7.969558 0.697246 34.564103
1.000000 7.969558 0.697246 34.564103
1.000000 7.969558 0.697246 34.564103
1.000000 7.969558 0.697246 34.564103
1.000000 7.969558 0.697246 34.564103
1.000000 7.969558 0.697246 34.564103
1.000000 7.969558 0.697246 34.564103
1.000000 7.969558 0.697246 34.564103
1.000000 7.969558 0.697246 34.564103
1.000000 7.969558 0.697246 34.564103
2.734875 11.451536 2.436021 73.330964
1.000000 7.969558 0.697246 34.564103
1.000000 7.969558 0.697246 34.564103
1.000000 7.969558 0.697246 34.564103
1.000000 7.969558 0.697246 34.564103
1.000000 7.969558 0.697246 34.564103
1.000000 7.969558 0.697246 34.564103
1.702691 11.461535 2.899535 54.559341
1.477942 10.797048 2.133703 49.145608
1.000000 7.969558 0.697246 34.564103
1.000000 7.969558 0.697246 34.564103
1.000000 7.969558 0.697246 34.564103
1.000000 7.969558 0.697246 34.564103
1.000000 7.969558 0.697246 34.564103
1.000000 7.969558 0.697246 34.564103
1.000000 7.969558 0.697246 34.564103
1.000000 7.969558 0.697246 34.564103
1.000000 7.969558 0.697246 34.564103
1.000000 7.969558 0.697246 34.564103
1.000000 7.969558 0.697246 34.564103
6.076075 7.756710 10.430363 164.694085
5.708714 7.544478 11.024168 152.731862
5.793319 10.236970 12.612320 159.612401
5.505617 10.160271 12.441969 150.814508
3.353618 11.061439 7.810405 93.941531
3.388005 13.442162 7.513522 96.032701
5.000170 13.553556 13.398868 142.330906
2.565127 12.491841 4.986761 74.181722
4.037517 13.422670 9.547423 113.034607
3.557861 14.968719 8.708414 102.435359
1.130078 8.600347 1.017097 37.910212
2.010784 12.092337 3.876826 61.929191
1.011605 8.028286 0.720822 34.852757
1.000000 7.969558 0.697246 34.564103
3.319584 16.028427 9.555575 101.212072
1.344915 9.910554 1.787083 44.949676
1.000000 7.969558 0.697246 34.564103
1.000000 7.969558 0.697246 34.564103
1.000000 7.969558 0.697246 34.564103
1.000000 7.969558 0.697246 34.564103
1.000000 7.969558 0.697246 34.564103
1.631082 9.826074 2.560629 49.171603
2.314270 11.226655 3.979328 65.789230
5.732065 11.605328 11.075818 156.595299
2.117372 10.905351 2.377063 60.130299
3.840457 13.059658 7.259282 105.104869
6.093842 8.720449 11.021850 166.406524
5.206611 11.646014 11.968891 144.340438
5.376560 12.470474 13.316474 150.222634
5.282429 9.022586 11.630221 142.685162
4.238154 10.022027 10.511347 116.219016
2.148365 11.840714 3.942756 63.893313
1.000000 7.969558 0.697246 34.564103
1.713478 10.758199 3.007695 52.802726
4.010208 13.521283 8.452602 110.015737
1.000000 7.969558 0.697246 34.564103
1.000000 7.969558 0.697246 34.564103
1.000000 7.969558 0.697246 34.564103
1.000000 7.969558 0.697246 34.564103
1.000000 7.969558 0.697246 34.564103
1.000000 7.969558 0.697246 34.564103
1.000000 7.969558 0.697246 34.564103
1.000000 7.969558 0.697246 34.564103
1.000000 7.969558 0.697246 34.564103
5.538916 9.873230 1.510553 146.131246
6.656006 5.120741 -0.238360 178.916928
5.964431 7.458608 2.132236 159.382060
5.338693 9.928916 4.800257 142.155285
6.473892 6.827074 8.370537 176.732492
6.612925 5.017266 8.035283 177.684039
6.330895 6.777713 9.255014 171.603356
6.059202 8.570642 9.392455 165.445065
1.000000 7.969558 0.697246 34.564103
3.598419 10.753155 1.584574 95.675522
3.008573 11.622339 3.663250 80.598869
3.273420 13.010833 8.321317 95.449185
2.356024 10.157362 4.625808 67.573392
2.634488 11.388818 5.940163 76.828613
1.000000 7.969558 0.697246 34.564103
1.000000 7.969558 0.697246 34.564103
0.944108 4.207489 1.824280 25.088333
1.010755 8.031904 0.723518 34.859559
1.071727 8.396756 0.890969 36.650252
1.000000 7.969558 0.697246 34.564103
1.000000 7.969558 0.697246 34.564103
1.000000 7.969558 0.697246 34.564103
1.000000 7.969558 0.697246 34.564103
1.000000 7.969558 0.697246 34.564103
1.000000 7.969558 0.697246 34.564103
1.000000 7.969558 0.697246 34.564103
1.000000 7.969558 0.697246 34.564103
1.000000 7.969558 0.697246 34.564103
1.000000 7.969558 0.697246 34.564103
1.000000 7.969558 0.697246 34.564103
1.000000 7.969558 0.697246 34.564103
1.000000 7.969558 0.697246 34.564103
1.000000 7.969558 0.697246 34.564103
1.000000 7.969558 0.697246 34.564103
1.000000 7.969558 0.697246 34.564103
1.000000 7.969558 0.697246 34.564103
1.000000 7.969558 0.697246 34.564103
1.000000 7.969558 0.697246 34.564103
1.000000 7.969558 0.697246 34.564103
1.000000 7.969558 0.697246 34.564103
1.000000 7.969558 0.697246 34.564103
1.000000 7.969558 0.697246 34.564103
1.000000 7.969558 0.697246 34.564103
1.000000 7.969558 0.697246 34.564103
1.000000 7.969558 0.697246 34.564103
1.000000 7.969558 0.697246 34.564103
1.000000 7.969558 0.697246 34.564103
1.000000 7.969558 0.697246 34.564103
1.000000 7.969558 0.697246 34.564103
1.685442 12.111841 2.926032 56.337850
1.000000 7.969558 0.697246 34.564103
1.000000 7.969558 0.697246 34.564103
1.000000 7.969558 0.697246 34.564103
1.000000 7.969558 0.697246 34.564103
1.000000 7.969558 0.697246 34.564103
1.000000 7.969558 0.697246 34.564103
1.000000 7.969558 0.697246 34.564103
1.000000 7.969558 0.697246 34.564103
1.000000 7.969558 0.697246 34.564103
1.000000 7.969558 0.697246 34.564103
1.000000 7.969558 0.697246 34.564103
1.000000 7.969558 0.697246 34.564103
1.703625 11.973679 3.094482 56.413586
1.511189 11.317897 2.179935 51.053174
1.376756 10.440845 1.769239 46.690689
1.000000 7.969558 0.697246 34.564103
1.000000 7.969558 0.697246 34.564103
1.000000 7.969558 0.697246 34.564103
1.734257 12.051602 3.164021 57.251923
1.733454 12.048847 3.162456 57.236129
1.000000 7.969558 0.697246 34.564103
1.000000 7.969558 0.697246 34.564103
1.000000 7.969558 0.697246 34.564103
1.000000 7.969558 0.697246 34.564103
1.000000 7.969558 0.697246 34.564103
1.000000 7.969558 0.697246 34.564103
0.842126 0.220722 -0.043423 11.119696
0.830173 0.152930 -0.089887 10.820880
0.817249 0.365428 -0.122698 11.648839
0.637980 0.885934 -0.078529 11.620152
0.783350 0.080211 -0.077770 10.025751
1.223511 9.546160 1.253942 41.961512
1.000000 7.969558 0.697246 34.564103
1.263584 9.761532 1.404319 43.159361
1.262827 9.757041 1.402394 43.138366
0.303789 0.567888 -0.090580 5.882063
0.508090 0.615712 -0.080198 9.613400
0.690218 3.556734 -0.076543 18.807180
0.780582 4.003445 0.067949 21.559002
0.525957 2.685693 -0.171724 14.143639
0.319877 1.148333 -0.130684 7.021287
0.144931 0.759318 -0.079038 3.515385
0.175367 0.458007 -0.040338 3.321511
0.543519 2.623144 -0.208964 14.107321
0.400416 1.427104 -0.199103 8.935932
0.554243 1.339268 -0.085413 11.662152
0.642874 0.480863 -0.035836 10.764536
0.778680 0.197895 -0.125967 10.656736
0.564488 2.895096 0.722402 15.542218
0.083150 0.503584 0.012951 2.145455
0.601077 3.030440 0.182026 16.285140
0.070762 0.369779 -0.077479 1.643248
1.176988 6.282990 1.277836 34.266459
1.962133 9.868013 4.060508 58.343969
2.927517 15.638078 8.093734 91.416582
3.297991 15.936916 9.306871 99.893812
1.916636 9.253513 3.500081 55.856089
1.517659 7.772616 2.237312 44.503503
2.706357 12.221218 6.619526 79.594630
1.984321 12.299933 4.032988 62.540048
3.577037 15.426125 10.256005 106.457094
2.000014 12.312173 4.020134 62.678739
3.827397 13.334708 10.019535 110.198001
3.526270 16.272511 9.725362 104.587117
2.949341 15.305918 7.838092 89.865157
4.043721 15.182647 10.311220 115.767930
3.197886 12.484743 8.064482 93.645791
3.586819 14.482264 9.592119 104.896026
1.522404 7.218942 2.043250 43.053845
1.711491 8.221845 2.514347 49.210431
1.708287 8.225102 2.549617 49.023909
2.633935 11.393677 5.954390 76.749077
2.227948 9.381625 4.462598 63.885164
0.556095 1.585804 -0.060859 11.909287
0.218786 1.086214 -0.216849 5.356447
0.400657 0.454145 -0.025252 7.530741
0.779649 3.699029 0.120800 20.308067
0.997696 5.364533 0.604536 28.665072
0.714282 3.390856 -0.025542 18.620073
0.754072 3.988293 0.008052 20.914136
0.857930 4.554024 0.208311 23.980749
0.967607 5.099422 0.520887 27.619727
0.785194 4.036171 0.084988 21.603583
0.633618 2.595997 -0.107255 15.438213
0.151037 0.787539 -0.074468 3.655472
0.937346 0.891956 0.285887 14.131065
0.817318 0.451485 0.128495 11.863357
0.928148 1.214316 0.487142 15.057314
0.617677 0.949718 0.521733 11.967243
0.961457 2.195227 0.032332 17.620661
0.958247 1.589796 0.051195 15.814286
0.982678 1.088069 0.127901 15.135783
1.047928 1.664552 0.311906 16.513977
0.973881 1.230514 0.193447 14.832338
1.022861 1.592581 0.375233 16.476540
1.009474 1.908375 0.362602 16.353140
0.840707 1.980194 0.622687 15.906576
0.984482 2.761938 0.458911 17.591586
1.705415 11.973589 3.104384 56.442666
0.986588 4.638542 0.918300 24.183388
0.985631 4.724514 0.925174 24.437344
1.095780 5.759220 1.254894 29.921357
1.487260 9.102462 2.687303 46.463421
1.484763 9.090358 2.679962 46.406905
1.042982 5.669023 1.247978 27.977113
1.375765 8.771186 2.325381 42.833997
1.125321 6.493747 1.591422 32.421916
0.839650 0.054365 -0.029503 10.610306
0.850407 0.100666 -0.063415 10.791437
0.832537 0.210264 -0.098565 11.035515
0.707747 1.051089 0.605206 12.614660
0.719618 0.743962 -0.091788 12.103016
0.835244 0.459330 -0.100909 11.999643
0.849783 0.804989 -0.044119 13.009756
1.005822 2.939905 0.389999 18.589302
0.964768 2.501809 0.391836 16.517628
1.036686 2.415120 0.351886 17.624850
0.926305 2.801287 0.483550 18.019927
1.070704 2.912835 0.442665 18.899814
0.963205 4.438578 0.411944 23.975305
0.997556 3.186965 0.399950 18.249349
0.815731 3.896053 0.610110 21.701711
0.462127 2.412562 -0.078953 12.630803
1.503177 7.136356 2.031586 42.682066
2.156676 9.241296 4.297791 62.074716
1.576042 6.980017 2.087649 43.363161
1.396209 6.493254 1.685373 38.979336
0.793573 3.447512 0.005083 19.869458
1.913442 9.234504 3.421705 56.055490
0.731529 3.923048 -0.004131 20.511338
0.966256 5.094419 0.517506 27.536604
0.687073 3.535356 -0.090032 18.770458
0.855358 3.801373 0.143739 21.560424
4.392971 11.680917 11.036849 122.362598
3.697518 12.724285 9.865200 106.966861
4.432293 13.671901 12.587599 128.404918
0.158523 0.889154 0.021064 3.999445
0.876056 4.399120 0.235804 24.017498
0.615671 3.084288 0.169978 16.575183
0.520976 2.511860 -0.193062 13.587672
3.483660 9.890425 8.066374 95.490609
2.933749 9.639790 6.870453 81.974996
1.478462 6.621291 2.025105 41.196727
3.323893 11.162571 7.907703 93.149876
4.667147 10.289801 6.363548 125.776095
4.774849 13.284000 12.475382 135.489101
3.520582 14.885815 8.731251 101.628617
0.687311 1.729274 -0.041464 14.064213
0.648634 2.684805 -0.079394 15.764643
0.825085 0.724689 -0.093395 12.802843
0.768883 1.572607 -0.063144 14.301896
0.742167 0.913649 -0.107978 12.437068
0.665370 1.426773 -0.014251 13.461382
0.734859 0.363603 -0.103265 11.103721
0.748894 0.483214 -0.124013 11.462505
0.600382 0.563809 -0.031060 10.770150
0.735008 1.192205 0.599539 13.038227
0.852230 0.642288 0.302301 12.789533
0.915925 0.659451 0.190927 13.416069
0.848187 0.334412 0.012197 11.687989
0.618919 0.550822 0.347541 9.367906
0.760666 2.833199 0.043078 17.737483
0.762333 2.561979 0.023786 17.328428
0.823179 2.478668 0.031601 17.659354
0.841391 1.214251 -0.065660 14.124388
0.915046 2.405133 0.007936 18.762695
0.893751 1.517227 -0.065458 15.676868
0.872589 0.415973 -0.033873 12.273581
1.016391 1.441304 0.116652 15.924659
0.899856 0.605549 0.063504 13.097730
0.905311 1.670159 0.540470 15.708426
0.986719 2.949273 0.186659 20.757622
1.586892 10.451795 2.930167 51.004282
1.703096 11.933255 3.094464 56.278873
1.661343 11.824640 2.887489 55.233869
1.041261 3.558002 0.459159 19.924993
0.983951 3.671614 0.550961 19.763130
0.980479 4.075424 0.692349 21.907119
1.031155 4.935530 1.025157 26.221445
1.088269 5.922931 1.373231 30.790032
1.024057 4.944443 1.000687 26.405233
1.012446 3.695636 0.538540 20.600303
1.047327 4.960864 0.997031 26.557359
1.078823 3.657852 0.487644 21.855484
1.063354 4.726878 0.862725 25.977528
1.026158 4.744875 0.891759 25.842243
0.974815 2.919518 0.372438 17.415455
1.016746 3.280985 0.399153 18.534310
1.000616 3.766328 0.542763 21.239878
1.136668 6.305187 1.446397 33.136593
1.051807 5.769413 1.089153 30.398651
1.060932 5.517123 1.025376 29.384968
1.441161 8.143779 2.474443 43.839566
0.894244 2.198563 0.516305 16.448107
1.067433 2.838485 0.403451 19.690010
0.954660 3.548332 0.515673 21.072890
0.877313 3.702342 0.516746 20.900024
0.914397 4.471492 0.452843 23.993843
0.966363 2.919285 0.438843 18.202087
1.064289 2.062694 0.275227 17.419999
0.967436 3.194918 0.437554 19.404108
1.031360 1.584212 0.154908 16.140362
1.008264 2.274854 0.224677 16.960664
1.055134 2.005187 0.080454 17.935124
0.937871 3.807661 0.282993 19.835335
0.923360 4.441940 0.330723 23.438494
0.915887 4.423746 0.389599 23.574748
0.990640 5.209471 0.189650 27.094694
0.980853 5.559055 -0.037675 26.636648
0.974488 5.249507 0.015215 25.533466
1.087567 6.512768 -0.198676 31.368443
1.246049 7.751421 -0.438282 37.119470
0.966660 3.813067 0.524325 18.961302
0.972569 3.942221 0.308396 20.118330
0.960614 3.670737 0.411598 18.462418
0.964329 3.527807 0.430461 17.984462
0.949193 5.031966 0.025518 24.721886
0.756206 1.447488 -0.068384 14.244057
0.819797 2.909158 0.169968 18.310821
0.923793 3.312427 0.283355 20.498598
1.269318 6.596124 1.313962 36.642252
1.266271 6.595038 1.274325 36.765201
0.851268 4.532540 0.193580 23.906250
0.875421 4.260427 0.255850 23.088253
1.002456 5.377792 0.620995 28.698664
1.002614 5.260285 0.527098 28.318005
1.125191 6.317409 1.454309 33.130574
1.036935 5.462860 1.003611 29.004359
1.050947 5.688591 0.997619 30.312015
0.913428 4.773161 0.472812 25.229524
1.014107 4.148329 0.620488 23.573059
1.018337 4.536241 0.844758 24.071116
1.032525 3.680220 0.552861 19.987094
1.013100 4.367759 0.806646 22.647291
2.386454 11.490129 5.552119 70.674112
2.419283 13.252665 6.111045 75.770674
1.439805 8.136703 2.467848 43.814046
2.055036 13.196495 4.400066 66.259639
1.000000 7.969558 0.697246 34.564103
2.052757 13.183098 4.393724 66.193812
1.129961 6.404590 1.532634 33.215111
1.687189 11.252509 3.222848 54.784278
1.000000 7.969558 0.697246 34.564103
2.335080 11.008591 5.304060 69.070915
3.055527 14.987913 8.320692 92.777006
3.410246 14.996964 9.647213 101.995098
3.831344 15.125859 10.571049 111.598384
2.360095 10.180064 4.659435 67.529662
1.961629 10.007004 4.158402 58.485176
1.522030 7.789873 2.291507 44.401433
2.597039 14.008774 6.749468 80.850218
1.559109 8.323155 2.810174 46.739091
1.676597 9.288308 3.245004 51.010350
1.176478 6.305746 1.352350 34.145959
0.860706 4.221901 0.240966 22.865062
1.075413 4.228056 0.645564 24.375459
1.028766 4.607920 0.607735 25.816993
0.964796 4.670887 0.604530 25.460266
0.907424 4.732262 0.398013 25.134657
1.002767 4.282347 0.370284 24.729685
1.060468 2.926955 0.238015 20.292443
1.023770 2.989862 0.256893 20.483714
0.981716 2.120549 0.151625 16.694600
0.913112 3.100963 0.405717 18.701846
1.666272 10.264691 3.256624 52.571852
1.000000 7.969558 0.697246 34.564103
1.000000 7.969558 0.697246 34.564103
1.000000 7.969558 0.697246 34.564103
1.000000 7.969558 0.697246 34.564103
1.000000 7.969558 0.697246 34.564103
1.000000 7.969558 0.697246 34.564103
1.000000 7.969558 0.697246 34.564103
1.000000 7.969558 0.697246 34.564103
1.000000 7.969558 0.697246 34.564103
0.993654 3.507580 0.492624 20.842503
1.000885 1.462545 0.015090 16.892604
0.900778 3.611329 0.476208 20.457915
1.644822 10.724950 -1.240808 51.622017
1.934353 13.669129 -1.467851 63.254769
1.653932 10.750535 -1.248830 51.771885
1.759620 11.776440 -1.427579 55.894078
1.587122 10.494668 -1.102408 49.788996
0.983551 3.970659 0.312787 20.131619
0.908998 3.736914 0.293963 17.926010
0.897730 3.676548 0.409393 17.571332
1.018323 5.654291 -0.007859 28.725036
1.074580 6.312850 -0.183625 31.205643
0.922360 3.559948 0.417897 20.015477
0.920263 4.175442 0.348240 22.071526
0.996319 3.446147 0.414376 19.806015
0.880539 4.519431 0.532472 24.352862
1.844046 9.785000 -1.781669 54.628212
1.360509 7.137166 -0.426612 39.463664
2.188349 11.257174 -2.719384 64.484797
1.447507 8.613022 -0.979890 43.966097
1.163646 6.478655 -0.133696 34.086030
2.607843 15.488469 -3.869574 80.791993
1.382174 7.262871 -0.483230 39.820013
1.595254 10.049854 -1.257997 49.526915
1.941606 11.414065 -2.191666 59.377932
1.918208 11.052672 -2.096129 58.312798
2.517245 15.760002 -3.641872 79.927926
1.000000 7.969558 0.697246 34.564103
1.268860 9.742952 0.239399 42.708900
1.300594 9.747784 0.154826 43.109753
1.380658 10.173959 0.006615 45.227812
2.373883 15.324000 -3.005065 75.598369
1.206000 7.084813 -0.428645 35.858490
1.581481 9.940023 -1.217854 49.004709
1.062211 6.279838 -0.181680 31.023053
1.909509 13.141401 -1.533461 61.598007
0.952004 3.447016 0.399644 19.130840
0.925866 4.176849 0.361596 22.262719
0.958549 3.987530 0.370919 21.423593
0.910514 4.707880 0.167119 23.964171
0.917025 5.090574 0.049167 25.205046
0.928792 3.958804 0.333474 20.861593
1.001454 5.600941 -0.003103 28.430565
0.927224 4.754170 0.177376 24.201736
1.125411 6.809635 -0.267436 33.259580
1.543615 9.685267 -1.119884 47.739389
1.079984 6.541186 -0.219014 31.471568
0.924586 4.387235 0.230630 22.518620
0.936813 5.097660 0.069008 25.301786
0.900890 4.472167 0.174106 22.518614
0.972900 3.426835 0.370968 18.117380
0.937475 4.420016 0.189360 22.427148
0.946829 4.439862 0.192176 22.423826
0.977053 5.107899 0.348088 27.075471
0.994181 5.380838 0.127861 27.873870
0.951707 4.421809 0.476731 24.094546
0.952263 4.542269 0.876766 22.581186
0.942588 4.521038 0.834796 21.974913
1.074499 6.209438 1.429770 30.256388
1.433425 9.342713 2.502819 45.242434
0.991378 3.829513 0.336715 20.560644
0.997900 4.088786 0.681760 21.871701
0.918513 3.578855 0.422442 19.865858
1.018119 3.460723 0.396394 19.553031
1.054118 3.030948 0.416863 19.192992
0.971225 3.100415 0.351907 17.861959
1.036472 3.717728 0.495865 21.146909
1.382274 8.842500 2.361265 43.202169
0.850794 1.021723 0.506035 14.040354
0.696483 1.303461 0.515828 13.432485
0.788847 2.538581 0.627552 17.500429
0.745806 1.887550 0.715556 16.136999
0.958847 2.713609 0.492393 18.478829
0.993091 2.206042 0.474001 17.386918
0.876741 3.136331 0.568614 19.366680
0.831691 3.328041 0.734147 20.063743
0.898644 3.658237 0.546139 21.168516
0.829329 3.418131 0.622529 19.882073
0.844405 3.868261 0.594219 21.436992
0.708534 2.338914 0.688148 16.178694
0.741513 2.668055 0.649784 17.136790
0.732323 1.052310 0.435917 14.178826
0.765368 1.960541 0.649742 15.280076
0.841491 1.245215 0.567143 14.140698
0.764602 1.747372 0.617945 14.973767
0.668930 2.125620 0.702750 15.376226
0.414462 1.768167 0.887657 10.350023
0.714904 2.211712 0.637071 16.230389
0.533740 2.490355 0.947653 14.047770
0.663307 2.025364 0.682469 14.846393
0.805026 3.878179 0.652440 21.229234
0.850277 3.403306 0.670058 20.279925
0.783645 2.652033 0.578859 16.834082
0.783485 2.736607 0.640878 17.560002
0.766933 3.764322 0.724675 20.596973
0.803527 3.420786 0.658951 19.802721
0.768131 3.055527 0.774773 18.543274
0.813505 2.501387 0.661339 17.638550
0.877668 1.856343 0.650771 16.624281
0.723907 1.968440 0.576381 15.041360
0.778157 3.658812 0.813645 20.500537
0.766790 1.877145 0.609220 15.964022
0.961859 4.315529 0.744262 21.192123
1.029129 5.659242 1.263038 27.969758
1.588515 10.460984 2.934057 51.042101
1.195178 7.108504 1.831684 35.682189
1.686262 11.228177 3.213237 54.690413
1.476504 10.894772 2.186085 49.700496
1.477330 10.898651 2.188114 49.719960
1.312675 10.042891 1.583867 44.734049
1.000000 7.969558 0.697246 34.564103
0.988944 4.315055 0.792513 22.381853
1.000735 5.153937 1.132376 25.870975
1.093741 5.851998 1.328662 30.437802
0.982258 4.561741 0.678872 24.999437
1.118695 6.470885 1.584077 32.335500
1.189531 6.906775 1.741154 35.062569
0.995779 5.129365 1.120767 25.820614
1.184846 6.890353 1.733833 34.996053
0.975904 3.708006 0.433315 18.525180
0.950234 3.912431 0.589002 19.613407
0.961691 3.500604 0.412459 18.023822
0.946192 3.960334 0.266102 20.188485
0.977488 3.483994 0.430550 18.239647
0.996387 3.645453 0.567197 19.322305
1.025287 3.431960 0.431990 18.796534
0.980740 3.790052 0.322010 19.854412
1.026031 3.400916 0.399298 18.895805
1.002368 3.479884 0.383488 19.197521
0.958897 4.570470 0.890053 22.633686
0.972869 3.937766 0.557509 20.014820
0.940039 3.821271 0.552997 18.694489
0.920917 4.236509 0.162793 20.560323
1.329321 8.479832 -0.603141 40.328706
1.032826 6.044306 -0.120296 29.568196
1.276560 8.055998 -0.537895 38.575991
1.693461 11.069931 -1.350827 53.285775
1.286501 8.084033 -0.539922 38.720815
1.487650 9.730169 -0.903525 46.006770
1.112347 6.722955 -0.213063 31.843693
1.339203 8.503727 -0.606946 40.453168
0.960151 5.417898 0.001470 25.496364
0.956470 5.228319 -0.002356 25.421074
0.901879 4.562866 0.101940 21.759331
1.103309 6.704066 -0.218931 31.764823
0.917869 4.603497 0.114517 21.913460
0.893099 4.191957 0.128996 20.357547
1.046261 6.085761 -0.116733 29.778358
1.595476 10.516406 -1.111986 49.912792
1.262983 9.776611 0.328062 42.676318
1.106263 8.751982 0.581829 38.003480
1.004220 8.001698 0.694893 34.701766
1.474833 11.311254 0.017103 49.620523
1.956792 13.751545 -1.521699 63.642751
1.712633 11.657417 -1.199327 54.365749
1.625499 10.810648 -1.165302 51.073206
1.458958 11.131019 0.018257 48.849299
1.952404 13.703433 -1.525892 63.574023
1.801883 13.321180 -0.795284 59.681377
1.260074 9.826517 0.376940 42.808427
1.000000 7.969558 0.697246 34.564103
1.239624 7.843802 -0.441101 36.944846
0.309109 0.605782 0.386083 5.623291
0.526870 0.586158 0.291910 9.745823
0.879768 4.311416 0.662981 24.032379
0.875185 3.963312 0.218478 18.690503
0.883883 3.685869 0.264749 17.734673
0.992806 5.564774 -0.019706 26.652182
6.122686 7.008702 -8.684361 166.109808
3.007401 14.383813 -5.541928 90.176617
2.031792 13.104545 -1.789311 63.050678
3.150152 15.941302 -5.853258 94.477408
1.881777 12.500376 -1.433386 59.347603
1.000000 7.969558 0.697246 34.564103
1.000000 7.969558 0.697246 34.564103
2.610498 15.544871 -3.885513 80.972466
1.061620 8.381971 0.614291 36.399624
1.005740 5.397778 0.190332 28.210399
1.003778 5.494948 0.148424 28.620567
0.953553 5.051863 0.338214 26.693169
1.006482 5.423904 0.236550 28.667746
0.880699 4.375297 0.497005 23.500564
1.255438 6.986070 -0.325098 36.933448
1.192701 7.042287 -0.420353 35.616676
1.454524 8.629063 -0.983147 44.069368
2.083816 13.314331 -2.359310 65.813159
2.633980 15.308421 -3.812750 80.154555
1.163776 6.490764 -0.164911 34.000078
1.001447 5.382798 0.269951 28.613582
1.764102 9.493822 -1.643427 52.554176
1.165332 6.249583 -0.035331 33.606860
1.158967 6.228454 -0.030750 33.519115
0.678116 2.549236 0.650717 16.015325
2.920199 15.028024 -5.130138 88.079588
0.887645 2.714465 0.586935 18.274282
0.946588 1.734416 0.476838 16.026428
0.870850 2.577469 0.677619 18.229901
0.885104 4.552237 0.503249 24.392882
0.900546 3.189103 0.566966 19.652521
0.879837 4.344983 0.531073 23.505019
0.913528 4.289660 0.502024 23.441094
1.000000 7.969558 0.697246 34.564103
1.000000 7.969558 0.697246 34.564103
1.000000 7.969558 0.697246 34.564103
1.000000 7.969558 0.697246 34.564103
1.000000 7.969558 0.697246 34.564103
1.000000 7.969558 0.697246 34.564103
1.000000 7.969558 0.697246 34.564103
1.000000 7.969558 0.697246 34.564103
1.000000 7.969558 0.697246 34.564103
1.000000 7.969558 0.697246 34.564103
1.000000 7.969558 0.697246 34.564103
1.000000 7.969558 0.697246 34.564103
1.000000 7.969558 0.697246 34.564103
1.000000 7.969558 0.697246 34.564103
1.106260 8.601762 0.528997 37.488127
1.000000 7.969558 0.697246 34.564103
4.221184 11.738828 -2.093315 113.253888
2.929180 12.079296 -1.442874 79.307428
1.303663 9.243273 0.306741 41.599537
1.000000 7.969558 0.697246 34.564103
1.000000 7.969558 0.697246 34.564103
1.000000 7.969558 0.697246 34.564103
1.720236 10.338357 0.125479 50.856679
1.497422 9.753899 -0.910050 46.133967
1.982750 14.126829 -1.514832 65.106243
1.004620 8.004689 0.694688 34.714393
1.094722 8.653700 0.579923 37.585221
1.000000 7.969558 0.697246 34.564103
1.000000 7.969558 0.697246 34.564103
1.000000 7.969558 0.697246 34.564103
1.000000 7.969558 0.697246 34.564103
1.000000 7.969558 0.697246 34.564103
1.000000 7.969558 0.697246 34.564103
1.000000 7.969558 0.697246 34.564103
1.000000 7.969558 0.697246 34.564103
1.000000 7.969558 0.697246 34.564103
1.000000 7.969558 0.697246 34.564103
1.000000 7.969558 0.697246 34.564103
1.000000 7.969558 0.697246 34.564103
1.000000 7.969558 0.697246 34.564103
1.000000 7.969558 0.697246 34.564103
1.000000 7.969558 0.697246 34.564103
1.000000 7.969558 0.697246 34.564103
1.000000 7.969558 0.697246 34.564103
1.000000 7.969558 0.697246 34.564103
1.000000 7.969558 0.697246 34.564103
5.185402 13.227810 -9.164850 142.735871
3.681244 16.192921 -7.090464 107.355744
2.577520 10.522469 -3.425973 72.766894
4.077566 16.356059 -8.004761 117.322106
3.658124 16.648314 -7.664444 108.562662
2.883075 9.621318 -5.120114 81.837693
0.932154 3.745608 -0.720190 23.406777
3.112440 8.689530 -6.303825 88.218206
1.000150 7.970516 0.697357 34.567859
1.000770 7.974207 0.697693 34.582069
1.000258 7.971270 0.697027 34.570839
1.082064 8.474971 0.574154 36.864253
2.715809 15.422503 -3.707525 81.188456
3.331088 15.404967 -6.534758 98.947211
3.164481 13.474379 -5.414889 91.959385
4.521927 10.301174 -8.604217 124.825200
2.164954 12.823836 -2.260358 65.568146
4.457382 13.812436 -9.294525 125.614376
3.562495 13.367903 -5.237523 98.344488
5.611873 9.456247 -8.963400 152.861240
3.700167 10.046502 -6.111893 102.401122
5.336053 8.353387 -9.902170 146.528394
1.000000 7.969558 0.697246 34.564103
1.278388 9.822176 0.227120 43.062102
2.091312 13.331101 -2.371850 65.943747
2.376720 14.757611 -3.254418 75.068548
1.000000 7.969558 0.697246 34.564103
1.000000 7.969558 0.697246 34.564103
1.000000 7.969558 0.697246 34.564103
1.096284 8.675686 0.600876 37.638470
1.003131 7.993551 0.695653 34.666877
1.000000 7.969558 0.697246 34.564103
1.946758 13.713027 -1.501884 63.437470
1.090723 8.629348 0.602732 37.436835
1.011909 8.060001 0.689908 34.952174
1.000000 7.969558 0.697246 34.564103
1.000000 7.969558 0.697246 34.564103
1.000000 7.969558 0.697246 34.564103
1.000000 7.969558 0.697246 34.564103
1.000000 7.969558 0.697246 34.564103
1.000000 7.969558 0.697246 34.564103
1.000000 7.969558 0.697246 34.564103
1.000000 7.969558 0.697246 34.564103
1.000000 7.969558 0.697246 34.564103
1.000000 7.969558 0.697246 34.564103
1.000000 7.969558 0.697246 34.564103
1.000000 7.969558 0.697246 34.564103
1.000000 7.969558 0.697246 34.564103
1.000000 7.969558 0.697246 34.564103
1.000000 7.969558 0.697246 34.564103
1.000000 7.969558 0.697246 34.564103
1.000000 7.969558 0.697246 34.564103
1.000000 7.969558 0.697246 34.564103
1.000000 7.969558 0.697246 34.564103
1.000000 7.969558 0.697246 34.564103
1.000000 7.969558 0.697246 34.564103
1.000000 7.969558 0.697246 34.564103
1.000000 7.969558 0.697246 34.564103
1.000000 7.969558 0.697246 34.564103
1.000000 7.969558 0.697246 34.564103
1.000000 7.969558 0.697246 34.564103
1.000000 7.969558 0.697246 34.564103
1.000000 7.969558 0.697246 34.564103
1.000000 7.969558 0.697246 34.564103
1.000000 7.969558 0.697246 34.564103
1.000000 7.969558 0.697246 34.564103
1.000000 7.969558 0.697246 34.564103
1.000000 7.969558 0.697246 34.564103
1.000000 7.969558 0.697246 34.564103
1.000000 7.969558 0.697246 34.564103
1.000000 7.969558 0.697246 34.564103
1.000000 7.969558 0.697246 34.564103
1.000000 7.969558 0.697246 34.564103
1.000000 7.969558 0.697246 34.564103
1.000000 7.969558 0.697246 34.564103
0.188920 0.864185 0.432912 4.652682
0.603818 2.804983 -0.064432 15.807115
1.637102 6.637313 -1.136535 44.636288
2.641027 9.839984 -4.360754 75.229560
1.692749 7.123266 -1.167239 46.464852
0.252776 1.263508 0.258278 6.363975
0.937286 4.171010 0.327815 24.962372
0.907111 4.096233 0.389741 24.221083
0.152579 0.756373 0.315030 3.829142
0.548416 2.550377 0.816966 14.561218
3.172246 10.513410 -5.357408 88.611643
1.038887 4.836918 0.294045 28.346008
1.608450 6.938070 -1.023497 44.410059
1.099596 5.074521 0.290238 29.728611
0.249125 0.996315 0.540847 5.904275
0.554145 2.566936 0.823604 14.652570
0.377348 1.480099 0.845376 9.174083
0.360726 1.624233 0.878348 9.444298
0.339031 1.555009 0.843255 9.047137
0.512281 2.417418 0.917135 13.676660
0.662739 2.856155 0.900220 16.647826
0.676722 2.338964 0.696445 15.656064
0.556825 2.613768 0.944807 14.591023
0.544714 2.565635 0.935399 14.414912
0.984712 4.726820 0.517973 26.860161
0.831532 3.522673 -0.778269 21.308203
0.145265 0.669729 0.383139 3.600278
0.624048 2.917345 0.891692 16.489529
0.286848 1.360229 0.337458 7.076551
0.926064 4.437463 0.535748 25.379401
4.265623 12.934658 -8.379802 119.632391
0.791130 3.924806 0.746601 21.623049
0.787153 3.903433 0.761576 21.602001
1.596659 7.312274 -0.732956 44.422565
2.376587 10.795164 -2.841266 68.434480
2.142897 10.486202 -2.515335 62.607696
3.930141 11.363092 -7.925578 110.069990
3.781064 13.510791 -7.257407 107.574341
1.752711 7.557537 -1.134419 48.230899
2.903242 10.658506 -4.379330 81.314856
3.607227 12.336236 -7.073415 102.694392
3.177887 12.524000 -5.651592 91.651186
1.503033 6.839275 -0.634335 41.872490
2.414625 9.799389 -3.325862 68.820725
2.172772 9.578253 -2.467681 62.317411
2.082998 10.287359 -2.366170 61.028834
0.692055 2.010665 0.614099 15.001333
0.748022 2.522961 0.644572 17.081387
0.632773 1.913628 0.635400 14.271204
0.780002 2.289803 0.532089 17.529578
0.736272 3.567146 0.801991 19.740334
0.767112 3.261644 0.739870 19.025524
0.658474 2.889893 0.851560 16.567221
1.402470 6.680799 -0.351719 39.447000
0.846833 3.841510 0.628178 21.501133
0.814463 3.855065 0.716245 21.404977
1.481051 7.134600 -0.447518 41.600782
1.261790 6.284734 -0.035548 35.765596
1.249803 6.269110 -0.068083 35.403920
0.920859 4.774122 0.512698 26.066085
0.845953 4.156930 0.673750 23.316350
0.909101 4.698139 0.547097 25.633939
0.906046 4.726904 0.475243 25.417689
0.321478 1.367951 0.796979 8.140242
1.000000 7.969558 0.697246 34.564103
