1.000000 7.878462 1.389185 34.564103
1.000000 7.878462 1.389185 34.564103
1.000000 7.878462 1.389185 34.564103
1.000000 7.878462 1.389185 34.564103
1.000000 7.878462 1.389185 34.564103
1.000000 7.878462 1.389185 34.564103
2.497062 14.183599 -1.856045 75.110801
1.899634 13.198407 -0.298227 61.431022
3.600194 17.141353 -5.785428 108.982297
2.363207 12.312290 -2.613683 73.830597
1.466318 6.491793 -0.786591 43.917236
1.000000 7.878462 1.389185 34.564103
1.000000 7.878462 1.389185 34.564103
1.000000 7.878462 1.389185 34.564103
1.000000 7.878462 1.389185 34.564103
1.766784 10.723007 0.046592 52.691109
1.887365 11.570165 -0.121111 57.354873
1.677909 10.359798 0.731914 50.502484
1.000000 7.878462 1.389185 34.564103
1.000000 7.878462 1.389185 34.564103
1.000000 7.878462 1.389185 34.564103
1.000000 7.878462 1.389185 34.564103
1.000000 7.878462 1.389185 34.564103
1.000000 7.878462 1.389185 34.564103
1.000000 7.878462 1.389185 34.564103
1.000000 7.878462 1.389185 34.564103
1.000000 7.878462 1.389185 34.564103
1.000000 7.878462 1.389185 34.564103
1.000000 7.878462 1.389185 34.564103
1.000000 7.878462 1.389185 34.564103
1.000000 7.878462 1.389185 34.564103
1.000000 7.878462 1.389185 34.564103
1.402462 10.589233 0.821751 47.371451
1.000000 7.878462 1.389185 34.564103
1.000000 7.878462 1.389185 34.564103
1.000000 7.878462 1.389185 34.564103
1.000000 7.878462 1.389185 34.564103
1.000000 7.878462 1.389185 34.564103
5.732304 7.702512 -8.416167 168.176852
5.878229 8.993549 -6.627006 168.765130
4.470219 13.618926 -7.420992 127.006937
5.375481 10.078624 -8.441334 156.282668
5.148990 12.780692 -6.365578 143.014521
1.000000 7.878462 1.389185 34.564103
5.734476 6.985698 -4.222902 162.791763
1.000000 7.878462 1.389185 34.564103
1.000000 7.878462 1.389185 34.564103
1.000000 7.878462 1.389185 34.564103
1.000000 7.878462 1.389185 34.564103
1.000000 7.878462 1.389185 34.564103
1.000000 7.878462 1.389185 34.564103
1.000000 7.878462 1.389185 34.564103
1.162935 8.440256 1.480967 38.172275
6.504248 3.751683 -4.045323 188.629589
5.745539 6.799977 -2.900531 162.001890
6.181086 4.984394 -5.190448 178.059379
6.797455 2.679971 -1.285341 197.585040
6.376164 4.582718 0.620268 180.917077
6.067188 4.605252 -2.122959 171.640949
4.500628 9.810247 -2.218616 124.120883
1.000000 7.878462 1.389185 34.564103
1.000000 7.878462 1.389185 34.564103
1.000000 7.878462 1.389185 34.564103
6.217172 5.689681 -6.279442 180.832074
5.124902 10.520639 -5.042533 143.838075
2.678659 11.291801 1.154943 74.210104
3.908041 12.755794 -1.997913 105.680120
4.885901 12.787515 -8.341975 141.128903
5.275787 9.744739 -3.624489 148.492184
3.205125 13.010486 -3.272769 89.761690
6.384102 3.185460 -2.795072 182.921921
6.600630 2.824520 0.440716 189.291253
1.000000 7.878462 1.389185 34.564103
1.000000 7.878462 1.389185 34.564103
1.000000 7.878462 1.389185 34.564103
1.000000 7.878462 1.389185 34.564103
1.000000 7.878462 1.389185 34.564103
1.000000 7.878462 1.389185 34.564103
1.000000 7.878462 1.389185 34.564103
1.000000 7.878462 1.389185 34.564103
1.000000 7.878462 1.389185 34.564103
1.000000 7.878462 1.389185 34.564103
6.023368 5.149210 -0.504239 169.160281
6.745267 2.257598 2.209437 194.997812
6.115001 4.976638 3.696931 172.032183
6.388645 2.100745 5.791024 182.860951
1.000000 7.878462 1.389185 34.564103
4.376427 8.900771 5.686115 119.773493
5.638225 7.855319 8.252919 157.654736
1.000000 7.878462 1.389185 34.564103
4.060047 10.939195 2.442555 108.342310
4.799679 8.169942 1.052474 130.344927
6.627092 1.878146 4.978857 191.320401
6.412769 3.504457 3.971960 182.622757
6.499432 2.216391 3.597461 185.913282
6.313554 4.451013 6.186296 180.035168
6.222839 3.941656 6.971364 177.319804
6.249664 3.391831 5.204737 177.323635
6.261149 2.601053 6.663735 178.709421
6.389729 2.611627 7.629758 184.207211
6.138683 3.304912 8.709994 176.110135
6.179373 4.717760 7.907597 175.815798
6.016902 3.755945 9.560431 173.235499
1.000000 7.878462 1.389185 34.564103
6.249476 6.217638 8.566657 177.520608
1.000000 7.878462 1.389185 34.564103
5.488155 7.100677 11.892786 157.009433
6.134289 4.288005 8.700584 175.255646
5.542059 4.969333 10.746158 159.216460
1.000000 7.878462 1.389185 34.564103
1.000000 7.878462 1.389185 34.564103
1.000000 7.878462 1.389185 34.564103
1.000000 7.878462 1.389185 34.564103
1.000000 7.878462 1.389185 34.564103
1.000000 7.878462 1.389185 34.564103
1.000000 7.878462 1.389185 34.564103
1.000000 7.878462 1.389185 34.564103
1.000000 7.878462 1.389185 34.564103
1.000000 7.878462 1.389185 34.564103
1.000000 7.878462 1.389185 34.564103
1.000000 7.878462 1.389185 34.564103
1.000000 7.878462 1.389185 34.564103
1.000000 7.878462 1.389185 34.564103
1.000000 7.878462 1.389185 34.564103
1.000000 7.878462 1.389185 34.564103
1.000000 7.878462 1.389185 34.564103
1.000000 7.878462 1.389185 34.564103
1.000000 7.878462 1.389185 34.564103
1.000000 7.878462 1.389185 34.564103
1.000000 7.878462 1.389185 34.564103
1.000000 7.878462 1.389185 34.564103
1.000000 7.878462 1.389185 34.564103
1.000000 7.878462 1.389185 34.564103
1.000000 7.878462 1.389185 34.564103
1.000000 7.878462 1.389185 34.564103
1.000000 7.878462 1.389185 34.564103
1.000000 7.878462 1.389185 34.564103
1.000000 7.878462 1.389185 34.564103
1.000000 7.878462 1.389185 34.564103
1.000000 7.878462 1.389185 34.564103
5.379450 5.647707 11.214885 154.562652
1.000000 7.878462 1.389185 34.564103
1.000000 7.878462 1.389185 34.564103
5.203897 9.669810 2.396420 142.384468
5.794427 6.548043 5.827680 162.356787
1.000000 7.878462 1.389185 34.564103
1.000000 7.878462 1.389185 34.564103
1.000000 7.878462 1.389185 34.564103
5.237518 8.241171 12.565515 150.228358
4.451913 7.333443 11.247815 128.419410
1.519982 6.563393 2.759703 45.112120
2.628400 7.919659 7.628458 80.158398
0.796123 3.593430 1.646180 23.159164
5.354168 8.981906 13.302024 152.939506
4.679907 8.830115 11.945604 135.209636
4.421317 7.873384 11.295750 127.985961
4.285835 11.069080 11.921269 125.675733
5.044992 6.207903 11.304215 145.018150
4.949339 6.855426 11.605137 142.515017
5.826361 5.211682 10.232024 166.329032
5.848194 6.191024 10.932572 166.995228
5.780822 4.395550 10.294433 165.891007
5.484867 6.402874 11.321703 157.007297
2.466883 11.125657 4.336882 69.209209
5.183523 10.343699 9.000070 140.944339
1.928690 10.744859 4.545155 57.764771
4.826493 10.647257 11.441839 135.291694
5.177003 10.308991 12.531446 145.756085
1.000000 7.878462 1.389185 34.564103
1.000000 7.878462 1.389185 34.564103
1.000000 7.878462 1.389185 34.564103
1.000000 7.878462 1.389185 34.564103
1.000000 7.878462 1.389185 34.564103
1.000000 7.878462 1.389185 34.564103
1.000000 7.878462 1.389185 34.564103
1.000000 7.878462 1.389185 34.564103
1.000000 7.878462 1.389185 34.564103
1.000000 7.878462 1.389185 34.564103
1.000000 7.878462 1.389185 34.564103
1.000000 7.878462 1.389185 34.564103
1.212176 8.659687 1.747310 39.379220
4.318958 10.858576 9.835840 119.238230
6.027944 6.253766 9.696151 170.482740
5.905653 8.032451 12.129567 167.116626
2.018597 10.365823 3.472770 58.268461
1.000000 7.878462 1.389185 34.564103
1.000000 7.878462 1.389185 34.564103
1.000000 7.878462 1.389185 34.564103
1.000000 7.878462 1.389185 34.564103
1.000000 7.878462 1.389185 34.564103
1.000000 7.878462 1.389185 34.564103
1.000000 7.878462 1.389185 34.564103
1.000000 7.878462 1.389185 34.564103
1.000000 7.878462 1.389185 34.564103
1.000000 7.878462 1.389185 34.564103
1.000000 7.878462 1.389185 34.564103
1.000000 7.878462 1.389185 34.564103
1.000000 7.878462 1.389185 34.564103
1.000000 7.878462 1.389185 34.564103
1.000000 7.878462 1.389185 34.564103
1.000000 7.878462 1.389185 34.564103
1.000000 7.878462 1.389185 34.564103
1.000000 7.878462 1.389185 34.564103
1.000000 7.878462 1.389185 34.564103
1.000000 7.878462 1.389185 34.564103
1.000000 7.878462 1.389185 34.564103
1.000000 7.878462 1.389185 34.564103
1.000000 7.878462 1.389185 34.564103
1.000000 7.878462 1.389185 34.564103
1.000000 7.878462 1.389185 34.564103
1.000000 7.878462 1.389185 34.564103
1.000000 7.878462 1.389185 34.564103
1.000000 7.878462 1.389185 34.564103
1.000000 7.878462 1.389185 34.564103
1.000000 7.878462 1.389185 34.564103
1.000000 7.878462 1.389185 34.564103
1.000000 7.878462 1.389185 34.564103
5.254156 10.980076 14.629811 151.290544
4.971466 11.066927 13.944523 144.285628
4.957578 12.436231 14.266566 142.819704
1.000000 7.878462 1.389185 34.564103
1.000000 7.878462 1.389185 34.564103
1.000000 7.878462 1.389185 34.564103
1.000000 7.878462 1.389185 34.564103
1.000000 7.878462 1.389185 34.564103
1.000000 7.878462 1.389185 34.564103
1.000000 7.878462 1.389185 34.564103
1.000000 7.878462 1.389185 34.564103
1.000000 7.878462 1.389185 34.564103
1.000000 7.878462 1.389185 34.564103
1.000000 7.878462 1.389185 34.564103
1.000000 7.878462 1.389185 34.564103
1.000000 7.878462 1.389185 34.564103
1.000000 7.878462 1.389185 34.564103
1.000000 7.878462 1.389185 34.564103
1.018773 7.968109 1.452950 35.019075
1.000000 7.878462 1.389185 34.564103
1.000000 7.878462 1.389185 34.564103
1.000000 7.878462 1.389185 34.564103
1.000000 7.878462 1.389185 34.564103
1.000000 7.878462 1.389185 34.564103
1.000000 7.878462 1.389185 34.564103
1.810471 11.713285 4.399746 58.357080
1.686005 11.717181 3.873401 55.821014
1.000000 7.878462 1.389185 34.564103
1.000000 7.878462 1.389185 34.564103
1.000000 7.878462 1.389185 34.564103
1.000000 7.878462 1.389185 34.564103
1.000000 7.878462 1.389185 34.564103
1.000000 7.878462 1.389185 34.564103
1.000000 7.878462 1.389185 34.564103
1.000000 7.878462 1.389185 34.564103
1.000000 7.878462 1.389185 34.564103
1.000000 7.878462 1.389185 34.564103
1.000000 7.878462 1.389185 34.564103
5.597882 7.987974 12.377999 159.237692
5.109714 7.447001 11.921547 146.704722
5.569932 10.983203 14.661271 159.045111
5.216061 10.364834 13.885094 150.561263
2.973526 10.251740 8.057983 89.226262
2.793740 12.508763 7.063924 81.411137
4.565383 13.096097 14.299669 134.479558
1.904946 11.072007 4.289500 58.276208
3.034672 12.343165 7.949714 88.187837
3.249000 14.200091 9.421257 96.579156
1.188429 8.753312 1.968164 39.562787
1.760261 11.208346 4.075834 55.816822
1.000000 7.878462 1.389185 34.564103
1.000000 7.878462 1.389185 34.564103
3.172881 15.115376 10.470215 98.575295
1.433432 10.182513 3.011090 47.837953
1.000000 7.878462 1.389185 34.564103
1.000000 7.878462 1.389185 34.564103
1.000000 7.878462 1.389185 34.564103
1.000000 7.878462 1.389185 34.564103
1.000000 7.878462 1.389185 34.564103
1.105983 8.307032 1.772325 37.179647
1.407521 9.362387 2.718318 44.624614
4.485996 12.962667 12.017077 125.710087
1.093339 8.319227 1.640026 36.914586
1.868677 11.124673 4.547477 57.758016
5.607231 8.738640 13.236481 159.621272
4.563745 12.806764 12.601088 129.847355
5.153608 12.236395 14.490922 148.616992
4.854712 8.845260 12.555215 139.754640
3.854189 9.520166 10.869479 113.579326
1.805286 10.889726 4.071562 55.875084
1.000000 7.878462 1.389185 34.564103
1.064615 8.250075 1.597922 36.430208
2.864110 12.131697 6.844530 82.494867
1.000000 7.878462 1.389185 34.564103
1.000000 7.878462 1.389185 34.564103
1.000000 7.878462 1.389185 34.564103
1.000000 7.878462 1.389185 34.564103
1.000000 7.878462 1.389185 34.564103
1.000000 7.878462 1.389185 34.564103
1.000000 7.878462 1.389185 34.564103
1.000000 7.878462 1.389185 34.564103
1.000000 7.878462 1.389185 34.564103
3.834084 11.323097 2.159448 101.864688
6.293958 6.168699 2.206157 177.382949
4.681750 8.032882 3.115396 126.673934
3.960736 11.069120 5.542330 106.853342
6.131870 7.729818 10.872740 172.891343
6.054234 5.084570 9.616681 172.610907
5.948623 7.374247 11.347683 168.695827
5.482029 9.722090 11.141163 151.924606
1.000000 7.878462 1.389185 34.564103
2.207857 10.168027 2.928251 62.525279
1.476757 9.496375 2.842201 46.067602
2.905867 11.833692 8.525265 88.888605
1.982828 8.891495 4.681980 60.609230
2.273689 10.142211 5.978962 69.948635
1.000000 7.878462 1.389185 34.564103
1.000000 7.878462 1.389185 34.564103
0.814440 3.643866 1.653722 23.574819
1.000000 7.878462 1.389185 34.564103
1.122241 8.570111 1.788245 38.162657
1.000000 7.878462 1.389185 34.564103
1.000000 7.878462 1.389185 34.564103
1.000000 7.878462 1.389185 34.564103
1.000000 7.878462 1.389185 34.564103
1.000000 7.878462 1.389185 34.564103
1.000000 7.878462 1.389185 34.564103
1.000000 7.878462 1.389185 34.564103
1.000000 7.878462 1.389185 34.564103
1.000000 7.878462 1.389185 34.564103
1.000000 7.878462 1.389185 34.564103
1.000000 7.878462 1.389185 34.564103
1.000000 7.878462 1.389185 34.564103
1.000000 7.878462 1.389185 34.564103
1.000000 7.878462 1.389185 34.564103
1.000000 7.878462 1.389185 34.564103
1.000000 7.878462 1.389185 34.564103
1.000000 7.878462 1.389185 34.564103
1.000000 7.878462 1.389185 34.564103
1.000000 7.878462 1.389185 34.564103
1.000000 7.878462 1.389185 34.564103
1.000000 7.878462 1.389185 34.564103
1.000000 7.878462 1.389185 34.564103
1.000000 7.878462 1.389185 34.564103
1.000000 7.878462 1.389185 34.564103
1.000000 7.878462 1.389185 34.564103
1.000000 7.878462 1.389185 34.564103
1.000000 7.878462 1.389185 34.564103
1.000000 7.878462 1.389185 34.564103
1.000000 7.878462 1.389185 34.564103
1.000000 7.878462 1.389185 34.564103
1.594742 11.141663 3.711463 53.445773
1.000000 7.878462 1.389185 34.564103
1.000000 7.878462 1.389185 34.564103
1.000000 7.878462 1.389185 34.564103
1.000000 7.878462 1.389185 34.564103
1.000000 7.878462 1.389185 34.564103
1.000000 7.878462 1.389185 34.564103
1.000000 7.878462 1.389185 34.564103
1.000000 7.878462 1.389185 34.564103
1.000000 7.878462 1.389185 34.564103
1.000000 7.878462 1.389185 34.564103
1.000000 7.878462 1.389185 34.564103
1.000000 7.878462 1.389185 34.564103
1.475267 10.213646 3.371811 49.266691
1.512493 11.002218 3.241538 51.161113
1.502673 10.965062 3.163250 50.802122
1.000000 7.878462 1.389185 34.564103
1.000000 7.878462 1.389185 34.564103
1.000000 7.878462 1.389185 34.564103
1.779294 11.964426 4.412842 58.988426
1.779294 11.964427 4.412843 58.988436
1.000000 7.878462 1.389185 34.564103
1.000000 7.878462 1.389185 34.564103
1.000000 7.878462 1.389185 34.564103
1.000000 7.878462 1.389185 34.564103
1.000000 7.878462 1.389185 34.564103
1.000000 7.878462 1.389185 34.564103
0.087023 0.346396 -0.224085 2.221296
0.054613 0.228688 -0.159743 1.425620
0.114245 0.572710 -0.253171 3.151093
0.129217 0.664277 -0.284559 3.592781
0.009602 0.035530 -0.040433 0.230401
1.395917 10.509992 2.673648 47.643625
1.000000 7.878462 1.389185 34.564103
1.396309 10.410111 2.734431 47.499331
1.396309 10.410113 2.734432 47.499338
0.085157 0.435816 -0.174502 2.261400
0.111865 0.561674 -0.232537 3.005317
0.474574 2.667443 -0.045478 14.499017
0.595582 3.227729 0.144229 18.016018
0.394383 2.127595 -0.099510 11.704793
0.149426 0.783269 -0.199022 4.113131
0.125570 0.664765 -0.100251 3.356294
0.063995 0.346489 -0.114688 1.714354
0.343900 1.886317 -0.199354 10.252635
0.178264 0.929379 -0.257912 4.957710
0.169536 0.888488 -0.260175 4.741383
0.139062 0.682866 -0.244918 3.698812
0.057814 0.269524 -0.182747 1.574376
0.461224 2.437125 0.591049 13.904941
0.078541 0.464224 -0.024706 2.193516
0.471873 2.483837 0.178201 14.007172
0.057935 0.317454 -0.106094 1.557716
0.911886 5.114130 1.185586 28.488420
1.646590 8.472207 3.917034 51.144862
2.736344 14.340337 8.771868 87.236626
3.111599 14.879372 10.085931 96.517390
1.591509 7.983583 3.399797 49.187040
1.224050 6.544811 2.146285 38.240646
2.374605 10.924460 6.623397 72.826890
2.074891 12.403959 5.492070 65.715700
3.294705 14.268492 10.680769 100.999629
2.042246 12.299703 5.386533 64.890222
3.425915 12.232606 10.435314 103.515006
3.293908 15.257478 10.590438 100.542390
2.807167 14.511228 8.785400 87.542416
3.700253 14.348196 11.010220 109.961650
2.808718 11.284180 8.256865 86.583151
3.258652 13.440626 9.956421 99.025076
1.223687 6.115920 2.012536 37.613396
1.372173 6.931278 2.482501 42.425886
1.374610 6.947542 2.501537 42.411301
2.273689 10.142211 5.978961 69.948638
1.914986 8.404325 4.515880 58.937725
0.185376 0.979105 -0.294038 5.244857
0.172462 0.890586 -0.188548 4.680859
0.099873 0.498969 -0.195877 2.633939
0.379001 2.237228 -0.191425 11.816664
0.735862 4.217068 0.578888 23.028016
0.374047 2.150598 -0.206745 11.518051
0.511432 2.966853 0.026010 15.891697
0.603806 3.467241 0.213982 18.701456
0.740230 4.139181 0.560371 23.044032
0.593896 3.234236 0.160952 17.943401
0.292557 1.629897 -0.253105 8.808515
0.132060 0.692916 -0.095707 3.503342
0.378067 1.075954 0.199324 9.700363
0.249298 0.556451 0.004471 6.077912
0.418530 1.377768 0.440257 11.132631
0.235812 0.888362 0.590838 6.300594
0.293801 1.524860 -0.186080 8.557268
0.300956 1.261486 -0.204009 8.098792
0.350917 1.201969 0.153083 9.314828
0.506840 1.734548 0.394347 13.733398
0.380918 1.261801 0.196935 10.039646
0.459630 1.708018 0.456440 12.556223
0.478281 1.899151 0.431256 13.254221
0.396013 1.857521 0.772205 11.437482
0.545010 2.577140 0.455207 15.774950
1.445430 10.011258 3.277409 48.288077
0.557533 3.261737 0.544865 17.239204
0.558964 3.301377 0.554854 17.340258
0.611490 3.758723 0.664740 19.270838
1.092161 6.884077 2.201770 35.309002
1.092161 6.884077 2.201770 35.309002
0.616961 3.889960 0.838861 19.630698
0.942318 6.295240 1.775458 30.911844
0.691634 4.423996 1.017224 22.145140
0.018916 0.062644 -0.067331 0.436884
0.057099 0.141271 -0.154584 1.388173
0.059910 0.259669 -0.176170 1.565718
0.296224 1.080227 0.578513 7.994149
0.130949 0.670853 -0.284417 3.631107
0.117839 0.593351 -0.267374 3.260191
0.168705 0.772715 -0.295408 4.485117
0.524571 2.440060 0.329466 15.188078
0.501750 2.210638 0.346748 14.287460
0.505410 2.187537 0.346349 14.340064
0.468959 2.392461 0.676481 13.808809
0.552018 2.587067 0.437408 15.976209
0.632984 3.843815 0.752374 19.969521
0.539191 2.716828 0.429517 15.911691
0.653061 3.247141 0.550205 18.979466
0.353959 1.938766 -0.045696 10.662567
1.222908 6.101644 2.013811 37.619551
1.832410 8.208073 4.299098 56.809190
1.299076 6.024313 2.089586 38.848721
1.127198 5.515150 1.655095 34.346888
0.355367 2.058325 -0.225599 11.005537
1.577854 7.939946 3.337038 49.125840
0.510032 2.962020 0.025918 15.868162
0.733169 4.110607 0.546751 22.859633
0.477692 2.671745 -0.051686 14.572351
0.379286 2.238243 -0.191379 11.821062
4.048175 11.146130 11.778250 119.503571
3.339098 11.764620 10.271974 101.287283
4.134953 12.912539 13.443656 124.444571
0.139907 0.782465 -0.017869 3.847000
0.678945 3.595398 0.303593 20.319117
0.478727 2.510820 0.171001 14.167322
0.328888 1.813232 -0.180394 9.885437
3.084005 9.232837 8.130372 91.559134
2.574825 8.862133 6.884813 78.169836
1.234458 5.765882 1.993152 37.455584
2.943688 10.281441 8.130004 88.264875
3.143713 11.467838 6.909538 86.819663
4.395944 12.651907 13.434164 129.806352
3.249002 14.200096 9.421264 96.579218
0.191332 1.037754 -0.318530 5.551703
0.298407 1.667248 -0.261909 8.969903
0.132213 0.683791 -0.297079 3.710256
0.178262 0.972734 -0.325998 5.202412
0.135391 0.701933 -0.299227 3.796555
0.180668 0.957053 -0.295023 5.127909
0.127790 0.633824 -0.240642 3.441535
0.133943 0.671819 -0.266114 3.654089
0.111865 0.561675 -0.232537 3.005318
0.291406 1.170541 0.608206 8.010854
0.322989 0.736248 0.180821 8.020777
0.353139 0.921098 0.020501 8.863604
0.181550 0.491805 -0.175125 4.354980
0.158998 0.429009 0.213522 3.701310
0.276076 1.579717 -0.302761 8.417130
0.265206 1.497825 -0.291539 8.035868
0.240929 1.382435 -0.322535 7.365090
0.173586 0.906093 -0.307071 4.927506
0.240929 1.382436 -0.322535 7.365092
0.179955 0.977267 -0.318262 5.264882
0.161028 0.682203 -0.237538 4.157932
0.410457 1.436224 0.075298 10.965978
0.245294 0.854049 -0.197663 6.131751
0.411259 1.719951 0.594286 11.461659
0.270705 1.589033 -0.304342 8.375433
1.217131 8.137126 2.610017 40.125500
1.445430 10.011258 3.277409 48.288075
1.573845 10.930922 3.645416 52.567577
0.553585 2.837695 0.433221 16.459309
0.542970 2.872572 0.480614 16.307500
0.553778 3.053688 0.511824 16.840642
0.525890 3.144260 0.386290 16.317973
0.620032 3.852979 0.689398 19.625459
0.520504 3.122715 0.351110 16.191380
0.552072 2.870928 0.428253 16.497041
0.530772 3.156847 0.372955 16.449471
0.556367 2.806859 0.362255 16.421737
0.517168 3.006544 0.275576 15.892406
0.493428 2.938576 0.229222 15.315929
0.538562 2.603471 0.423381 15.711750
0.541550 2.737830 0.426786 15.997871
0.545202 2.870684 0.386991 16.335945
0.701976 4.304671 0.858028 22.334911
0.746745 4.357535 0.834406 23.222468
0.608827 3.647480 0.481756 19.072079
1.120036 6.490598 2.199762 35.474741
0.444899 2.086487 0.675646 12.757562
0.534837 2.566488 0.580192 15.475657
0.499619 2.769554 0.788452 15.184663
0.494275 2.811039 0.823002 15.197539
0.654592 3.952241 0.761364 20.719807
0.523541 2.620915 0.569215 15.356285
0.507526 1.957983 0.339511 14.002515
0.445306 2.268236 0.095987 13.060001
0.453419 1.533711 0.198205 12.121180
0.499965 2.048643 0.292292 14.030853
0.407157 1.695691 0.044293 11.246009
0.581449 3.458788 0.508990 18.050529
0.640869 3.952494 0.718019 20.251136
0.640415 3.903812 0.751679 20.228017
0.890188 5.648434 0.470549 28.710317
0.968124 6.786528 0.519910 31.934950
0.893904 6.145789 0.500436 29.334047
1.194184 8.397221 0.355407 39.438540
1.403422 10.090885 0.301283 46.636021
0.513427 2.967538 0.473383 15.798457
0.604734 3.669003 0.483744 18.925695
0.553894 3.229009 0.441793 17.092167
0.523984 2.912164 0.418879 15.921611
0.848341 5.761955 0.488566 27.734648
0.175074 0.951377 -0.320151 5.102155
0.266403 1.574656 -0.306782 8.276550
0.286206 1.709261 -0.295214 8.899332
0.988559 5.414733 1.280290 30.785827
0.980248 5.390550 1.257107 30.723008
0.602493 3.462907 0.210975 18.690700
0.459099 2.701772 -0.061993 14.296779
0.736277 4.217961 0.580122 23.030432
0.755555 4.214615 0.569647 23.292882
0.715381 4.377178 0.893503 22.730590
0.608827 3.647479 0.481756 19.072075
0.738449 4.292702 0.756874 23.140080
0.537636 3.184622 0.135288 16.714855
0.469921 2.658152 0.095944 14.261558
0.559724 3.200335 0.502681 17.162668
0.541961 2.863947 0.475833 16.253168
0.550059 3.133642 0.564577 16.875870
2.057472 10.070604 5.461679 63.382021
2.095977 11.462936 6.087156 67.369094
1.120036 6.490598 2.199763 35.474740
2.043132 12.782736 5.546996 66.574830
1.000000 7.878462 1.389185 34.564103
2.005131 12.570256 5.406890 65.423087
0.709762 4.390139 0.927405 22.497592
1.422000 9.443656 3.276855 46.843702
1.000000 7.878462 1.389185 34.564103
2.004665 9.681578 5.214231 62.060933
2.794713 13.680681 8.728401 87.160463
3.101494 13.753390 9.916389 95.735453
3.545133 14.222749 11.150600 106.791362
1.985393 8.902668 4.692185 60.629741
1.651475 8.564657 3.998669 51.258104
1.232064 6.567729 2.185857 38.252573
2.309212 12.372849 6.919678 73.645472
1.264464 6.921247 2.622945 39.663235
1.369992 7.694054 3.054359 43.095940
0.916598 5.137328 1.244438 28.429432
0.459088 2.701618 -0.062553 14.299127
0.474710 2.672861 0.102567 14.376088
0.465140 2.738451 -0.005847 14.418810
0.453619 2.732116 -0.028631 14.196049
0.529697 3.155977 0.095445 16.657423
0.406591 2.434902 -0.138991 12.808673
0.448532 2.111578 -0.032615 12.857414
0.363943 1.925289 -0.134823 10.794245
0.391462 1.698134 0.055658 10.947768
0.420673 2.180845 0.043723 12.424262
1.330849 8.272946 2.980451 42.914804
1.000000 7.878462 1.389185 34.564103
1.000000 7.878462 1.389185 34.564103
1.000000 7.878462 1.389185 34.564103
1.000000 7.878462 1.389185 34.564103
1.000000 7.878462 1.389185 34.564103
1.000000 7.878462 1.389185 34.564103
1.000000 7.878462 1.389185 34.564103
1.000000 7.878462 1.389185 34.564103
1.000000 7.878462 1.389185 34.564103
0.533601 2.906575 0.706212 16.067743
0.265406 1.196016 -0.239797 7.279352
0.498279 2.834906 0.775332 15.285943
1.669385 12.142537 0.167178 55.609515
1.361880 10.439173 1.000716 46.315639
1.669386 12.142538 0.167177 55.609521
1.701182 12.655582 0.364487 57.122315
1.642003 12.144159 0.339837 55.029525
0.604734 3.669004 0.483744 18.925702
0.578204 3.578892 0.423970 18.206199
0.504055 3.024319 0.449272 15.700462
1.035771 6.802862 0.271420 33.693253
1.189136 8.099175 0.218771 38.963107
0.531930 2.993867 0.692468 16.208393
0.595496 3.632652 0.691375 18.712866
0.572155 3.057598 0.566781 17.123885
0.818443 4.734103 0.627893 25.574050
2.324975 13.818062 -2.270235 73.584620
1.583682 9.148925 -0.530952 49.734739
2.679263 15.674607 -3.167115 84.271258
1.881720 12.407846 -1.028493 61.186771
1.397977 8.654417 -0.180671 44.597383
1.592511 11.430575 0.236033 52.586262
1.619442 9.425472 -0.602867 50.550366
1.682921 11.841245 -0.134907 55.474587
2.331326 15.407759 -1.858881 75.932902
2.313650 14.833362 -1.943440 74.319096
1.522310 11.326536 0.592452 51.029375
1.000000 7.878462 1.389185 34.564103
1.000000 7.878462 1.389185 34.564103
1.000000 7.878462 1.389185 34.564103
1.000000 7.878462 1.389185 34.564103
1.579389 11.747270 0.567830 52.812709
1.482370 9.832028 -0.344213 48.329451
1.682921 11.841246 -0.134907 55.474592
1.189136 8.099176 0.218771 38.963108
1.402463 10.589234 0.821751 47.371458
0.562345 3.067835 0.551713 16.953594
0.598430 3.638114 0.702397 18.792950
0.598707 3.543713 0.631020 18.567054
0.748981 4.886924 0.526736 24.258034
0.879235 5.935078 0.488533 28.756401
0.587848 3.527300 0.600550 18.321162
1.035771 6.802862 0.271420 33.693254
0.748981 4.886925 0.526736 24.258036
1.279960 8.863323 0.220643 42.087785
1.682522 11.838532 -0.134443 55.462460
1.194184 8.397222 0.355407 39.438542
0.662544 4.246237 0.550088 21.263676
0.876571 5.917063 0.490501 28.674545
0.689789 4.513168 0.558603 22.302379
0.539725 2.941950 0.421752 16.290608
0.675259 4.369695 0.547624 21.718956
0.675235 4.370926 0.547033 21.718896
0.918840 5.585166 0.518883 29.151481
0.989413 6.238154 0.364010 31.717498
0.623385 3.757886 0.773641 19.750189
0.542897 3.248396 0.635993 16.943275
0.528105 3.205034 0.618512 16.538199
0.652094 4.225969 0.954440 20.958703
0.985667 6.660906 1.898667 32.440244
0.587461 3.407062 0.532531 18.066531
0.555160 3.053261 0.517811 16.871347
0.528957 2.993478 0.686812 16.146170
0.574072 3.055781 0.510968 17.184016
0.530441 2.480084 0.354402 15.362108
0.541147 2.666522 0.426135 15.884363
0.559738 2.888974 0.420504 16.677147
0.957224 6.390947 1.819933 31.383553
0.383534 1.166028 0.489627 10.069697
0.359775 1.362724 0.580788 9.656718
0.441279 2.153375 0.880309 12.790697
0.436425 1.985887 0.808628 12.686323
0.476342 2.367521 0.681327 13.901613
0.495540 2.165073 0.626356 13.968479
0.445951 2.391679 0.858413 13.429132
0.484762 2.573217 0.938588 14.612384
0.494360 2.779988 0.838561 15.183931
0.473703 2.584139 0.890165 14.371380
0.561169 3.180665 0.834878 17.272818
0.431932 1.982617 0.926573 12.264372
0.432894 2.143483 0.900728 12.592938
0.429154 1.226804 0.661979 11.088861
0.393875 1.854083 0.808850 11.416115
0.344472 1.313924 0.505216 9.354464
0.384472 1.763532 0.775572 11.129741
0.503734 2.108588 0.966454 14.022327
0.364071 1.743998 0.938916 10.587442
0.469575 2.079426 0.897294 13.280354
0.512073 2.580938 1.006048 15.199858
0.480801 2.166081 0.813046 13.821353
0.625729 3.524729 0.827752 19.243949
0.477809 2.585480 0.912851 14.503919
0.425378 2.187582 0.849594 12.615335
0.436345 2.230426 0.876970 12.898060
0.646078 3.599923 0.846762 19.887330
0.484315 2.627829 0.914770 14.705786
0.483490 2.489247 0.952107 14.329669
0.439666 2.144228 0.879548 12.751433
0.406626 1.842576 0.790976 11.660020
0.425167 1.976830 0.786896 12.285307
0.631959 3.437066 0.882191 19.348345
0.431530 1.954683 0.795188 12.419491
0.518468 3.081381 0.572677 16.121432
0.620591 3.916390 0.849398 19.749894
1.217131 8.137126 2.610017 40.125502
0.747639 4.822358 1.152956 24.025011
1.422000 9.443655 3.276855 46.843700
1.574631 11.192558 3.519857 52.927136
1.574631 11.192556 3.519856 52.927128
1.441468 10.628995 2.932743 48.931695
1.000000 7.878462 1.389185 34.564103
0.550059 3.133641 0.564576 16.875862
0.591817 3.610282 0.747516 18.630454
0.617377 3.816857 0.681407 19.500328
0.459554 2.724505 0.037317 14.187252
0.691634 4.423995 1.017224 22.145136
0.731306 4.664266 1.079212 23.490633
0.591931 3.609595 0.746919 18.631974
0.731306 4.664265 1.079212 23.490629
0.551941 3.218693 0.443634 17.038738
0.516322 2.940307 0.494937 15.821845
0.526718 2.921833 0.415669 15.990707
0.610024 3.739371 0.492683 19.165158
0.529452 2.871575 0.423877 15.965456
0.536665 2.851921 0.476476 16.129413
0.549985 2.891055 0.450653 16.428821
0.583913 3.414389 0.486981 18.010661
0.555235 2.910591 0.444980 16.560311
0.563362 3.048226 0.493356 16.958590
0.542897 3.248397 0.635993 16.943280
0.520140 2.950178 0.490159 15.911914
0.505560 2.943137 0.486231 15.601077
0.685597 4.498249 0.478140 22.072618
1.503207 10.955876 0.311324 50.153396
1.107557 7.631570 0.356588 36.388685
1.417065 10.187169 0.289234 47.065434
1.671009 12.154675 0.165951 55.661880
1.417065 10.187169 0.289234 47.065435
1.623483 12.031967 0.347146 54.530898
1.228404 8.861534 0.450380 40.864991
1.503207 10.955876 0.311324 50.153398
0.993305 7.057624 0.514354 32.876285
0.893904 6.145789 0.500436 29.334046
0.781029 5.323669 0.516934 25.494938
1.228404 8.861534 0.450380 40.864990
0.781029 5.323670 0.516934 25.494942
0.685597 4.498248 0.478140 22.072613
1.107557 7.631569 0.356588 36.388684
1.642003 12.144161 0.339836 55.029532
1.000000 7.878462 1.389185 34.564103
1.000000 7.878462 1.389185 34.564103
1.000000 7.878462 1.389185 34.564103
1.000000 7.878462 1.389185 34.564103
1.408103 10.838514 1.033673 47.927262
1.564392 11.847966 0.701771 52.912314
1.680142 12.539563 0.378991 56.596838
1.000000 7.878462 1.389185 34.564103
1.361880 10.439175 1.000716 46.315647
1.131815 8.873266 1.327554 38.944875
1.000000 7.878462 1.389185 34.564103
1.000000 7.878462 1.389185 34.564103
1.428346 10.492532 0.416845 47.824577
0.103793 0.405513 0.339553 2.723642
0.226976 0.635892 0.491553 5.620452
0.882536 4.651657 0.694055 26.576063
0.654894 4.288810 0.462239 21.045277
0.578204 3.578892 0.423970 18.206193
0.968124 6.786528 0.519909 31.934951
5.905903 6.927571 -7.257402 170.954701
2.957129 17.434068 -3.423832 91.840786
1.000000 7.878462 1.389185 34.564103
2.239610 14.598827 -1.451254 71.573508
1.000000 7.878462 1.389185 34.564103
1.000000 7.878462 1.389185 34.564103
1.000000 7.878462 1.389185 34.564103
1.592510 11.430572 0.236034 52.586246
1.000000 7.878462 1.389185 34.564103
0.988294 6.192171 0.399550 31.737342
1.063921 6.628387 0.319728 33.978836
0.919210 5.587071 0.518553 29.161501
1.080676 6.519844 0.315387 34.122262
0.700456 4.114400 0.716319 21.858572
1.551769 9.557861 -0.442497 49.340571
1.482370 9.832029 -0.344213 48.329453
1.881720 12.407845 -1.028493 61.186770
1.724390 12.448918 0.098751 57.166381
1.000000 7.878462 1.389185 34.564103
1.396866 8.665778 -0.191889 44.565238
1.071635 6.434877 0.334461 33.937696
2.288370 13.652922 -2.198433 72.612496
1.344633 7.967002 -0.095373 42.346238
1.344633 7.967002 -0.095373 42.346237
0.422543 2.058033 0.904524 12.217378
2.315722 14.903778 -1.617946 73.557664
0.429736 2.201118 0.846756 12.715551
0.429606 1.756732 0.583194 11.894574
0.428718 2.151972 0.856286 12.609530
0.823971 4.786832 0.616471 25.662905
0.442558 2.386824 0.846847 13.338263
0.695765 4.066999 0.726404 21.776027
0.623771 3.680215 0.764216 19.573029
1.000000 7.878462 1.389185 34.564103
1.000000 7.878462 1.389185 34.564103
1.000000 7.878462 1.389185 34.564103
1.000000 7.878462 1.389185 34.564103
1.000000 7.878462 1.389185 34.564103
1.000000 7.878462 1.389185 34.564103
1.000000 7.878462 1.389185 34.564103
1.000000 7.878462 1.389185 34.564103
1.000000 7.878462 1.389185 34.564103
1.000000 7.878462 1.389185 34.564103
1.000000 7.878462 1.389185 34.564103
1.000000 7.878462 1.389185 34.564103
1.000000 7.878462 1.389185 34.564103
1.000000 7.878462 1.389185 34.564103
1.000000 7.878462 1.389185 34.564103
1.000000 7.878462 1.389185 34.564103
2.423416 10.765754 0.474396 68.180157
1.448388 9.557300 0.792453 44.867665
1.000000 7.878462 1.389185 34.564103
1.000000 7.878462 1.389185 34.564103
1.000000 7.878462 1.389185 34.564103
1.000000 7.878462 1.389185 34.564103
1.000000 7.878462 1.389185 34.564103
1.623483 12.031968 0.347145 54.530903
1.343464 10.382098 1.104643 45.864810
1.000000 7.878462 1.389185 34.564103
1.000000 7.878462 1.389185 34.564103
1.000000 7.878462 1.389185 34.564103
1.000000 7.878462 1.389185 34.564103
1.000000 7.878462 1.389185 34.564103
1.000000 7.878462 1.389185 34.564103
1.000000 7.878462 1.389185 34.564103
1.000000 7.878462 1.389185 34.564103
1.000000 7.878462 1.389185 34.564103
1.000000 7.878462 1.389185 34.564103
1.000000 7.878462 1.389185 34.564103
1.000000 7.878462 1.389185 34.564103
1.000000 7.878462 1.389185 34.564103
1.000000 7.878462 1.389185 34.564103
1.000000 7.878462 1.389185 34.564103
1.000000 7.878462 1.389185 34.564103
1.000000 7.878462 1.389185 34.564103
1.000000 7.878462 1.389185 34.564103
1.000000 7.878462 1.389185 34.564103
1.000000 7.878462 1.389185 34.564103
1.000000 7.878462 1.389185 34.564103
3.647394 15.110318 -4.023053 102.802970
1.597883 11.006908 0.299520 51.177348
2.692129 12.188939 -3.776757 81.746754
2.445674 13.995738 -1.605537 73.534953
1.989693 13.237660 -0.697553 63.150071
2.848194 9.978323 -4.871215 86.636269
0.997681 3.991951 -0.453896 27.146583
3.093863 8.933774 -5.883030 93.828681
1.000000 7.878462 1.389185 34.564103
1.000000 7.878462 1.389185 34.564103
1.000000 7.878462 1.389185 34.564103
1.000000 7.878462 1.389185 34.564103
1.000000 7.878462 1.389185 34.564103
2.952007 17.466999 -3.416706 91.721396
3.470346 17.095848 -5.719004 106.420155
4.458481 10.902478 -8.053490 130.282909
1.000000 7.878462 1.389185 34.564103
3.187991 15.057232 -4.295898 94.085572
1.469942 10.267977 0.535993 47.049377
5.394696 10.357389 -7.724002 153.791386
3.655063 10.405329 -5.707217 108.158702
5.200809 8.553226 -9.034169 153.152717
1.000000 7.878462 1.389185 34.564103
1.000000 7.878462 1.389185 34.564103
1.724390 12.448920 0.098751 57.166392
1.790224 12.845002 0.043285 58.877000
1.000000 7.878462 1.389185 34.564103
1.000000 7.878462 1.389185 34.564103
1.000000 7.878462 1.389185 34.564103
1.000000 7.878462 1.389185 34.564103
1.000000 7.878462 1.389185 34.564103
1.000000 7.878462 1.389185 34.564103
1.407750 10.828201 1.032018 47.880167
1.000000 7.878462 1.389185 34.564103
1.000000 7.878462 1.389185 34.564103
1.000000 7.878462 1.389185 34.564103
1.000000 7.878462 1.389185 34.564103
1.000000 7.878462 1.389185 34.564103
1.000000 7.878462 1.389185 34.564103
1.000000 7.878462 1.389185 34.564103
1.000000 7.878462 1.389185 34.564103
1.000000 7.878462 1.389185 34.564103
1.000000 7.878462 1.389185 34.564103
1.000000 7.878462 1.389185 34.564103
1.000000 7.878462 1.389185 34.564103
1.000000 7.878462 1.389185 34.564103
1.000000 7.878462 1.389185 34.564103
1.000000 7.878462 1.389185 34.564103
1.000000 7.878462 1.389185 34.564103
1.000000 7.878462 1.389185 34.564103
1.000000 7.878462 1.389185 34.564103
1.000000 7.878462 1.389185 34.564103
1.000000 7.878462 1.389185 34.564103
1.000000 7.878462 1.389185 34.564103
1.000000 7.878462 1.389185 34.564103
1.000000 7.878462 1.389185 34.564103
1.000000 7.878462 1.389185 34.564103
1.000000 7.878462 1.389185 34.564103
1.000000 7.878462 1.389185 34.564103
1.000000 7.878462 1.389185 34.564103
1.000000 7.878462 1.389185 34.564103
1.000000 7.878462 1.389185 34.564103
1.000000 7.878462 1.389185 34.564103
1.000000 7.878462 1.389185 34.564103
1.000000 7.878462 1.389185 34.564103
1.000000 7.878462 1.389185 34.564103
1.000000 7.878462 1.389185 34.564103
1.000000 7.878462 1.389185 34.564103
1.000000 7.878462 1.389185 34.564103
1.000000 7.878462 1.389185 34.564103
1.000000 7.878462 1.389185 34.564103
1.000000 7.878462 1.389185 34.564103
1.000000 7.878462 1.389185 34.564103
1.000000 7.878462 1.389185 34.564103
1.000000 7.878462 1.389185 34.564103
0.220586 1.046100 0.557164 6.122687
0.666985 3.098298 0.133821 18.965310
1.612206 6.821835 -1.004734 47.633409
2.731316 10.742027 -4.317808 83.075141
1.717954 7.591453 -1.034197 51.031721
0.308833 1.522117 0.437334 8.541498
0.928035 4.301156 0.414942 27.058810
0.897599 4.233785 0.468745 26.313531
0.194783 0.966667 0.464370 5.449031
0.549611 2.674214 0.880558 16.115021
3.214937 11.426750 -5.229839 95.774852
1.043046 5.099403 0.396504 31.192771
1.632299 7.390246 -0.918163 48.907606
1.136843 5.501742 0.462373 33.641333
0.313298 1.272068 0.754401 8.463394
0.549611 2.674215 0.880558 16.115022
0.335657 1.523985 0.862656 9.576622
0.367692 1.745273 0.945244 10.735213
0.345206 1.668650 0.897337 10.240609
0.526158 2.607256 1.027856 15.613493
0.505298 2.585027 0.979259 14.974769
0.414232 1.930619 0.925768 11.833408
0.522654 2.673696 0.979458 15.453524
0.545178 2.730389 1.005801 16.065327
0.993876 5.091100 0.580546 29.817185
0.909219 3.790494 -0.534107 25.064003
0.174566 0.834143 0.500528 4.889329
0.639493 3.133747 1.017689 18.711732
0.334979 1.600148 0.502043 9.168147
0.962551 4.833018 0.683755 28.973866
4.411801 15.964366 -7.874910 128.884270
0.775277 4.166929 0.772966 23.550484
0.777414 4.161639 0.790518 23.651502
1.644686 8.129584 -0.768556 49.743068
2.646120 13.378718 -3.307176 81.681882
2.573555 14.154184 -2.970851 80.195857
4.037033 12.825866 -7.890578 119.022388
3.710043 16.171276 -7.059991 112.932635
1.888035 8.573746 -0.927226 56.075234
3.168935 12.522069 -4.297978 94.233156
3.991884 15.280868 -7.006778 118.258438
3.358561 15.203236 -6.033964 103.353638
1.624282 7.763248 -0.453856 49.068544
2.677211 11.527100 -3.334785 81.303903
2.314094 11.097794 -2.841498 71.477483
2.573555 14.154184 -2.970851 80.195860
0.434943 2.037907 0.809600 12.642942
0.434025 2.091539 0.895781 12.512798
0.475304 2.093093 0.783370 13.718218
0.620961 2.582297 0.848012 17.267839
0.639129 3.469611 0.879773 19.536083
0.487155 2.587497 0.938774 14.682006
0.502039 2.591244 0.953883 14.863514
1.450089 7.417520 -0.393628 44.442871
0.561940 3.171388 0.852778 17.343837
0.623715 3.488429 0.856804 19.270663
1.563544 8.191908 -0.526429 47.720934
1.332728 7.182298 -0.098623 41.153270
1.325689 7.207617 -0.120208 40.956644
0.954402 5.352886 0.513143 29.679417
0.852713 4.468772 0.726739 25.923156
0.910135 5.145326 0.558081 28.466440
0.927447 5.311849 0.512919 28.775688
0.335657 1.523985 0.862656 9.576620
1.000000 7.878462 1.389185 34.564103
