1.000000 7.878462 1.389185 34.564103
1.000000 7.878462 1.389185 34.564103
1.000000 7.878462 1.389185 34.564103
1.000000 7.878462 1.389185 34.564103
1.000000 7.878462 1.389185 34.564103
1.000000 7.878462 1.389185 34.564103
1.175764 8.860542 1.150843 39.314337
1.116648 8.662028 1.288195 38.076574
3.506531 16.659029 -5.658089 106.559573
2.010022 10.434498 -1.595299 62.506002
1.511066 6.617873 -0.759695 44.710434
1.000000 7.878462 1.389185 34.564103
1.000000 7.878462 1.389185 34.564103
1.000000 7.878462 1.389185 34.564103
1.000000 7.878462 1.389185 34.564103
1.862432 11.309405 -0.291142 55.613486
1.349155 9.664548 0.912428 43.734106
1.000000 7.878462 1.389185 34.564103
1.000000 7.878462 1.389185 34.564103
1.000000 7.878462 1.389185 34.564103
1.000000 7.878462 1.389185 34.564103
1.000000 7.878462 1.389185 34.564103
1.000000 7.878462 1.389185 34.564103
1.000000 7.878462 1.389185 34.564103
1.000000 7.878462 1.389185 34.564103
1.000000 7.878462 1.389185 34.564103
1.000000 7.878462 1.389185 34.564103
1.000000 7.878462 1.389185 34.564103
1.000000 7.878462 1.389185 34.564103
1.000000 7.878462 1.389185 34.564103
1.000000 7.878462 1.389185 34.564103
1.000000 7.878462 1.389185 34.564103
1.587574 11.858204 0.533614 53.368382
1.000000 7.878462 1.389185 34.564103
1.000000 7.878462 1.389185 34.564103
1.000000 7.878462 1.389185 34.564103
1.000000 7.878462 1.389185 34.564103
1.000000 7.878462 1.389185 34.564103
5.814646 7.745096 -8.670193 167.625353
6.112018 8.950298 -7.462161 173.252903
4.952647 14.054598 -8.330743 139.893478
5.477221 10.094853 -8.707632 157.243021
5.852960 12.349793 -8.536929 165.058475
1.000000 7.878462 1.389185 34.564103
5.898180 7.342369 -3.613746 164.154762
1.000000 7.878462 1.389185 34.564103
1.000000 7.878462 1.389185 34.564103
1.000000 7.878462 1.389185 34.564103
1.000000 7.878462 1.389185 34.564103
1.000000 7.878462 1.389185 34.564103
1.000000 7.878462 1.389185 34.564103
1.000000 7.878462 1.389185 34.564103
1.016194 7.940058 1.402600 34.925976
6.717511 3.968834 -4.266443 192.882903
6.081967 7.173373 -2.685294 170.031872
6.341554 5.064283 -5.424545 180.078993
7.036266 2.766605 -1.299328 202.805849
6.623424 4.556076 0.283944 186.847414
6.335724 4.824516 -2.049239 178.101137
4.205056 9.980198 -1.400932 112.415545
1.000000 7.878462 1.389185 34.564103
1.000000 7.878462 1.389185 34.564103
1.000000 7.878462 1.389185 34.564103
6.320551 5.818977 -6.590412 180.900365
5.089513 12.157264 -5.500245 139.443434
1.000000 7.878462 1.389185 34.564103
1.634002 10.186824 0.908833 49.169874
5.217342 13.671968 -8.863868 148.609501
5.571386 9.888513 -3.463691 154.305794
1.330668 9.525084 0.724848 43.083811
6.616767 3.418749 -2.839335 188.021911
6.797700 2.882972 0.385576 193.071138
1.000000 7.878462 1.389185 34.564103
1.000000 7.878462 1.389185 34.564103
1.000000 7.878462 1.389185 34.564103
1.000000 7.878462 1.389185 34.564103
1.000000 7.878462 1.389185 34.564103
1.000000 7.878462 1.389185 34.564103
1.000000 7.878462 1.389185 34.564103
1.000000 7.878462 1.389185 34.564103
1.000000 7.878462 1.389185 34.564103
1.000000 7.878462 1.389185 34.564103
6.250823 5.161679 -0.562337 174.805384
6.935193 2.316045 2.281671 197.996402
6.550340 4.655687 3.314462 182.420748
6.578493 2.291385 6.077098 185.296877
1.000000 7.878462 1.389185 34.564103
2.370610 11.041977 4.270919 66.233042
6.005441 6.469990 8.377160 168.168955
1.000000 7.878462 1.389185 34.564103
3.912483 11.293989 2.582528 104.079437
4.809123 8.396698 1.183919 129.747092
6.829938 1.992787 5.197864 194.241332
6.607006 3.619879 4.020231 184.981209
6.689574 2.286022 3.700323 188.572111
6.600221 5.033391 6.542501 184.775495
6.385902 4.258395 7.477430 179.026503
6.465084 3.712320 5.352248 180.227140
6.412859 2.806662 7.086091 180.066816
6.529449 2.736259 8.095686 185.423166
6.215365 3.283866 9.114530 175.805477
6.230637 4.577280 8.278147 174.786214
6.060835 3.750722 9.885749 172.064137
1.000000 7.878462 1.389185 34.564103
6.246533 5.600518 8.679017 176.049704
1.000000 7.878462 1.389185 34.564103
5.474638 6.874219 11.695139 156.245146
6.202651 4.159172 8.999510 174.979657
5.552598 4.916370 10.869343 157.693348
1.000000 7.878462 1.389185 34.564103
1.000000 7.878462 1.389185 34.564103
1.000000 7.878462 1.389185 34.564103
1.000000 7.878462 1.389185 34.564103
1.000000 7.878462 1.389185 34.564103
1.000000 7.878462 1.389185 34.564103
1.000000 7.878462 1.389185 34.564103
1.000000 7.878462 1.389185 34.564103
1.000000 7.878462 1.389185 34.564103
1.000000 7.878462 1.389185 34.564103
1.000000 7.878462 1.389185 34.564103
1.000000 7.878462 1.389185 34.564103
1.000000 7.878462 1.389185 34.564103
1.000000 7.878462 1.389185 34.564103
1.000000 7.878462 1.389185 34.564103
1.000000 7.878462 1.389185 34.564103
1.000000 7.878462 1.389185 34.564103
1.000000 7.878462 1.389185 34.564103
1.000000 7.878462 1.389185 34.564103
1.000000 7.878462 1.389185 34.564103
1.000000 7.878462 1.389185 34.564103
1.000000 7.878462 1.389185 34.564103
1.000000 7.878462 1.389185 34.564103
1.000000 7.878462 1.389185 34.564103
1.000000 7.878462 1.389185 34.564103
1.000000 7.878462 1.389185 34.564103
1.000000 7.878462 1.389185 34.564103
1.000000 7.878462 1.389185 34.564103
1.000000 7.878462 1.389185 34.564103
1.000000 7.878462 1.389185 34.564103
1.000000 7.878462 1.389185 34.564103
5.395169 5.561619 11.230368 153.637438
1.000000 7.878462 1.389185 34.564103
1.000000 7.878462 1.389185 34.564103
6.252293 8.023238 0.991581 173.603156
6.417838 6.683634 6.719105 177.605580
1.000000 7.878462 1.389185 34.564103
1.000000 7.878462 1.389185 34.564103
1.000000 7.878462 1.389185 34.564103
5.260472 8.110383 12.229237 150.538647
4.486647 7.276734 11.145827 128.490584
1.503184 6.475629 2.731711 44.426556
2.642592 7.925184 7.546608 80.086148
0.805805 3.622578 1.630457 23.304353
5.398441 8.705416 12.903589 154.089970
4.703228 8.770134 11.653839 135.285619
4.455809 7.859992 11.141231 128.258391
4.190003 10.854796 11.705186 122.361090
5.056712 6.124203 11.274191 144.032250
4.977089 6.786976 11.482760 142.325452
5.841788 5.042805 10.316535 165.316726
5.837037 5.935974 10.862989 165.953553
5.814094 4.333551 10.490878 164.956026
5.479234 6.212733 11.244441 155.973182
2.725694 11.343446 4.851466 75.743930
5.226223 9.597148 8.707581 144.043960
2.147097 11.116914 5.253621 63.265424
4.949494 10.222082 11.411328 139.510757
5.234627 9.873283 12.407307 148.013338
1.000000 7.878462 1.389185 34.564103
1.000000 7.878462 1.389185 34.564103
1.000000 7.878462 1.389185 34.564103
1.000000 7.878462 1.389185 34.564103
1.000000 7.878462 1.389185 34.564103
1.000000 7.878462 1.389185 34.564103
1.000000 7.878462 1.389185 34.564103
1.000000 7.878462 1.389185 34.564103
1.000000 7.878462 1.389185 34.564103
1.000000 7.878462 1.389185 34.564103
1.000000 7.878462 1.389185 34.564103
1.000000 7.878462 1.389185 34.564103
1.319759 8.987369 1.891626 41.839097
4.478273 10.249007 9.796202 124.565027
6.064283 5.803970 9.603081 170.892968
5.848414 7.579078 11.766449 166.253679
2.273989 10.620492 3.953271 64.558620
1.000000 7.878462 1.389185 34.564103
1.000000 7.878462 1.389185 34.564103
1.000000 7.878462 1.389185 34.564103
1.000000 7.878462 1.389185 34.564103
1.000000 7.878462 1.389185 34.564103
1.000000 7.878462 1.389185 34.564103
1.000000 7.878462 1.389185 34.564103
1.000000 7.878462 1.389185 34.564103
1.000000 7.878462 1.389185 34.564103
1.000000 7.878462 1.389185 34.564103
1.000000 7.878462 1.389185 34.564103
1.000000 7.878462 1.389185 34.564103
1.000000 7.878462 1.389185 34.564103
1.000000 7.878462 1.389185 34.564103
1.000000 7.878462 1.389185 34.564103
1.000000 7.878462 1.389185 34.564103
1.000000 7.878462 1.389185 34.564103
1.000000 7.878462 1.389185 34.564103
1.000000 7.878462 1.389185 34.564103
1.000000 7.878462 1.389185 34.564103
1.000000 7.878462 1.389185 34.564103
1.000000 7.878462 1.389185 34.564103
1.000000 7.878462 1.389185 34.564103
1.000000 7.878462 1.389185 34.564103
1.000000 7.878462 1.389185 34.564103
1.000000 7.878462 1.389185 34.564103
1.000000 7.878462 1.389185 34.564103
1.000000 7.878462 1.389185 34.564103
1.000000 7.878462 1.389185 34.564103
1.000000 7.878462 1.389185 34.564103
1.000000 7.878462 1.389185 34.564103
1.000000 7.878462 1.389185 34.564103
5.376816 10.471411 14.241629 153.536527
4.836871 10.899679 13.639853 139.735180
5.197217 12.814077 15.634403 149.834635
1.000000 7.878462 1.389185 34.564103
1.000000 7.878462 1.389185 34.564103
1.000000 7.878462 1.389185 34.564103
1.000000 7.878462 1.389185 34.564103
1.000000 7.878462 1.389185 34.564103
1.000000 7.878462 1.389185 34.564103
1.000000 7.878462 1.389185 34.564103
1.000000 7.878462 1.389185 34.564103
1.000000 7.878462 1.389185 34.564103
1.000000 7.878462 1.389185 34.564103
1.000000 7.878462 1.389185 34.564103
1.000000 7.878462 1.389185 34.564103
1.000000 7.878462 1.389185 34.564103
1.000000 7.878462 1.389185 34.564103
1.000000 7.878462 1.389185 34.564103
1.001171 7.884668 1.393570 34.594373
1.000000 7.878462 1.389185 34.564103
1.000000 7.878462 1.389185 34.564103
1.000000 7.878462 1.389185 34.564103
1.000000 7.878462 1.389185 34.564103
1.000000 7.878462 1.389185 34.564103
1.000000 7.878462 1.389185 34.564103
1.025824 8.061400 1.463627 35.426912
1.025854 8.055625 1.462565 35.398616
1.000000 7.878462 1.389185 34.564103
1.000000 7.878462 1.389185 34.564103
1.000000 7.878462 1.389185 34.564103
1.000000 7.878462 1.389185 34.564103
1.000000 7.878462 1.389185 34.564103
1.000000 7.878462 1.389185 34.564103
1.000000 7.878462 1.389185 34.564103
1.000000 7.878462 1.389185 34.564103
1.000000 7.878462 1.389185 34.564103
1.000000 7.878462 1.389185 34.564103
1.000000 7.878462 1.389185 34.564103
5.553151 7.632213 12.046620 158.267952
5.125363 7.293401 11.717481 146.573062
5.714939 10.387366 14.319869 162.293532
5.221014 10.062121 13.315431 149.686989
2.943933 10.152391 7.984089 87.894786
1.000000 7.878462 1.389185 34.564103
4.901191 13.998024 15.823190 144.144444
1.074732 8.315707 1.614016 36.720617
1.643998 10.948002 3.629861 53.021654
2.357912 12.384100 6.128997 71.562533
1.000000 7.878462 1.389185 34.564103
1.000000 7.878462 1.389185 34.564103
1.000000 7.878462 1.389185 34.564103
1.000000 7.878462 1.389185 34.564103
3.306531 15.830947 11.066116 102.953614
1.711230 11.648681 4.112507 56.544082
1.000000 7.878462 1.389185 34.564103
1.000000 7.878462 1.389185 34.564103
1.000000 7.878462 1.389185 34.564103
1.000000 7.878462 1.389185 34.564103
1.000000 7.878462 1.389185 34.564103
1.154109 8.453001 1.964278 38.326258
1.545002 9.689928 3.130933 47.954691
4.716934 12.492471 12.471129 132.230440
1.222453 8.807916 1.952173 39.985050
2.190721 11.685378 5.500521 65.633203
5.584291 8.405140 12.861385 159.378896
5.293926 11.993111 14.024293 148.928157
5.231402 12.591420 15.301383 151.097769
4.884195 8.728287 12.220033 140.082981
3.781391 9.376146 10.648345 111.105436
2.247611 12.147934 5.772587 68.141488
1.000000 7.878462 1.389185 34.564103
1.191327 8.724626 2.084210 39.557503
2.860271 12.184489 7.169561 82.521611
1.000000 7.878462 1.389185 34.564103
1.000000 7.878462 1.389185 34.564103
1.000000 7.878462 1.389185 34.564103
1.000000 7.878462 1.389185 34.564103
1.000000 7.878462 1.389185 34.564103
1.000000 7.878462 1.389185 34.564103
1.000000 7.878462 1.389185 34.564103
1.000000 7.878462 1.389185 34.564103
1.000000 7.878462 1.389185 34.564103
5.701653 8.880307 2.828732 153.718942
6.557579 5.852195 1.512946 183.746450
6.236537 6.698193 4.227111 171.529900
3.703121 9.754668 5.505354 101.371513
6.126445 7.157133 10.526194 173.619632
6.090107 4.857262 9.702755 172.140566
5.894035 6.947720 11.091578 167.439666
5.486943 9.096296 10.930670 153.535007
1.000000 7.878462 1.389185 34.564103
2.089359 10.516624 2.212107 58.418807
2.112855 10.512069 3.093710 59.934279
2.913921 11.776650 8.563650 88.765572
1.996604 8.925289 4.675677 60.621628
2.269395 10.083873 5.967217 69.490660
1.000000 7.878462 1.389185 34.564103
1.000000 7.878462 1.389185 34.564103
0.822764 3.668942 1.637052 23.686790
1.000000 7.878462 1.389185 34.564103
1.000000 7.878462 1.389185 34.564103
1.000000 7.878462 1.389185 34.564103
1.000000 7.878462 1.389185 34.564103
1.000000 7.878462 1.389185 34.564103
1.000000 7.878462 1.389185 34.564103
1.000000 7.878462 1.389185 34.564103
1.000000 7.878462 1.389185 34.564103
1.000000 7.878462 1.389185 34.564103
1.000000 7.878462 1.389185 34.564103
1.000000 7.878462 1.389185 34.564103
1.000000 7.878462 1.389185 34.564103
1.000000 7.878462 1.389185 34.564103
1.000000 7.878462 1.389185 34.564103
1.000000 7.878462 1.389185 34.564103
1.000000 7.878462 1.389185 34.564103
1.000000 7.878462 1.389185 34.564103
1.000000 7.878462 1.389185 34.564103
1.000000 7.878462 1.389185 34.564103
1.000000 7.878462 1.389185 34.564103
1.000000 7.878462 1.389185 34.564103
1.000000 7.878462 1.389185 34.564103
1.000000 7.878462 1.389185 34.564103
1.000000 7.878462 1.389185 34.564103
1.000000 7.878462 1.389185 34.564103
1.000000 7.878462 1.389185 34.564103
1.000000 7.878462 1.389185 34.564103
1.000000 7.878462 1.389185 34.564103
1.000000 7.878462 1.389185 34.564103
1.000000 7.878462 1.389185 34.564103
1.000000 7.878462 1.389185 34.564103
1.000000 7.878462 1.389185 34.564103
1.901543 13.296217 4.769218 63.969983
1.000000 7.878462 1.389185 34.564103
1.000000 7.878462 1.389185 34.564103
1.000000 7.878462 1.389185 34.564103
1.000000 7.878462 1.389185 34.564103
1.000000 7.878462 1.389185 34.564103
1.000000 7.878462 1.389185 34.564103
1.000000 7.878462 1.389185 34.564103
1.000000 7.878462 1.389185 34.564103
1.000000 7.878462 1.389185 34.564103
1.000000 7.878462 1.389185 34.564103
1.000000 7.878462 1.389185 34.564103
1.000000 7.878462 1.389185 34.564103
1.822417 12.608846 4.563456 61.091753
1.625887 12.040344 3.468150 55.300439
1.163359 9.004424 1.872791 39.922661
1.000000 7.878462 1.389185 34.564103
1.000000 7.878462 1.389185 34.564103
1.000000 7.878462 1.389185 34.564103
1.449729 10.603338 2.991385 49.010691
2.010036 13.328706 5.366532 66.642109
1.000000 7.878462 1.389185 34.564103
1.000000 7.878462 1.389185 34.564103
1.000000 7.878462 1.389185 34.564103
1.000000 7.878462 1.389185 34.564103
1.000000 7.878462 1.389185 34.564103
1.000000 7.878462 1.389185 34.564103
0.091701 0.354073 -0.226167 2.307109
0.054889 0.229963 -0.160453 1.428443
0.115230 0.577001 -0.254845 3.166982
0.130428 0.669340 -0.286286 3.612198
0.009635 0.035656 -0.040483 0.230382
1.070538 8.387912 1.580249 36.931063
1.000000 7.878462 1.389185 34.564103
1.115982 8.692054 1.722511 38.401130
1.081078 8.455372 1.615891 37.264896
0.086187 0.440957 -0.176034 2.282089
0.112945 0.566756 -0.233952 3.024227
0.476978 2.671012 -0.050182 14.493204
0.596653 3.222356 0.139886 17.954346
0.395518 2.127974 -0.100515 11.685794
0.150720 0.789317 -0.199873 4.134420
0.127618 0.674858 -0.102442 3.401011
0.065144 0.352273 -0.116838 1.740398
0.345483 1.889215 -0.201194 10.251145
0.179589 0.934769 -0.258821 4.975340
0.170790 0.893639 -0.261132 4.758104
0.140186 0.688135 -0.246361 3.716658
0.058236 0.271398 -0.183679 1.580599
0.468879 2.466766 0.584960 14.060090
0.081027 0.476915 -0.027800 2.253734
0.472086 2.480173 0.178072 13.957526
0.058929 0.322523 -0.108009 1.580167
0.910622 5.093528 1.183422 28.298045
1.645684 8.451693 3.924807 50.954516
2.919962 15.053213 9.577182 92.871452
3.243622 15.299253 10.797208 100.911240
1.588312 7.945439 3.387255 48.839390
1.222241 6.516768 2.139839 37.981105
2.383479 10.948992 6.650697 72.900726
1.305708 9.510420 2.461732 43.653588
3.386039 14.552179 11.106561 103.873291
1.305708 9.510422 2.461733 43.653600
3.485270 12.347370 10.595182 104.724906
3.411279 16.006581 11.197570 104.771201
2.211084 13.846605 6.117822 71.140698
3.769979 14.166692 11.843943 112.880821
2.843796 11.374364 8.338442 87.206903
3.276862 13.244456 10.144750 99.563912
1.231213 6.129590 1.995778 37.587992
1.380270 6.948410 2.473516 42.395440
1.379805 6.952616 2.493054 42.307425
2.269394 10.083872 5.967217 69.490658
1.928289 8.432022 4.494710 58.908049
0.186803 0.984431 -0.295500 5.263319
0.173932 0.897347 -0.189251 4.704623
0.100942 0.504327 -0.197417 2.654604
0.382640 2.249515 -0.197274 11.863025
0.738238 4.217571 0.576641 22.966210
0.376400 2.156123 -0.210452 11.528919
0.515706 2.979876 0.018512 15.931167
0.607103 3.474081 0.209436 18.691600
0.745725 4.153684 0.550451 23.071076
0.595938 3.233304 0.155359 17.906186
0.294084 1.633467 -0.254844 8.812735
0.134101 0.702960 -0.097951 3.547430
0.384164 1.084912 0.209472 9.800766
0.255170 0.558503 0.011106 6.177553
0.426383 1.395214 0.455567 11.249790
0.239648 0.898512 0.597276 6.329675
0.302744 1.554012 -0.179479 8.752638
0.311308 1.284143 -0.196106 8.313744
0.358222 1.213429 0.161288 9.447780
0.519283 1.757348 0.409697 13.965884
0.389763 1.275355 0.207236 10.203771
0.470156 1.733223 0.472949 12.745895
0.488527 1.927088 0.447367 13.447564
0.405875 1.887374 0.794072 11.619014
0.549510 2.584455 0.457833 15.834787
1.796925 12.429168 4.478994 60.236915
0.564442 3.280818 0.544339 17.386156
0.565890 3.316949 0.551650 17.485791
0.608313 3.695339 0.633051 19.086605
1.284713 8.027873 2.825475 41.449901
1.284713 8.027872 2.825475 41.449899
0.592577 3.683252 0.763922 18.751813
0.841721 5.560600 1.487453 27.487374
0.654686 4.139699 0.908424 20.879020
0.018936 0.062794 -0.067355 0.435944
0.057243 0.141925 -0.155091 1.386579
0.060299 0.261248 -0.177168 1.570642
0.302738 1.095550 0.589767 8.079892
0.132153 0.675895 -0.286142 3.650283
0.118919 0.597863 -0.269319 3.277789
0.176661 0.788874 -0.295330 4.644931
0.531351 2.452184 0.342623 15.289892
0.509424 2.229615 0.356544 14.423183
0.514284 2.209394 0.355449 14.504976
0.473914 2.404344 0.685984 13.900744
0.555989 2.591591 0.441516 16.013722
0.623518 3.774328 0.738974 19.635205
0.539403 2.706253 0.427187 15.848544
0.653099 3.240918 0.549107 18.905914
0.354533 1.937883 -0.045564 10.635294
1.229830 6.113134 1.994410 37.580524
1.845687 8.236576 4.280635 56.796872
1.297088 5.992133 2.066240 38.562295
1.125918 5.488130 1.636686 34.107208
0.357691 2.064150 -0.229152 11.018785
1.573225 7.893373 3.324456 48.727388
0.514288 2.975091 0.018233 15.908595
0.738911 4.126253 0.537465 22.894411
0.479776 2.673643 -0.055846 14.557712
0.382976 2.250689 -0.197160 11.867857
4.003569 11.082938 11.652806 117.467691
3.483101 12.246072 10.530237 104.687306
4.472420 13.554125 14.335972 132.874817
0.143750 0.800486 -0.022510 3.936512
0.679865 3.587465 0.298025 20.238727
0.479095 2.507574 0.170691 14.120544
0.330022 1.814658 -0.181283 9.874838
3.047537 9.094241 8.028761 90.131615
2.542556 8.731192 6.797332 76.893577
1.221356 5.690870 1.974805 36.895828
2.959440 10.310024 8.083621 88.041946
3.243224 11.081155 6.791795 90.177185
4.556588 13.335561 14.252415 134.452925
3.878307 14.609034 12.688097 116.511681
0.192916 1.043405 -0.320648 5.572779
0.300227 1.671925 -0.264328 8.980650
0.133473 0.688854 -0.299187 3.730521
0.179863 0.978557 -0.328469 5.225393
0.136715 0.707242 -0.301335 3.817965
0.182051 0.962240 -0.296503 5.145803
0.128846 0.638783 -0.242060 3.458602
0.135137 0.677007 -0.267902 3.673405
0.112945 0.566756 -0.233952 3.024227
0.298405 1.188797 0.622479 8.115376
0.330198 0.741115 0.188439 8.140193
0.362737 0.923048 0.029436 9.062251
0.187929 0.496587 -0.169110 4.482472
0.162924 0.434466 0.219512 3.757173
0.278074 1.585606 -0.305733 8.435502
0.266967 1.502858 -0.293878 8.049879
0.242820 1.388495 -0.325452 7.386049
0.178515 0.921654 -0.305933 5.023252
0.242820 1.388495 -0.325452 7.386048
0.184558 0.994029 -0.317616 5.357971
0.166638 0.695100 -0.235393 4.271317
0.420635 1.450599 0.085308 11.164767
0.258142 0.867103 -0.188468 6.410102
0.420368 1.744850 0.614657 11.617440
0.274903 1.603986 -0.308326 8.449642
1.367351 9.069340 3.138066 45.118133
1.385949 9.415653 3.184104 46.102103
1.839389 12.862807 4.528998 61.716290
0.553791 2.826342 0.433157 16.383858
0.543677 2.863451 0.479642 16.246860
0.557188 3.055393 0.520548 16.859882
0.532640 3.164075 0.395929 16.460549
0.618639 3.819177 0.660414 19.543568
0.525783 3.138114 0.365669 16.285409
0.555557 2.871742 0.436609 16.508333
0.536247 3.172247 0.387914 16.546663
0.562401 2.815717 0.374978 16.497723
0.523921 3.025554 0.293217 16.002714
0.499775 2.958075 0.245943 15.420559
0.540814 2.602266 0.423747 15.708041
0.541521 2.726236 0.425021 15.925866
0.550711 2.878984 0.400264 16.400595
0.691550 4.244857 0.827185 21.979150
0.745237 4.341159 0.831392 23.081057
0.609335 3.641321 0.483938 19.001294
1.112595 6.457729 2.173420 35.239692
0.454390 2.114710 0.698722 12.943756
0.541840 2.583015 0.588636 15.607025
0.498550 2.750507 0.783804 15.126503
0.491790 2.785089 0.816945 15.110073
0.642536 3.867960 0.747564 20.314030
0.527660 2.627167 0.570544 15.418384
0.519508 1.984457 0.353857 14.238085
0.454658 2.292675 0.114815 13.242985
0.464797 1.550336 0.211627 12.341821
0.511923 2.074892 0.306205 14.265975
0.419878 1.722282 0.057211 11.513700
0.578599 3.428676 0.499668 17.913962
0.632152 3.887837 0.706944 19.936085
0.630100 3.830297 0.738676 19.871378
0.879153 5.565776 0.467914 28.285609
0.928290 6.419135 0.508100 30.462319
0.886084 6.054624 0.497984 28.997223
1.182715 8.224040 0.325315 38.871351
1.202228 8.447628 0.339615 39.613368
0.518256 2.978560 0.459757 15.881530
0.602371 3.641643 0.477946 18.803097
0.552339 3.207282 0.436745 16.987998
0.522841 2.893946 0.413276 15.823607
0.844445 5.711606 0.481713 27.551401
0.176570 0.956860 -0.322309 5.122977
0.269225 1.584984 -0.311617 8.319182
0.289544 1.721410 -0.296931 8.948289
0.991479 5.414265 1.276691 30.694046
0.984738 5.397316 1.252627 30.672421
0.605937 3.470433 0.206081 18.685508
0.461989 2.709278 -0.065234 14.303381
0.738613 4.218233 0.577987 22.967179
0.759565 4.222084 0.563495 23.272787
0.715223 4.373314 0.892304 22.689255
0.609335 3.641321 0.483938 19.001297
0.737797 4.277502 0.756079 22.996774
0.538897 3.182871 0.135051 16.660568
0.477468 2.679619 0.112016 14.392379
0.565183 3.212728 0.507490 17.256058
0.541633 2.850503 0.472545 16.167181
0.555112 3.143187 0.554577 16.960930
2.059628 10.061685 5.484170 63.275733
1.974081 10.983579 5.543952 63.593552
1.112595 6.457729 2.173419 35.239692
1.794324 12.045700 4.475617 59.340331
1.000000 7.878462 1.389185 34.564103
2.148349 13.003227 6.199824 70.224911
0.690325 4.239623 0.832502 21.924678
1.221004 7.898356 2.668389 39.868410
1.000000 7.878462 1.389185 34.564103
2.009761 9.691244 5.225344 62.025850
2.868995 13.925112 9.170640 89.756512
3.168956 13.981729 10.241458 97.925554
3.720108 14.210320 11.959020 111.857916
1.997600 8.930745 4.685470 60.603305
1.656323 8.567133 4.014311 51.201257
1.229707 6.537778 2.179417 37.983617
2.405347 12.770138 7.325712 76.581696
1.266142 6.914042 2.627708 39.549828
1.355791 7.635291 3.004265 42.678627
0.915591 5.118240 1.242089 28.249983
0.462010 2.709257 -0.065899 14.306800
0.483334 2.697309 0.120198 14.532001
0.469597 2.749415 0.000048 14.459854
0.455086 2.732715 -0.028243 14.161581
0.531717 3.157994 0.094446 16.623231
0.409689 2.444326 -0.141581 12.829558
0.460374 2.139942 -0.020210 13.096780
0.373129 1.952325 -0.125586 10.980239
0.403788 1.725649 0.070356 11.208433
0.429311 2.204576 0.060520 12.591695
1.172194 7.006419 2.422881 37.316459
1.000000 7.878462 1.389185 34.564103
1.000000 7.878462 1.389185 34.564103
1.000000 7.878462 1.389185 34.564103
1.000000 7.878462 1.389185 34.564103
1.000000 7.878462 1.389185 34.564103
1.000000 7.878462 1.389185 34.564103
1.000000 7.878462 1.389185 34.564103
1.000000 7.878462 1.389185 34.564103
1.000000 7.878462 1.389185 34.564103
0.532539 2.886537 0.696541 15.995616
0.273204 1.216412 -0.234453 7.437667
0.495242 2.806779 0.765542 15.171114
1.806154 12.759793 -0.342529 59.716188
1.054395 8.294209 1.375273 36.390825
1.821066 13.163577 -0.117982 60.585671
1.852566 13.960860 0.376840 62.523847
1.884730 14.090962 0.224210 63.427039
0.602370 3.641642 0.477946 18.803093
0.577899 3.558658 0.425205 18.138469
0.512757 3.052308 0.436351 15.896119
1.033979 6.781006 0.266716 33.579123
1.188291 8.058615 0.195850 38.868172
0.529663 2.968497 0.679882 16.102762
0.589334 3.583644 0.679288 18.478615
0.570421 3.034259 0.555557 17.020339
0.801228 4.611415 0.631025 25.035508
2.360470 13.958017 -2.416732 74.580941
1.538453 8.884754 -0.500860 48.286914
2.670737 15.105911 -3.276366 83.366456
1.947841 12.792107 -1.170242 63.220391
1.382243 8.540808 -0.180009 44.012846
1.061695 8.339651 1.353084 36.602260
1.584012 9.203192 -0.574338 49.329014
1.758939 12.000661 -0.534245 57.536983
2.474835 16.037801 -2.282887 80.026445
2.453280 15.658483 -2.294288 78.787102
1.042352 8.201629 1.376428 35.981205
1.000000 7.878462 1.389185 34.564103
1.000000 7.878462 1.389185 34.564103
1.000000 7.878462 1.389185 34.564103
1.000000 7.878462 1.389185 34.564103
1.070714 8.399410 1.355089 36.848502
1.508502 9.981668 -0.395318 49.111654
1.812422 12.592712 -0.456688 59.540512
1.188291 8.058615 0.195850 38.868169
1.089565 8.539089 1.328584 37.515210
0.560285 3.043252 0.540232 16.842606
0.592167 3.588158 0.690048 18.555341
0.594325 3.503806 0.617941 18.382965
0.745858 4.857911 0.522104 24.115372
0.873893 5.880915 0.484887 28.535652
0.583793 3.490078 0.588667 18.148810
1.033979 6.781005 0.266717 33.579121
0.745858 4.857911 0.522104 24.115371
1.282638 8.831931 0.184004 42.077759
1.812422 12.592712 -0.456688 59.540508
1.182715 8.224039 0.325316 38.871348
0.659961 4.219592 0.544050 21.139117
0.870932 5.860992 0.487118 28.444909
0.687129 4.483754 0.554367 22.174795
0.537475 2.918033 0.415696 16.163016
0.672902 4.341688 0.543148 21.600010
0.672893 4.343247 0.542479 21.600368
0.899466 5.454125 0.512690 28.486093
0.976915 6.145800 0.363766 31.239361
0.612882 3.682606 0.759423 19.389549
0.541726 3.177180 0.572975 16.759061
0.523544 3.131085 0.575066 16.293685
0.617753 3.947748 0.861651 19.757013
0.905775 6.042828 1.672095 29.624536
0.584065 3.373310 0.521178 17.911077
0.558285 3.054192 0.523162 16.883468
0.526533 2.967695 0.674104 16.037202
0.571788 3.030335 0.501126 17.059536
0.536010 2.488917 0.365415 15.433979
0.543020 2.662868 0.427502 15.862931
0.563290 2.889753 0.428988 16.688735
0.864078 5.702383 1.554622 28.197168
0.391663 1.181081 0.501813 10.186710
0.367371 1.381227 0.592699 9.749923
0.453253 2.192663 0.900373 13.032440
0.444947 2.014217 0.815879 12.793269
0.483394 2.386936 0.696000 14.042805
0.505645 2.194619 0.648486 14.163597
0.452677 2.409977 0.873065 13.583676
0.494482 2.600883 0.959917 14.833471
0.494009 2.763394 0.838218 15.155510
0.479362 2.596211 0.902538 14.506707
0.557976 3.146830 0.832841 17.170802
0.443260 2.023104 0.932438 12.455008
0.445580 2.186717 0.920065 12.860001
0.436597 1.241541 0.670103 11.149313
0.403615 1.883789 0.829136 11.589454
0.352564 1.333762 0.520015 9.484265
0.393909 1.792047 0.793800 11.287567
0.518128 2.158810 0.975725 14.249465
0.373339 1.778615 0.946468 10.746406
0.483031 2.126944 0.905453 13.499661
0.517753 2.594412 1.008399 15.237498
0.490850 2.199215 0.820007 13.954550
0.622432 3.485094 0.831828 19.139823
0.485913 2.606672 0.932038 14.698587
0.435545 2.220535 0.871856 12.841905
0.447941 2.268819 0.899661 13.154810
0.647302 3.576959 0.864637 19.907031
0.492218 2.647788 0.933516 14.896452
0.493829 2.519124 0.971307 14.541167
0.451437 2.182792 0.899632 12.988448
0.416399 1.871326 0.811412 11.830809
0.435767 2.009039 0.805128 12.462970
0.637780 3.438701 0.905056 19.473672
0.441640 1.985346 0.811039 12.577705
0.522579 3.058320 0.526629 16.135740
0.595396 3.705098 0.772639 18.848495
1.367351 9.069341 3.138066 45.118135
0.704050 4.505957 1.022590 22.575229
1.795149 11.751806 4.645954 59.224203
1.185285 9.127419 1.975583 40.695253
1.185285 9.127420 1.975584 40.695259
1.074746 8.412767 1.600582 37.082558
1.000000 7.878462 1.389185 34.564103
0.555113 3.143188 0.554577 16.960935
0.575169 3.422364 0.648355 17.916158
0.617377 3.790745 0.655500 19.457806
0.463048 2.732441 0.043787 14.210261
0.654686 4.139699 0.908424 20.879023
0.697867 4.431724 0.978498 22.367426
0.576825 3.424190 0.645180 17.951394
0.679202 4.253393 0.878735 21.655075
0.550748 3.198544 0.438282 16.943892
0.521261 2.950433 0.480769 15.902568
0.525127 2.901574 0.410534 15.880805
0.607583 3.711521 0.486487 19.041526
0.527871 2.851637 0.418154 15.853359
0.536583 2.839795 0.472662 16.050880
0.547958 2.868964 0.444321 16.304468
0.580947 3.383703 0.478454 17.868614
0.553082 2.887720 0.438453 16.434210
0.560946 3.022299 0.483568 16.831679
0.540771 3.175112 0.574435 16.737299
0.524013 2.956710 0.477347 15.965936
0.513006 2.962753 0.468290 15.751049
0.682477 4.453292 0.480049 21.911482
1.479308 10.651169 0.200557 49.174717
1.104891 7.576663 0.336912 36.225119
1.706609 12.333241 0.005481 56.838932
1.841401 13.217625 -0.205330 61.073050
1.706608 12.333240 0.005482 56.838929
1.937720 14.518126 0.162979 65.399907
1.216841 8.711781 0.388523 40.375036
1.542663 11.166220 0.179177 51.366319
0.970801 6.844913 0.483715 32.039727
0.886084 6.054624 0.497984 28.997222
0.764167 5.153889 0.516938 24.838835
1.216841 8.711780 0.388523 40.375035
0.764166 5.153889 0.516938 24.838833
0.682477 4.453292 0.480049 21.911485
1.104891 7.576663 0.336912 36.225121
1.884730 14.090959 0.224211 63.427025
1.000000 7.878462 1.389185 34.564103
1.000000 7.878462 1.389185 34.564103
1.000000 7.878462 1.389185 34.564103
1.000000 7.878462 1.389185 34.564103
1.528643 11.812047 1.042141 52.036254
1.827047 13.753611 0.376264 61.666727
1.856093 13.694163 0.039775 62.233372
1.000000 7.878462 1.389185 34.564103
1.432743 11.008924 0.978879 48.766488
1.011093 7.965126 1.390937 34.939248
1.000000 7.878462 1.389185 34.564103
1.000000 7.878462 1.389185 34.564103
1.343522 9.713642 0.343237 44.727304
0.105537 0.410677 0.342249 2.735933
0.229616 0.643142 0.494914 5.618026
0.885748 4.624580 0.723365 26.605875
0.649136 4.213267 0.466474 20.777529
0.577925 3.558843 0.425183 18.139271
0.928290 6.419136 0.508100 30.462320
5.998393 6.982019 -7.590400 170.698731
2.436473 15.540922 -1.736703 76.358031
1.000000 7.878462 1.389185 34.564103
1.451221 10.805971 0.673870 48.560498
1.000000 7.878462 1.389185 34.564103
1.000000 7.878462 1.389185 34.564103
1.000000 7.878462 1.389185 34.564103
1.061695 8.339653 1.353084 36.602266
1.000000 7.878462 1.389185 34.564103
0.973329 6.086339 0.397360 31.196426
1.047685 6.514597 0.319437 33.394936
0.899895 5.456328 0.512310 28.497675
1.057435 6.365034 0.316299 33.322243
0.686578 4.018915 0.706608 21.416383
1.538848 9.457720 -0.446321 48.828409
1.508502 9.981667 -0.395318 49.111650
1.947841 12.792108 -1.170242 63.220393
2.072245 14.685031 -0.577106 68.262630
1.000000 7.878462 1.389185 34.564103
1.382475 8.559075 -0.190980 44.011291
1.046893 6.272162 0.333426 33.098633
2.314193 13.745311 -2.321197 73.339832
1.314266 7.771423 -0.082498 41.304831
1.314299 7.771201 -0.082303 41.305968
0.435877 2.104151 0.921848 12.489864
1.506346 11.098433 0.580220 50.030902
0.439281 2.232222 0.868466 12.927165
0.438891 1.782032 0.603505 12.052310
0.439751 2.187693 0.879862 12.847045
0.804969 4.658091 0.614302 25.068604
0.448071 2.400854 0.858139 13.463744
0.682776 3.974556 0.719294 21.362196
0.613147 3.604173 0.753080 19.225546
1.000000 7.878462 1.389185 34.564103
1.000000 7.878462 1.389185 34.564103
1.000000 7.878462 1.389185 34.564103
1.000000 7.878462 1.389185 34.564103
1.000000 7.878462 1.389185 34.564103
1.000000 7.878462 1.389185 34.564103
1.000000 7.878462 1.389185 34.564103
1.000000 7.878462 1.389185 34.564103
1.000000 7.878462 1.389185 34.564103
1.000000 7.878462 1.389185 34.564103
1.000000 7.878462 1.389185 34.564103
1.000000 7.878462 1.389185 34.564103
1.000000 7.878462 1.389185 34.564103
1.000000 7.878462 1.389185 34.564103
1.000000 7.878462 1.389185 34.564103
1.000000 7.878462 1.389185 34.564103
1.000000 7.878462 1.389185 34.564103
1.000000 7.878462 1.389185 34.564103
1.000000 7.878462 1.389185 34.564103
1.000000 7.878462 1.389185 34.564103
1.000000 7.878462 1.389185 34.564103
1.000000 7.878462 1.389185 34.564103
1.000000 7.878462 1.389185 34.564103
1.617703 11.801384 0.166436 54.017485
1.037114 8.166419 1.387991 35.821295
1.000000 7.878462 1.389185 34.564103
1.000000 7.878462 1.389185 34.564103
1.000000 7.878462 1.389185 34.564103
1.000000 7.878462 1.389185 34.564103
1.000000 7.878462 1.389185 34.564103
1.000000 7.878462 1.389185 34.564103
1.000000 7.878462 1.389185 34.564103
1.000000 7.878462 1.389185 34.564103
1.000000 7.878462 1.389185 34.564103
1.000000 7.878462 1.389185 34.564103
1.000000 7.878462 1.389185 34.564103
1.000000 7.878462 1.389185 34.564103
1.000000 7.878462 1.389185 34.564103
1.000000 7.878462 1.389185 34.564103
1.000000 7.878462 1.389185 34.564103
1.000000 7.878462 1.389185 34.564103
1.000000 7.878462 1.389185 34.564103
1.000000 7.878462 1.389185 34.564103
1.000000 7.878462 1.389185 34.564103
1.000000 7.878462 1.389185 34.564103
1.000000 7.878462 1.389185 34.564103
2.715250 13.333668 -1.952684 78.707606
1.000000 7.878462 1.389185 34.564103
2.743474 12.342072 -3.623390 82.799006
1.179251 8.838591 1.174077 39.257557
1.069985 8.370978 1.328964 36.715259
2.918542 10.111552 -4.856631 87.757333
1.034267 4.074222 -0.445047 27.674279
3.177839 9.039383 -5.956099 94.828983
1.000000 7.878462 1.389185 34.564103
1.000000 7.878462 1.389185 34.564103
1.000000 7.878462 1.389185 34.564103
1.000000 7.878462 1.389185 34.564103
1.000000 7.878462 1.389185 34.564103
3.804222 20.642688 -6.540572 117.779834
3.594367 17.944855 -6.089672 110.016630
4.608658 10.975125 -8.115329 133.339548
1.000000 7.878462 1.389185 34.564103
4.183547 15.561254 -7.356701 120.751512
1.302655 9.550768 0.916623 42.762296
5.644730 10.147582 -8.280108 159.482697
3.771612 10.550844 -5.704073 110.155822
5.293811 8.599078 -9.230385 153.423819
1.000000 7.878462 1.389185 34.564103
1.000000 7.878462 1.389185 34.564103
2.083581 14.521782 -0.788177 68.383960
2.298375 16.099065 -0.982337 75.249120
1.000000 7.878462 1.389185 34.564103
1.000000 7.878462 1.389185 34.564103
1.000000 7.878462 1.389185 34.564103
1.000000 7.878462 1.389185 34.564103
1.000000 7.878462 1.389185 34.564103
1.000000 7.878462 1.389185 34.564103
1.528648 11.808292 1.041399 52.016983
1.000000 7.878462 1.389185 34.564103
1.000000 7.878462 1.389185 34.564103
1.000000 7.878462 1.389185 34.564103
1.000000 7.878462 1.389185 34.564103
1.000000 7.878462 1.389185 34.564103
1.000000 7.878462 1.389185 34.564103
1.000000 7.878462 1.389185 34.564103
1.000000 7.878462 1.389185 34.564103
1.000000 7.878462 1.389185 34.564103
1.000000 7.878462 1.389185 34.564103
1.000000 7.878462 1.389185 34.564103
1.000000 7.878462 1.389185 34.564103
1.000000 7.878462 1.389185 34.564103
1.000000 7.878462 1.389185 34.564103
1.000000 7.878462 1.389185 34.564103
1.000000 7.878462 1.389185 34.564103
1.000000 7.878462 1.389185 34.564103
1.000000 7.878462 1.389185 34.564103
1.000000 7.878462 1.389185 34.564103
1.000000 7.878462 1.389185 34.564103
1.000000 7.878462 1.389185 34.564103
1.000000 7.878462 1.389185 34.564103
1.000000 7.878462 1.389185 34.564103
1.000000 7.878462 1.389185 34.564103
1.000000 7.878462 1.389185 34.564103
1.000000 7.878462 1.389185 34.564103
1.000000 7.878462 1.389185 34.564103
1.000000 7.878462 1.389185 34.564103
1.000000 7.878462 1.389185 34.564103
1.000000 7.878462 1.389185 34.564103
1.000000 7.878462 1.389185 34.564103
1.000000 7.878462 1.389185 34.564103
1.000000 7.878462 1.389185 34.564103
1.000000 7.878462 1.389185 34.564103
1.000000 7.878462 1.389185 34.564103
1.000000 7.878462 1.389185 34.564103
1.000000 7.878462 1.389185 34.564103
1.000000 7.878462 1.389185 34.564103
1.000000 7.878462 1.389185 34.564103
1.000000 7.878462 1.389185 34.564103
1.000000 7.878462 1.389185 34.564103
1.000000 7.878462 1.389185 34.564103
0.232996 1.090595 0.586130 6.372389
0.692480 3.172161 0.156875 19.359074
1.662425 6.951477 -0.977451 48.521602
2.743064 10.742535 -4.257348 82.999321
1.741087 7.647400 -1.022032 51.336116
0.323712 1.573485 0.461950 8.809087
0.960053 4.398304 0.453373 27.628871
0.925268 4.321959 0.500721 26.796261
0.206362 1.009819 0.490359 5.682573
0.569192 2.741603 0.915404 16.483374
3.183470 11.036325 -4.920066 94.678121
1.062746 5.160048 0.410735 31.490201
1.654363 7.446123 -0.906134 49.199790
1.129597 5.459043 0.425091 33.218422
0.335433 1.337187 0.797787 8.926486
0.569192 2.741603 0.915404 16.483374
0.347958 1.570473 0.877120 9.803085
0.376860 1.781286 0.959369 10.887150
0.360106 1.722378 0.931723 10.544110
0.526263 2.605348 1.007607 15.471351
0.514624 2.609637 0.995884 15.143609
0.425629 1.971798 0.932007 12.029929
0.530987 2.693413 0.995756 15.595896
0.550692 2.742306 1.007394 16.093418
0.999761 5.077562 0.600076 29.842778
0.937908 3.860307 -0.535035 25.423826
0.185436 0.874514 0.528426 5.117065
0.639059 3.129503 0.993269 18.540798
0.350996 1.653725 0.530018 9.458259
0.955153 4.790510 0.651394 28.565679
4.252088 14.391769 -7.818440 124.321220
0.778043 4.146170 0.797831 23.586388
0.782006 4.147945 0.818171 23.726696
1.606183 7.752893 -0.623956 48.330819
2.814402 13.669965 -3.664219 85.863946
2.570419 14.107853 -3.030251 79.904681
3.976015 13.012250 -7.412199 116.924143
4.199262 18.657228 -8.343383 127.776831
1.837498 8.330887 -0.996710 54.399136
2.963360 11.518461 -4.199788 88.547017
4.574665 17.406538 -8.864235 134.834999
3.969330 17.913297 -7.577195 121.424969
1.579364 7.539194 -0.517972 47.524265
2.574925 11.039200 -3.309720 78.142759
2.585060 11.920380 -3.235184 78.624355
2.567760 14.097509 -3.024237 79.835688
0.445766 2.071865 0.825109 12.819760
0.446851 2.135035 0.913325 12.768566
0.484816 2.126110 0.789460 13.834122
0.633695 2.624929 0.853517 17.422983
0.644746 3.469882 0.902723 19.655704
0.496780 2.614662 0.959975 14.900958
0.511340 2.615696 0.972644 15.047401
1.441376 7.288700 -0.309169 44.074501
0.561104 3.146985 0.857079 17.305283
0.625644 3.470239 0.874529 19.309434
1.504375 7.791339 -0.375251 46.008609
1.292616 6.887959 0.010167 39.973354
1.278199 6.897113 -0.028511 39.561238
0.936850 5.209718 0.548467 29.153911
0.858663 4.464170 0.745827 25.971713
0.894990 5.016735 0.590148 28.007322
0.904624 5.156513 0.522295 28.074993
0.347958 1.570473 0.877120 9.803086
1.000000 7.878462 1.389185 34.564103
1.000000 7.878462 1.389185 34.564103
1.000000 7.878462 1.389185 34.564103
1.000000 7.878462 1.389185 34.564103
3.153799 17.377267 -3.899543 95.200843
2.975461 16.814031 -3.439006 90.589448
2.490076 16.361916 -1.923755 79.637682
1.150705 8.844857 1.236731 38.956235
1.015905 8.000049 1.388341 35.088135
4.141310 20.011547 -7.590091 125.251130
4.110135 19.901269 -7.490839 124.446988
2.387722 12.448064 -2.602331 73.956572
1.000000 7.878462 1.389185 34.564103
1.000000 7.878462 1.389185 34.564103
1.000000 7.878462 1.389185 34.564103
1.000000 7.878462 1.389185 34.564103
1.000000 7.878462 1.389185 34.564103
1.000000 7.878462 1.389185 34.564103
1.000000 7.878462 1.389185 34.564103
1.000000 7.878462 1.389185 34.564103
1.000000 7.878462 1.389185 34.564103
1.000000 7.878462 1.389185 34.564103
1.000000 7.878462 1.389185 34.564103
1.000000 7.878462 1.389185 34.564103
1.000000 7.878462 1.389185 34.564103
1.000000 7.878462 1.389185 34.564103
1.000000 7.878462 1.389185 34.564103
1.289260 9.601268 0.990515 42.794598
2.421019 13.984278 -1.452953 72.575184
1.000000 7.878462 1.389185 34.564103
1.000000 7.878462 1.389185 34.564103
1.432385 9.700720 0.949501 44.884254
1.000000 7.878462 1.389185 34.564103
1.000000 7.878462 1.389185 34.564103
1.000000 7.878462 1.389185 34.564103
1.000000 7.878462 1.389185 34.564103
1.000000 7.878462 1.389185 34.564103
1.186038 9.203296 1.203708 40.594586
1.186038 9.203295 1.203708 40.594580
1.089565 8.539089 1.328584 37.515214
1.000000 7.878462 1.389185 34.564103
1.000000 7.878462 1.389185 34.564103
1.000000 7.878462 1.389185 34.564103
5.364055 13.741065 -7.745337 149.401169
6.247514 6.254155 -4.654364 176.056944
1.000000 7.878462 1.389185 34.564103
1.000000 7.878462 1.389185 34.564103
1.000000 7.878462 1.389185 34.564103
1.000000 7.878462 1.389185 34.564103
1.000000 7.878462 1.389185 34.564103
1.000000 7.878462 1.389185 34.564103
5.213889 9.791483 -1.882234 143.061324
1.000000 7.878462 1.389185 34.564103
6.212651 11.241032 -6.968679 172.998200
6.161548 9.409928 -6.705345 172.564028
2.635703 11.601044 0.010883 72.163439
1.859639 10.527381 0.130309 54.050088
3.130624 12.006092 0.616803 85.261142
5.498669 13.327133 -5.652702 149.335676
3.282444 13.664884 -3.108381 90.978262
3.811780 13.804383 -2.287508 102.362593
4.988765 12.545874 -8.150051 143.925207
5.072841 11.323032 -4.581717 138.675918
5.497372 9.551174 -4.902382 152.143880
6.013495 7.527530 -5.756809 168.147671
2.920725 13.664718 -2.926698 83.448201
3.423659 13.619052 -2.216317 93.774468
4.936687 13.700541 -6.843034 136.534880
6.304751 5.188462 2.857715 174.193920
1.000000 7.878462 1.389185 34.564103
6.333086 8.425538 5.761107 172.497923
4.771676 11.440613 5.154607 126.189674
1.000000 7.878462 1.389185 34.564103
1.000000 7.878462 1.389185 34.564103
1.000000 7.878462 1.389185 34.564103
1.000000 7.878462 1.389185 34.564103
1.000000 7.878462 1.389185 34.564103
1.000000 7.878462 1.389185 34.564103
1.000000 7.878462 1.389185 34.564103
1.000000 7.878462 1.389185 34.564103
1.000000 7.878462 1.389185 34.564103
1.000000 7.878462 1.389185 34.564103
1.000000 7.878462 1.389185 34.564103
4.899974 10.496131 1.802571 132.886083
1.000000 7.878462 1.389185 34.564103
1.000000 7.878462 1.389185 34.564103
1.000000 7.878462 1.389185 34.564103
1.000000 7.878462 1.389185 34.564103
1.000000 7.878462 1.389185 34.564103
1.000000 7.878462 1.389185 34.564103
1.000000 7.878462 1.389185 34.564103
1.000000 7.878462 1.389185 34.564103
1.000000 7.878462 1.389185 34.564103
1.000000 7.878462 1.389185 34.564103
1.000000 7.878462 1.389185 34.564103
1.000000 7.878462 1.389185 34.564103
1.000000 7.878462 1.389185 34.564103
5.510770 11.529815 15.097535 157.248552
1.000000 7.878462 1.389185 34.564103
1.000000 7.878462 1.389185 34.564103
1.000000 7.878462 1.389185 34.564103
1.659194 11.590916 3.836022 55.267461
2.373691 14.514870 6.692988 75.982382
1.014842 7.986016 1.429498 35.064481
1.042997 8.156966 1.515967 35.902937
2.257261 14.720696 6.180384 73.835704
1.000000 7.878462 1.389185 34.564103
1.000000 7.878462 1.389185 34.564103
2.017049 11.791498 5.050140 62.902630
3.487312 14.366584 10.002386 101.585083
2.665683 13.104716 7.141610 79.306464
1.071042 8.318843 1.601751 36.697974
1.000000 7.878462 1.389185 34.564103
4.781364 13.040458 13.387385 135.317893
4.025517 14.854442 11.616929 115.534045
4.095983 14.737985 12.330607 119.046442
4.148979 15.040295 12.813952 122.143911
3.878310 14.609036 12.688103 116.511745
1.000000 7.878462 1.389185 34.564103
1.000000 7.878462 1.389185 34.564103
1.000000 7.878462 1.389185 34.564103
2.142273 12.364136 5.662069 66.758556
1.127630 8.532770 1.774478 38.035666
1.107195 8.477524 1.721437 37.635945
1.000000 7.878462 1.389185 34.564103
1.000000 7.878462 1.389185 34.564103
1.000000 7.878462 1.389185 34.564103
1.000000 7.878462 1.389185 34.564103
1.000000 7.878462 1.389185 34.564103
3.337830 15.867507 11.107919 103.470620
1.025824 8.061401 1.463627 35.426913
1.095683 8.493469 1.706611 37.634932
1.095683 8.493470 1.706612 37.634936
4.310853 12.262550 12.362590 123.220282
1.000000 7.878462 1.389185 34.564103
1.000000 7.878462 1.389185 34.564103
1.000000 7.878462 1.389185 34.564103
1.000000 7.878462 1.389185 34.564103
1.000000 7.878462 1.389185 34.564103
1.000000 7.878462 1.389185 34.564103
1.118662 8.656698 1.745872 38.266558
4.535112 12.939891 12.428794 127.726965
2.634798 12.067792 7.198288 78.481314
1.675373 10.730392 3.535668 52.809947
1.877161 10.407870 2.024896 53.685438
3.639230 11.373142 3.112374 96.425610
2.645639 11.256376 2.412563 71.488081
3.183060 9.848482 3.116496 85.680402
5.510140 7.076439 4.681216 150.449707
5.751061 6.891094 3.657297 156.211566
5.068058 8.620640 7.071145 140.773546
1.000000 7.878462 1.389185 34.564103
1.000000 7.878462 1.389185 34.564103
1.000000 7.878462 1.389185 34.564103
1.000000 7.878462 1.389185 34.564103
1.000000 7.878462 1.389185 34.564103
1.000000 7.878462 1.389185 34.564103
1.000000 7.878462 1.389185 34.564103
1.000000 7.878462 1.389185 34.564103
1.000000 7.878462 1.389185 34.564103
1.000000 7.878462 1.389185 34.564103
1.000000 7.878462 1.389185 34.564103
1.000000 7.878462 1.389185 34.564103
1.000000 7.878462 1.389185 34.564103
1.000000 7.878462 1.389185 34.564103
1.000000 7.878462 1.389185 34.564103
1.000000 7.878462 1.389185 34.564103
1.000000 7.878462 1.389185 34.564103
1.000000 7.878462 1.389185 34.564103
1.000000 7.878462 1.389185 34.564103
1.000000 7.878462 1.389185 34.564103
1.853558 13.019889 4.570601 62.371272
1.884142 13.118100 4.717553 63.217593
1.779394 11.997850 4.522683 59.184146
1.000000 7.878462 1.389185 34.564103
1.000000 7.878462 1.389185 34.564103
1.000000 7.878462 1.389185 34.564103
1.000000 7.878462 1.389185 34.564103
1.000000 7.878462 1.389185 34.564103
1.000000 7.878462 1.389185 34.564103
1.000000 7.878462 1.389185 34.564103
1.000000 7.878462 1.389185 34.564103
1.000000 7.878462 1.389185 34.564103
1.000000 7.878462 1.389185 34.564103
1.620418 10.911224 3.980593 53.811176
1.620418 10.911224 3.980593 53.811177
1.443644 9.734323 3.381410 47.877275
1.788320 12.874391 4.174035 60.436121
1.788320 12.874388 4.174033 60.436108
1.819334 12.908017 4.386648 61.299516
1.609290 11.782912 3.480614 54.498426
1.620174 11.924195 3.495237 55.046319
1.712439 12.458763 3.844340 57.948386
1.000000 7.878462 1.389185 34.564103
1.000000 7.878462 1.389185 34.564103
1.000000 7.878462 1.389185 34.564103
1.000000 7.878462 1.389185 34.564103
1.000000 7.878462 1.389185 34.564103
1.000000 7.878462 1.389185 34.564103
1.000000 7.878462 1.389185 34.564103
1.000000 7.878462 1.389185 34.564103
1.000000 7.878462 1.389185 34.564103
1.646471 11.523364 3.803525 54.962497
1.646470 11.523361 3.803523 54.962480
2.136716 13.501631 6.022982 70.228267
1.449729 10.603336 2.991383 49.010679
2.010037 13.328708 5.366534 66.642120
2.136716 13.501630 6.022981 70.228259
1.000000 7.878462 1.389185 34.564103
1.000000 7.878462 1.389185 34.564103
1.000000 7.878462 1.389185 34.564103
1.000000 7.878462 1.389185 34.564103
1.000000 7.878462 1.389185 34.564103
1.000000 7.878462 1.389185 34.564103
1.403783 10.670349 2.630217 48.044122
1.070538 8.387911 1.580249 36.931060
1.060205 8.318021 1.548107 36.595002
1.000000 7.878462 1.389185 34.564103
1.000000 7.878462 1.389185 34.564103
1.000000 7.878462 1.389185 34.564103
1.587640 11.750092 3.346912 53.945971
1.115982 8.692053 1.722511 38.401125
1.081078 8.455372 1.615891 37.264900
1.587639 11.750089 3.346910 53.945957
1.414140 10.681371 2.709099 48.301067
1.414140 10.681368 2.709097 48.301054
3.223292 14.666127 10.625430 99.893194
2.725686 14.519108 8.397614 85.270474
2.436544 14.246892 7.202390 77.633780
2.488904 14.400078 7.377291 78.963489
2.006418 12.053048 5.280351 63.799634
1.980099 12.090912 5.267694 63.629018
2.653823 14.341209 8.162398 83.440584
3.813587 15.567979 12.706173 115.306686
1.986238 12.439052 5.236069 63.830759
2.615109 14.391284 7.594276 80.690914
3.520705 15.805119 11.864474 107.886493
3.681203 13.469838 11.516886 110.673254
1.385949 9.415654 3.184104 46.102106
1.685507 11.640407 4.119643 56.439388
1.685507 11.640407 4.119643 56.439388
0.617377 3.790745 0.655500 19.457802
0.878086 5.433677 1.481560 28.105146
0.973968 6.158610 1.803150 31.397143
0.973968 6.158610 1.803150 31.397144
0.987267 6.020939 1.817042 31.557564
0.990856 6.056452 1.835806 31.653433
0.878289 5.433392 1.480407 28.109970
0.864078 5.702383 1.554622 28.197168
3.594601 14.716811 11.244710 107.433065
3.594604 14.716817 11.244718 107.433152
2.357909 12.384093 6.128992 71.562479
0.972201 6.368777 1.867796 31.791955
0.980443 6.432091 1.891324 32.032412
1.796925 12.429169 4.478995 60.236918
1.424599 9.661117 3.311622 47.343416
1.399503 9.455132 3.235936 46.464765
1.899435 12.836165 4.905653 63.205232
1.899434 12.836164 4.905652 63.205225
1.758391 11.804672 4.447445 58.355296
0.589541 3.620855 0.572349 18.607187
0.715222 4.373314 0.892304 22.689254
1.112595 6.457729 2.173419 35.239692
1.402864 10.045184 0.237623 46.552869
2.405346 12.770138 7.325712 76.581693
2.512541 14.976104 7.496908 81.094748
2.512540 14.976102 7.496905 81.094729
2.310017 13.485515 6.766463 74.505432
1.000000 7.878462 1.389185 34.564103
1.000000 7.878462 1.389185 34.564103
1.000000 7.878462 1.389185 34.564103
1.878671 12.408729 4.793804 61.725882
2.232020 13.419608 6.524602 72.738454
2.188125 12.898245 6.300315 70.901743
0.705002 4.342537 0.902271 22.261324
0.703135 4.318457 0.876774 22.245335
0.723362 4.428492 0.930340 22.825865
1.554790 10.228129 3.789549 51.237586
1.554790 10.228129 3.789549 51.237585
1.795149 11.751806 4.645954 59.224201
1.000000 7.878462 1.389185 34.564103
1.462074 9.088229 3.430836 47.153278
1.322591 8.032514 2.906789 42.251011
1.332046 8.088562 2.940067 42.536607
1.000000 7.878462 1.389185 34.564103
1.000000 7.878462 1.389185 34.564103
1.000000 7.878462 1.389185 34.564103
1.000000 7.878462 1.389185 34.564103
1.000000 7.878462 1.389185 34.564103
1.000000 7.878462 1.389185 34.564103
1.821067 13.163578 -0.117983 60.585677
1.432743 11.008927 0.978879 48.766501
1.071065 8.414096 1.358298 36.932500
1.071065 8.414096 1.358298 36.932503
1.821066 13.163576 -0.117981 60.585663
1.897647 13.850487 -0.119605 63.329952
1.877094 13.901555 0.102938 62.952392
1.877094 13.901559 0.102937 62.952409
1.764666 12.833630 -0.009706 58.843297
1.845184 13.443880 -0.080117 61.559016
1.845185 13.443881 -0.080118 61.559023
2.764260 16.038832 -3.456780 86.711308
1.941753 13.692438 -0.447836 63.828487
1.941754 13.692445 -0.447838 63.828523
1.812423 12.592713 -0.456689 59.540517
2.498124 16.380434 -2.258652 81.159127
1.027637 8.091944 1.386121 35.496147
1.042352 8.201627 1.376428 35.981199
1.864850 13.599451 -0.006535 62.062476
1.000000 7.878462 1.389185 34.564103
1.000000 7.878462 1.389185 34.564103
1.000000 7.878462 1.389185 34.564103
1.000000 7.878462 1.389185 34.564103
1.000000 7.878462 1.389185 34.564103
1.000000 7.878462 1.389185 34.564103
1.000000 7.878462 1.389185 34.564103
1.000000 7.878462 1.389185 34.564103
2.039075 14.754341 -0.277025 67.504518
1.115351 8.702236 1.308960 38.204405
1.115351 8.702239 1.308960 38.204414
1.474292 11.200983 0.814478 49.925204
1.474292 11.200986 0.814477 49.925216
1.587573 11.858201 0.533615 53.368369
1.790382 12.449899 -0.423657 58.873414
0.847031 5.609159 1.506648 27.669989
0.901500 6.013267 1.659702 29.487289
0.937990 6.311029 1.761029 30.749869
0.762349 4.967929 1.254348 24.699223
0.980443 6.432092 1.891324 32.032413
1.166968 7.764527 2.475582 38.427236
1.166968 7.764528 2.475582 38.427238
1.595598 10.201396 3.976263 52.222156
1.595598 10.201397 3.976263 52.222157
1.220359 7.893074 2.666225 39.849226
1.865279 12.902889 4.657768 62.409225
1.629914 11.763476 3.647721 55.064948
1.629914 11.763474 3.647719 55.064935
1.297128 9.791684 2.387960 44.267301
1.297127 9.791682 2.387958 44.267292
1.865279 12.902891 4.657770 62.409239
1.120566 8.719981 1.748239 38.596315
1.120566 8.719980 1.748239 38.596310
1.510206 11.194035 3.117188 51.373923
1.000000 7.878462 1.389185 34.564103
1.000000 7.878462 1.389185 34.564103
1.000000 7.878462 1.389185 34.564103
0.624683 3.874270 0.729320 19.791243
0.624683 3.874270 0.729321 19.791247
0.679202 4.253393 0.878735 21.655073
0.755247 4.814533 1.128973 24.278456
1.542663 11.166220 0.179176 51.366319
1.224157 8.592187 0.316880 40.286316
1.794108 13.206558 0.128100 60.008212
1.841401 13.217623 -0.205329 61.073040
1.851823 13.065719 -0.404737 61.125816
1.557341 11.208457 0.125426 51.774876
1.557341 11.208457 0.125426 51.774876
1.224157 8.592188 0.316880 40.286318
1.617703 11.801383 0.166435 54.017485
1.856092 13.694160 0.039776 62.233360
1.825069 13.408223 0.042309 61.057728
1.825069 13.408224 0.042308 61.057735
1.764666 12.833629 -0.009705 58.843292
1.000000 7.878462 1.389185 34.564103
1.000000 7.878462 1.389185 34.564103
1.000000 7.878462 1.389185 34.564103
1.000000 7.878462 1.389185 34.564103
1.000000 7.878462 1.389185 34.564103
1.000000 7.878462 1.389185 34.564103
1.000000 7.878462 1.389185 34.564103
1.000000 7.878462 1.389185 34.564103
1.000000 7.878462 1.389185 34.564103
1.000000 7.878462 1.389185 34.564103
1.048174 8.250079 1.386200 36.181882
1.241407 9.717105 1.298200 42.625458
1.242218 9.726462 1.300169 42.669480
1.785664 13.594767 0.606695 60.489832
1.785663 13.594764 0.606696 60.489816
1.534133 11.854036 0.992611 52.309779
1.908870 14.375642 0.275861 64.540522
1.927030 14.464909 0.219129 65.034535
1.954965 14.760997 0.264632 66.204765
1.000000 7.878462 1.389185 34.564103
1.000000 7.878462 1.389185 34.564103
1.000000 7.878462 1.389185 34.564103
1.054395 8.294209 1.375273 36.390823
1.368178 10.595322 1.112374 46.749365
1.368177 10.595319 1.112375 46.749353
1.002321 7.896699 1.389847 34.642915
1.011118 7.965400 1.390984 34.940596
1.073336 8.447306 1.386136 37.036385
1.000000 7.878462 1.389185 34.564103
1.000000 7.878462 1.389185 34.564103
1.000000 7.878462 1.389185 34.564103
1.000000 7.878462 1.389185 34.564103
1.450683 10.581625 0.311212 48.453171
3.525700 19.891583 -5.599788 110.215539
3.702624 20.705571 -6.140129 115.198594
1.000000 7.878462 1.389185 34.564103
1.000000 7.878462 1.389185 34.564103
1.000000 7.878462 1.389185 34.564103
3.138224 18.850161 -4.215989 98.818532
1.834428 12.802293 -0.244536 59.588251
1.834429 12.802302 -0.244539 59.588297
1.000000 7.878462 1.389185 34.564103
1.000000 7.878462 1.389185 34.564103
1.000000 7.878462 1.389185 34.564103
1.000000 7.878462 1.389185 34.564103
1.000000 7.878462 1.389185 34.564103
1.000000 7.878462 1.389185 34.564103
1.000000 7.878462 1.389185 34.564103
2.120865 14.538645 -1.010291 69.065548
1.186859 9.184131 1.175408 40.517488
1.186860 9.184135 1.175407 40.517504
1.000000 7.878462 1.389185 34.564103
1.000000 7.878462 1.389185 34.564103
1.000000 7.878462 1.389185 34.564103
1.947841 12.792108 -1.170242 63.220395
1.363068 10.338271 0.893584 46.097819
2.072245 14.685027 -0.577105 68.262612
2.083581 14.521784 -0.788178 68.383972
1.000000 7.878462 1.389185 34.564103
1.000000 7.878462 1.389185 34.564103
1.000000 7.878462 1.389185 34.564103
3.063062 19.133719 -3.747684 97.380700
3.045545 19.139175 -3.711538 97.018016
3.123902 18.694844 -4.166198 98.329069
1.000000 7.878462 1.389185 34.564103
1.000000 7.878462 1.389185 34.564103
1.000000 7.878462 1.389185 34.564103
1.000000 7.878462 1.389185 34.564103
1.000000 7.878462 1.389185 34.564103
1.000000 7.878462 1.389185 34.564103
1.000000 7.878462 1.389185 34.564103
1.000000 7.878462 1.389185 34.564103
1.000000 7.878462 1.389185 34.564103
3.177364 11.998098 -0.381018 86.676244
1.343807 9.465696 0.894779 42.875670
2.073743 10.470904 0.798003 59.041302
1.000000 7.878462 1.389185 34.564103
1.000000 7.878462 1.389185 34.564103
1.794035 10.519549 0.293473 52.923592
1.000000 7.878462 1.389185 34.564103
1.000000 7.878462 1.389185 34.564103
1.000000 7.878462 1.389185 34.564103
1.000000 7.878462 1.389185 34.564103
1.000000 7.878462 1.389185 34.564103
1.000000 7.878462 1.389185 34.564103
1.000000 7.878462 1.389185 34.564103
1.000000 7.878462 1.389185 34.564103
1.000000 7.878462 1.389185 34.564103
1.000000 7.878462 1.389185 34.564103
1.000000 7.878462 1.389185 34.564103
1.000000 7.878462 1.389185 34.564103
1.937720 14.518124 0.162980 65.399896
1.779433 13.183594 0.165070 59.784595
1.779433 13.183594 0.165071 59.784592
1.341832 10.441462 1.191175 45.960673
1.045340 8.228041 1.383289 36.094326
1.045340 8.228042 1.383289 36.094328
1.000000 7.878462 1.389185 34.564103
1.000000 7.878462 1.389185 34.564103
1.000000 7.878462 1.389185 34.564103
1.000000 7.878462 1.389185 34.564103
1.000000 7.878462 1.389185 34.564103
1.000000 7.878462 1.389185 34.564103
3.967159 14.741282 -6.852438 114.407828
4.473142 15.117747 -6.341842 125.969583
2.058018 13.342152 -0.759726 64.531502
1.000000 7.878462 1.389185 34.564103
1.000000 7.878462 1.389185 34.564103
2.632435 11.440574 -3.437167 79.439838
2.632436 11.440575 -3.437166 79.439847
3.550260 18.369509 -4.992011 106.032311
2.835532 16.331550 -2.974783 86.603546
3.116441 16.693206 -3.446349 92.616939
1.022206 8.047180 1.386569 35.290783
1.072816 8.398879 1.332522 36.838232
2.631395 16.523921 -2.470775 82.607903
1.000000 7.878462 1.389185 34.564103
1.000000 7.878462 1.389185 34.564103
1.000000 7.878462 1.389185 34.564103
1.000000 7.878462 1.389185 34.564103
1.000000 7.878462 1.389185 34.564103
1.000000 7.878462 1.389185 34.564103
1.000000 7.878462 1.389185 34.564103
1.000000 7.878462 1.389185 34.564103
1.000000 7.878462 1.389185 34.564103
1.000000 7.878462 1.389185 34.564103
1.000000 7.878462 1.389185 34.564103
1.000000 7.878462 1.389185 34.564103
1.000000 7.878462 1.389185 34.564103
1.000000 7.878462 1.389185 34.564103
1.000000 7.878462 1.389185 34.564103
3.627253 20.609287 -5.654360 112.406099
3.550930 20.456044 -5.558836 111.095191
2.222685 14.638544 -1.239852 70.751807
3.463621 16.598322 -5.595305 105.486422
3.627553 17.906284 -6.080885 110.681148
4.031183 19.840064 -7.430809 122.892451
1.000000 7.878462 1.389185 34.564103
1.000000 7.878462 1.389185 34.564103
1.000000 7.878462 1.389185 34.564103
2.367194 13.488872 -1.986005 72.386954
3.935132 16.845303 -6.250126 114.119264
3.695020 17.210997 -6.226072 110.407371
1.000000 7.878462 1.389185 34.564103
1.000000 7.878462 1.389185 34.564103
1.000000 7.878462 1.389185 34.564103
1.000000 7.878462 1.389185 34.564103
1.000000 7.878462 1.389185 34.564103
1.000000 7.878462 1.389185 34.564103
1.000000 7.878462 1.389185 34.564103
1.000000 7.878462 1.389185 34.564103
1.000000 7.878462 1.389185 34.564103
1.363068 10.338269 0.893585 46.097809
1.871624 13.457452 -0.183982 62.022012
1.871623 13.457449 -0.183981 62.021999
2.122671 14.961563 -0.614737 69.521005
2.106063 15.105996 -0.495031 69.650147
1.182013 9.118607 1.219409 40.117196
1.000000 7.878462 1.389185 34.564103
1.000000 7.878462 1.389185 34.564103
1.000000 7.878462 1.389185 34.564103
1.000000 7.878462 1.389185 34.564103
1.434230 11.100209 1.099194 48.900982
1.443186 11.198308 1.131876 49.285159
1.047906 8.247327 1.385778 36.169101
1.000000 7.878462 1.389185 34.564103
1.000000 7.878462 1.389185 34.564103
1.000000 7.878462 1.389185 34.564103
3.254186 11.468835 -5.143786 96.306035
4.807836 15.242577 -9.136704 138.830885
4.576105 15.266669 -8.924480 133.082754
4.772154 17.843935 -9.429378 139.787742
1.632307 7.965154 -0.668600 49.254331
2.967300 15.026644 -4.148586 90.995901
2.814401 13.669965 -3.664220 85.863941
2.300109 11.499745 -2.263224 70.772616
4.059333 12.326189 -7.686390 119.451555
4.273455 13.079934 -7.749746 124.557331
4.592643 13.588480 -8.733632 132.524186
3.677929 14.819698 -6.588973 109.794901
4.148217 17.477629 -8.179896 125.285969
4.347094 18.261755 -8.969559 131.026635
3.049267 11.984676 -4.273649 90.661994
3.705466 14.409639 -6.303604 110.432886
3.986694 14.907036 -6.906488 117.591459
3.724885 13.712266 -6.810551 110.801502
3.213011 14.554237 -5.123136 97.999021
3.429339 15.150500 -5.729208 103.839671
3.248400 13.880825 -5.476754 98.438903
2.116599 10.225555 -2.001858 65.277254
2.332868 10.869278 -2.495282 71.128993
2.234758 10.406394 -2.513634 68.722045
