1.000000 7.969558 0.697246 34.564103
1.000000 7.969558 0.697246 34.564103
1.000000 7.969558 0.697246 34.564103
1.000000 7.969558 0.697246 34.564103
1.000000 7.969558 0.697246 34.564103
1.366488 9.803812 0.006741 44.229642
3.460597 16.067272 -6.297678 103.071229
2.978463 16.349802 -5.601872 92.868113
3.475912 15.140312 -6.701157 105.290562
2.033518 10.266445 -2.497966 63.180385
1.347638 5.982153 -0.969571 39.555325
1.266857 9.268333 0.255818 41.402774
1.000000 7.969558 0.697246 34.564103
1.080924 8.415986 0.581139 36.668058
1.000000 7.969558 0.697246 34.564103
2.991036 12.486858 -3.653773 82.655564
2.949600 14.055414 -4.111841 86.574985
1.235402 9.091942 0.339514 40.427648
1.000000 7.969558 0.697246 34.564103
1.000000 7.969558 0.697246 34.564103
1.000000 7.969558 0.697246 34.564103
1.000000 7.969558 0.697246 34.564103
1.000000 7.969558 0.697246 34.564103
1.000000 7.969558 0.697246 34.564103
1.000000 7.969558 0.697246 34.564103
1.000000 7.969558 0.697246 34.564103
1.000000 7.969558 0.697246 34.564103
1.000000 7.969558 0.697246 34.564103
1.000000 7.969558 0.697246 34.564103
1.000000 7.969558 0.697246 34.564103
1.000000 7.969558 0.697246 34.564103
1.000000 7.969558 0.697246 34.564103
1.999186 14.109309 -1.731081 66.056613
1.000000 7.969558 0.697246 34.564103
1.000000 7.969558 0.697246 34.564103
1.000000 7.969558 0.697246 34.564103
1.305026 10.136380 0.277696 44.296543
1.000000 7.969558 0.697246 34.564103
5.546923 7.732514 -9.878401 158.576180
5.969746 8.475386 -8.928419 169.044104
5.097813 12.577539 -10.391194 145.481941
5.262523 9.433957 -9.718107 150.639057
5.728049 10.863846 -9.889076 161.761061
1.000000 7.969558 0.697246 34.564103
6.201833 7.529215 -5.812744 172.499239
1.000000 7.969558 0.697246 34.564103
1.000000 7.969558 0.697246 34.564103
1.000000 7.969558 0.697246 34.564103
1.000000 7.969558 0.697246 34.564103
1.000000 7.969558 0.697246 34.564103
1.000000 7.969558 0.697246 34.564103
1.000000 7.969558 0.697246 34.564103
1.000000 7.969558 0.697246 34.564103
6.885963 4.685797 -6.081817 196.211167
6.430454 7.403745 -5.124613 179.186480
6.415195 5.683518 -7.335846 181.187745
7.142314 3.143864 -2.641637 203.342542
6.911789 4.192229 -1.183789 193.917505
6.695838 5.773235 -4.376223 186.952573
3.093693 12.507585 -2.073588 82.961308
1.000000 7.969558 0.697246 34.564103
1.000000 7.969558 0.697246 34.564103
1.000000 7.969558 0.697246 34.564103
6.280776 6.303437 -8.411929 178.679430
5.614127 10.471246 -7.346396 154.741145
1.000000 7.969558 0.697246 34.564103
3.026651 12.834243 -2.143527 83.447568
4.767594 11.932601 -9.229676 137.115652
5.976757 9.092807 -5.654100 166.791291
2.286884 12.223601 -2.900888 67.715141
6.810804 4.261646 -4.564652 191.653453
6.888248 3.010907 -0.941676 193.473334
1.000000 7.969558 0.697246 34.564103
1.000000 7.969558 0.697246 34.564103
1.000000 7.969558 0.697246 34.564103
1.000000 7.969558 0.697246 34.564103
1.000000 7.969558 0.697246 34.564103
1.000000 7.969558 0.697246 34.564103
1.000000 7.969558 0.697246 34.564103
1.000000 7.969558 0.697246 34.564103
1.000000 7.969558 0.697246 34.564103
1.000000 7.969558 0.697246 34.564103
6.646808 6.329433 -2.818201 184.101391
7.026543 2.311222 0.855039 199.039884
6.493039 5.212630 0.892816 179.887429
6.661375 2.173652 4.494540 187.387735
1.000000 7.969558 0.697246 34.564103
2.503922 11.349211 2.449830 68.610060
5.973661 6.340624 6.073440 167.616089
1.000000 7.969558 0.697246 34.564103
6.203523 9.131603 -1.062872 169.484069
6.113275 8.440804 -3.111103 166.109419
6.922596 1.878197 3.660341 196.387509
6.664648 3.496584 2.378608 186.329950
6.775707 2.241817 2.191457 190.164017
6.619557 4.654671 4.499707 185.830369
6.421545 3.925639 5.638286 180.100718
6.549888 3.538791 3.645615 182.854374
6.507310 2.579289 5.449798 182.746396
6.643047 2.480632 6.479596 188.782882
6.351268 3.051277 7.504276 179.752469
6.300750 4.321856 6.409128 177.077605
6.260817 3.483312 8.412030 178.016496
1.000000 7.969558 0.697246 34.564103
6.246438 5.402754 6.549026 176.222418
1.000000 7.969558 0.697246 34.564103
5.695219 7.128149 10.660837 162.291083
6.302356 3.932761 7.268042 177.937071
5.836993 4.740282 9.709372 166.033241
1.000000 7.969558 0.697246 34.564103
1.000000 7.969558 0.697246 34.564103
1.000000 7.969558 0.697246 34.564103
1.000000 7.969558 0.697246 34.564103
1.000000 7.969558 0.697246 34.564103
1.000000 7.969558 0.697246 34.564103
1.000000 7.969558 0.697246 34.564103
1.000000 7.969558 0.697246 34.564103
1.000000 7.969558 0.697246 34.564103
1.000000 7.969558 0.697246 34.564103
1.000000 7.969558 0.697246 34.564103
1.000000 7.969558 0.697246 34.564103
1.000000 7.969558 0.697246 34.564103
1.000000 7.969558 0.697246 34.564103
1.000000 7.969558 0.697246 34.564103
1.000000 7.969558 0.697246 34.564103
1.000000 7.969558 0.697246 34.564103
1.000000 7.969558 0.697246 34.564103
1.000000 7.969558 0.697246 34.564103
1.000000 7.969558 0.697246 34.564103
1.000000 7.969558 0.697246 34.564103
1.000000 7.969558 0.697246 34.564103
1.000000 7.969558 0.697246 34.564103
1.000000 7.969558 0.697246 34.564103
1.000000 7.969558 0.697246 34.564103
1.000000 7.969558 0.697246 34.564103
1.000000 7.969558 0.697246 34.564103
1.000000 7.969558 0.697246 34.564103
1.000000 7.969558 0.697246 34.564103
1.125627 8.703197 0.455943 38.104375
1.000000 7.969558 0.697246 34.564103
5.655902 5.493631 10.207274 161.047786
1.000000 7.969558 0.697246 34.564103
1.000000 7.969558 0.697246 34.564103
6.655925 8.294931 -1.391307 184.643784
6.310886 6.335268 4.146850 175.028382
1.000000 7.969558 0.697246 34.564103
1.000000 7.969558 0.697246 34.564103
1.000000 7.969558 0.697246 34.564103
5.512722 8.650552 11.517412 157.855451
4.832302 7.458367 10.803809 138.512306
1.663892 7.258347 2.683767 49.475937
2.801396 8.374032 7.477881 84.794849
0.835550 3.976826 1.739225 24.473807
5.594695 9.518875 11.953416 159.583560
4.927612 9.293451 11.329262 142.252963
4.647569 8.126657 10.885745 134.257149
4.523818 11.854573 11.434949 132.284227
5.403509 6.084050 10.516089 154.087636
5.262115 6.886895 10.848392 150.499571
6.005829 4.980400 8.818586 169.893953
6.012250 6.081190 9.483523 170.825896
6.021026 4.163733 9.112165 170.890626
5.704363 6.282616 10.099220 162.151405
2.179918 10.830369 2.548786 61.938750
5.142667 10.375390 6.748961 140.732318
1.647763 10.330983 2.597265 50.423410
4.679368 11.087284 9.207207 130.536392
5.093387 10.946433 10.551176 143.208330
1.000000 7.969558 0.697246 34.564103
1.000000 7.969558 0.697246 34.564103
1.000000 7.969558 0.697246 34.564103
1.000000 7.969558 0.697246 34.564103
1.000000 7.969558 0.697246 34.564103
1.000000 7.969558 0.697246 34.564103
1.000000 7.969558 0.697246 34.564103
1.000000 7.969558 0.697246 34.564103
1.000000 7.969558 0.697246 34.564103
1.000000 7.969558 0.697246 34.564103
1.000000 7.969558 0.697246 34.564103
1.000000 7.969558 0.697246 34.564103
1.115244 8.420704 0.815668 37.166002
4.265883 11.179921 7.694103 117.265221
6.142194 5.900667 7.719048 172.997418
5.972242 8.111521 10.352854 169.199714
1.817754 10.105312 1.994930 53.317797
1.000000 7.969558 0.697246 34.564103
1.000000 7.969558 0.697246 34.564103
1.000000 7.969558 0.697246 34.564103
1.000000 7.969558 0.697246 34.564103
1.000000 7.969558 0.697246 34.564103
1.000000 7.969558 0.697246 34.564103
1.000000 7.969558 0.697246 34.564103
1.000000 7.969558 0.697246 34.564103
1.000000 7.969558 0.697246 34.564103
1.000000 7.969558 0.697246 34.564103
1.000000 7.969558 0.697246 34.564103
1.000000 7.969558 0.697246 34.564103
1.000000 7.969558 0.697246 34.564103
1.000000 7.969558 0.697246 34.564103
1.000000 7.969558 0.697246 34.564103
1.000000 7.969558 0.697246 34.564103
1.000000 7.969558 0.697246 34.564103
1.000000 7.969558 0.697246 34.564103
1.000000 7.969558 0.697246 34.564103
1.000000 7.969558 0.697246 34.564103
1.000000 7.969558 0.697246 34.564103
1.000000 7.969558 0.697246 34.564103
1.000000 7.969558 0.697246 34.564103
1.000000 7.969558 0.697246 34.564103
1.000000 7.969558 0.697246 34.564103
1.000000 7.969558 0.697246 34.564103
1.000000 7.969558 0.697246 34.564103
1.000000 7.969558 0.697246 34.564103
1.000000 7.969558 0.697246 34.564103
1.000000 7.969558 0.697246 34.564103
1.000000 7.969558 0.697246 34.564103
1.000000 7.969558 0.697246 34.564103
5.163009 11.684625 12.970463 148.544013
5.152473 11.899960 13.140921 149.112615
4.657484 13.590217 11.737567 132.777775
1.000000 7.969558 0.697246 34.564103
1.000000 7.969558 0.697246 34.564103
1.000000 7.969558 0.697246 34.564103
1.000000 7.969558 0.697246 34.564103
1.000000 7.969558 0.697246 34.564103
1.000000 7.969558 0.697246 34.564103
1.000000 7.969558 0.697246 34.564103
1.000000 7.969558 0.697246 34.564103
1.000000 7.969558 0.697246 34.564103
1.000000 7.969558 0.697246 34.564103
1.000000 7.969558 0.697246 34.564103
1.000000 7.969558 0.697246 34.564103
1.000000 7.969558 0.697246 34.564103
1.000000 7.969558 0.697246 34.564103
1.000000 7.969558 0.697246 34.564103
1.000000 7.969558 0.697246 34.564103
1.000000 7.969558 0.697246 34.564103
1.000000 7.969558 0.697246 34.564103
1.000000 7.969558 0.697246 34.564103
1.000000 7.969558 0.697246 34.564103
1.000000 7.969558 0.697246 34.564103
1.000000 7.969558 0.697246 34.564103
1.001156 7.978257 0.699381 34.602616
1.000215 7.971197 0.697625 34.571360
1.000000 7.969558 0.697246 34.564103
1.000000 7.969558 0.697246 34.564103
1.000000 7.969558 0.697246 34.564103
1.000000 7.969558 0.697246 34.564103
1.000000 7.969558 0.697246 34.564103
1.000000 7.969558 0.697246 34.564103
1.000000 7.969558 0.697246 34.564103
1.000000 7.969558 0.697246 34.564103
1.000000 7.969558 0.697246 34.564103
1.000000 7.969558 0.697246 34.564103
1.000000 7.969558 0.697246 34.564103
5.732788 8.090089 10.865192 162.831018
5.388989 7.547571 10.908529 153.848908
5.725372 11.715916 12.666738 162.783402
5.404198 10.872176 12.927890 155.845650
3.167268 11.077733 7.874264 94.837042
1.500850 10.477987 2.107968 48.372083
4.698648 13.979577 13.688335 136.982218
1.392099 9.748887 1.724548 44.782773
2.339729 11.925090 4.784625 69.623341
1.253763 9.220134 1.372323 41.362091
1.000000 7.969558 0.697246 34.564103
1.000000 7.969558 0.697246 34.564103
1.000000 7.969558 0.697246 34.564103
1.000000 7.969558 0.697246 34.564103
2.287661 13.681985 5.539749 73.153675
1.104907 8.696614 0.961139 37.962547
1.000000 7.969558 0.697246 34.564103
1.000000 7.969558 0.697246 34.564103
1.000000 7.969558 0.697246 34.564103
1.000000 7.969558 0.697246 34.564103
1.000000 7.969558 0.697246 34.564103
1.036823 8.114905 0.860994 35.430580
1.277750 9.111143 1.457196 41.278540
4.123717 13.573423 8.765158 114.794727
1.000000 7.969558 0.697246 34.564103
1.576733 10.556382 2.485264 49.904113
5.746123 9.130053 11.738674 163.625352
4.238427 13.379630 9.535680 119.869714
5.131383 13.327470 12.680057 146.204764
5.074227 9.326526 11.706858 145.663098
4.075868 10.180402 10.476746 119.681827
1.074788 8.437182 0.876473 36.729134
1.000000 7.969558 0.697246 34.564103
1.000000 7.969558 0.697246 34.564103
2.466491 11.750205 4.165608 71.003920
1.000000 7.969558 0.697246 34.564103
1.000000 7.969558 0.697246 34.564103
1.000000 7.969558 0.697246 34.564103
1.000000 7.969558 0.697246 34.564103
1.000000 7.969558 0.697246 34.564103
1.000000 7.969558 0.697246 34.564103
1.000000 7.969558 0.697246 34.564103
1.000000 7.969558 0.697246 34.564103
1.000000 7.969558 0.697246 34.564103
5.746077 8.886189 -0.765981 156.070907
6.735247 4.690388 0.111419 187.659126
6.274398 6.664315 1.390039 173.416561
3.607411 10.040876 3.924588 98.358179
6.228991 7.650259 8.744699 176.121808
6.211937 4.811563 7.995653 175.698959
6.027717 7.308259 9.588217 170.776961
5.390610 9.927912 8.985208 149.562100
1.000000 7.969558 0.697246 34.564103
2.125573 10.682198 0.742259 59.205726
2.211225 10.685579 1.823021 62.025938
3.268340 13.582082 8.983065 99.338568
2.291114 10.284866 4.791190 69.509077
2.590455 11.653436 6.345526 79.187150
1.000000 7.969558 0.697246 34.564103
1.000000 7.969558 0.697246 34.564103
0.879366 4.102081 1.752407 25.482439
1.000000 7.969558 0.697246 34.564103
1.000000 7.969558 0.697246 34.564103
1.000000 7.969558 0.697246 34.564103
1.000000 7.969558 0.697246 34.564103
1.000000 7.969558 0.697246 34.564103
1.000000 7.969558 0.697246 34.564103
1.000000 7.969558 0.697246 34.564103
1.000000 7.969558 0.697246 34.564103
1.000000 7.969558 0.697246 34.564103
1.000000 7.969558 0.697246 34.564103
1.000000 7.969558 0.697246 34.564103
1.000000 7.969558 0.697246 34.564103
1.000000 7.969558 0.697246 34.564103
1.000000 7.969558 0.697246 34.564103
1.000000 7.969558 0.697246 34.564103
1.000000 7.969558 0.697246 34.564103
1.000000 7.969558 0.697246 34.564103
1.000000 7.969558 0.697246 34.564103
1.000000 7.969558 0.697246 34.564103
1.000000 7.969558 0.697246 34.564103
1.000000 7.969558 0.697246 34.564103
1.000000 7.969558 0.697246 34.564103
1.000000 7.969558 0.697246 34.564103
1.000000 7.969558 0.697246 34.564103
1.000000 7.969558 0.697246 34.564103
1.000000 7.969558 0.697246 34.564103
1.000000 7.969558 0.697246 34.564103
1.000000 7.969558 0.697246 34.564103
1.000000 7.969558 0.697246 34.564103
1.000000 7.969558 0.697246 34.564103
1.000000 7.969558 0.697246 34.564103
1.000000 7.969558 0.697246 34.564103
1.587256 12.063460 2.254931 54.023023
1.000000 7.969558 0.697246 34.564103
1.000000 7.969558 0.697246 34.564103
1.000000 7.969558 0.697246 34.564103
1.000000 7.969558 0.697246 34.564103
1.000000 7.969558 0.697246 34.564103
1.000000 7.969558 0.697246 34.564103
1.000000 7.969558 0.697246 34.564103
1.000000 7.969558 0.697246 34.564103
1.000000 7.969558 0.697246 34.564103
1.000000 7.969558 0.697246 34.564103
1.000000 7.969558 0.697246 34.564103
1.000000 7.969558 0.697246 34.564103
1.731509 12.917872 2.778243 58.663892
1.139048 8.998490 0.995041 39.230829
1.008338 8.032956 0.713093 34.848238
1.000000 7.969558 0.697246 34.564103
1.000000 7.969558 0.697246 34.564103
1.000000 7.969558 0.697246 34.564103
1.137029 8.925708 1.050620 39.092691
1.713802 12.420416 2.962864 57.558744
1.000000 7.969558 0.697246 34.564103
1.000000 7.969558 0.697246 34.564103
1.000000 7.969558 0.697246 34.564103
1.000000 7.969558 0.697246 34.564103
1.000000 7.969558 0.697246 34.564103
1.000000 7.969558 0.697246 34.564103
0.102903 0.420490 -0.276482 2.646950
0.062178 0.269041 -0.190255 1.636854
0.140072 0.699344 -0.327829 3.870677
0.157126 0.802830 -0.369958 4.387334
0.009585 0.040131 -0.041222 0.234128
1.002089 7.985597 0.700990 34.635542
1.000000 7.969558 0.697246 34.564103
1.004981 8.007571 0.706513 34.734067
1.002956 7.992184 0.702649 34.665083
0.090905 0.476498 -0.184409 2.410717
0.127234 0.644049 -0.275699 3.422226
0.585355 3.259269 -0.142305 17.904328
0.720149 3.873503 0.059638 21.826484
0.483847 2.595286 -0.177253 14.367703
0.175340 0.929126 -0.234222 4.831892
0.135460 0.744653 -0.084591 3.630910
0.059519 0.341961 -0.093989 1.602693
0.428345 2.330073 -0.299480 12.780474
0.218129 1.135531 -0.331626 6.075413
0.207536 1.086538 -0.333457 5.816015
0.160251 0.793660 -0.293665 4.265322
0.068498 0.321118 -0.220341 1.866588
0.527969 2.828835 0.694938 15.881292
0.078903 0.499118 0.010160 2.231572
0.558938 2.950281 0.168823 16.605868
0.057782 0.332902 -0.091833 1.557371
1.086120 6.060723 1.291170 33.806951
1.940684 10.120786 4.336347 60.420638
2.669799 16.573566 6.706766 85.826137
2.550425 15.655421 6.292381 81.384310
1.850486 9.289842 3.683399 56.909820
1.442257 7.681240 2.341226 44.841012
2.711749 12.840680 7.140760 83.281468
1.044375 8.261126 0.806276 35.919028
3.283766 15.760259 9.533612 101.198471
1.043468 8.250807 0.803964 35.872187
3.838013 14.125846 10.623319 114.764340
2.353895 13.517674 5.581802 73.546299
1.032626 8.207190 0.767654 35.636371
3.659147 15.113409 10.421196 109.056114
3.240465 13.158830 8.659845 98.723735
3.547736 15.207784 10.186962 107.390468
1.422491 7.054609 2.012724 43.557791
1.622050 8.125345 2.564581 49.854127
1.613689 8.106173 2.600218 49.511110
2.590454 11.653435 6.345527 79.187145
2.146107 9.385491 4.512348 65.776759
0.231515 1.215008 -0.390761 6.567063
0.203021 1.059498 -0.222210 5.511344
0.104716 0.538799 -0.203701 2.760872
0.480132 2.795680 -0.305178 14.969485
0.891477 5.054545 0.575905 27.802162
0.469459 2.670453 -0.317011 14.476018
0.632640 3.621733 -0.070665 19.643251
0.739941 4.193714 0.148876 22.864312
0.895589 4.940389 0.517695 27.825654
0.720664 3.890585 0.077497 21.793625
0.367179 2.028413 -0.357891 11.069598
0.143105 0.779727 -0.078324 3.805853
0.386300 1.196603 -0.114808 9.744992
0.178618 0.674138 -0.180674 4.472748
0.456459 1.431226 0.197374 11.866785
0.168396 0.678605 0.495556 4.458980
0.276442 1.570093 -0.437850 8.449986
0.249481 1.282674 -0.420305 7.201855
0.338784 1.327924 -0.109093 8.988966
0.511154 1.838669 0.147340 13.714837
0.380512 1.398847 -0.074315 9.962324
0.496735 1.737724 0.212764 13.185673
0.519212 1.948709 0.205214 14.023724
0.339499 1.567444 0.622335 9.492055
0.564505 2.565036 0.204591 16.048794
1.743152 13.000307 2.815644 59.081270
0.589276 3.645013 0.279542 18.568650
0.591963 3.683916 0.288997 18.691307
0.682986 4.330827 0.491517 21.884807
1.630443 10.565778 3.213348 53.079470
1.630443 10.565777 3.213347 53.079466
0.705357 4.604214 0.706440 22.724557
1.143010 7.835886 1.768030 37.692672
0.799027 5.260040 0.904074 25.858743
0.017062 0.068050 -0.062416 0.403504
0.056748 0.163022 -0.154693 1.354593
0.071162 0.311897 -0.219878 1.870219
0.232979 0.917091 0.502610 6.198573
0.158949 0.809860 -0.370135 4.427550
0.145827 0.729407 -0.351459 4.046033
0.165322 0.849861 -0.399817 4.669273
0.540673 2.717649 0.062943 15.807382
0.516777 2.364394 0.102677 14.727608
0.535810 2.351070 0.086442 15.110014
0.478903 2.274690 0.412113 13.582849
0.568619 2.670060 0.201092 16.340078
0.540933 3.156057 0.544578 16.656068
0.561025 2.819975 0.227522 16.457009
0.758973 3.795683 0.583218 22.094602
0.427714 2.341114 -0.087989 12.887460
1.411901 6.999826 2.005218 43.344823
2.065980 9.204383 4.325745 63.730713
1.476754 6.842665 2.040797 44.113202
1.304309 6.345781 1.641564 39.638318
0.447802 2.565772 -0.336693 13.885722
1.838969 9.222665 3.599206 56.898230
0.629514 3.611679 -0.070885 19.593783
0.890137 4.919140 0.508175 27.684966
0.588737 3.260978 -0.149297 17.981117
0.481290 2.799468 -0.304706 14.984965
4.190691 12.052964 11.191891 123.244915
3.768270 13.774807 10.521427 112.997738
4.556063 16.076162 13.830831 136.461852
0.149619 0.876579 0.016874 4.133308
0.812455 4.273250 0.224732 24.363671
0.571477 2.998072 0.153101 16.906707
0.406690 2.228865 -0.265815 12.236324
3.302121 9.870663 7.895549 97.686934
2.761998 9.547460 6.746586 83.509994
1.379618 6.475617 1.968990 41.905833
3.198105 11.261898 7.945886 95.416914
3.152710 11.735713 5.138266 86.839470
4.591434 13.768659 12.682659 134.612322
3.581436 15.410487 9.566265 105.942366
0.242503 1.303827 -0.430344 7.058859
0.375896 2.080424 -0.373659 11.313362
0.163587 0.839055 -0.393613 4.612405
0.226521 1.224902 -0.440715 6.638112
0.166752 0.857129 -0.396204 4.698823
0.226591 1.192224 -0.391287 6.445556
0.148872 0.743414 -0.288566 4.005585
0.162970 0.813367 -0.345362 4.450926
0.127234 0.644049 -0.275699 3.422225
0.239444 0.986014 0.529666 6.435644
0.305305 0.890459 -0.025331 7.543173
0.259775 1.017753 -0.274812 6.694045
0.103249 0.460225 -0.284783 2.740929
0.111979 0.441782 0.127944 2.662360
0.350561 1.985695 -0.423289 10.710361
0.336497 1.882110 -0.405361 10.210867
0.307052 1.744737 -0.444270 9.413697
0.198037 1.062981 -0.432307 5.795429
0.307052 1.744736 -0.444270 9.413696
0.210418 1.158838 -0.446437 6.296588
0.140988 0.703583 -0.347632 3.919342
0.377129 1.601540 -0.199119 10.243584
0.150214 0.759594 -0.374249 4.212314
0.437663 1.689715 0.363115 11.714487
0.342563 1.998310 -0.433975 10.651955
1.717432 11.927354 3.267136 57.052396
1.791386 12.805303 3.328479 60.093158
1.477285 11.222194 2.026086 50.281583
0.587292 3.142573 0.232083 17.607413
0.581228 3.244853 0.290886 17.690326
0.577956 3.399375 0.254680 17.897387
0.560887 3.508757 0.160064 17.756705
0.733412 4.636349 0.605816 23.456546
0.561234 3.506114 0.147726 17.791847
0.567373 3.152108 0.173749 17.213868
0.561838 3.508300 0.148762 17.806626
0.557529 3.052907 0.075206 16.776832
0.539524 3.292157 0.053348 16.979990
0.531079 3.268230 0.040728 16.789742
0.564170 2.678699 0.199369 16.255993
0.560011 2.869710 0.232058 16.527417
0.551187 3.119602 0.105054 16.824266
0.866039 5.367522 0.903490 27.725758
0.887615 5.198743 0.850700 27.826665
0.726244 4.370325 0.457820 22.958320
1.366593 8.067623 2.375319 43.377267
0.466452 2.012159 0.419055 12.833266
0.564038 2.524482 0.257967 15.863246
0.470211 2.484605 0.578949 13.835750
0.410853 2.309327 0.666417 12.435814
0.524017 3.114391 0.592876 16.394470
0.554591 2.572606 0.255762 15.779502
0.511418 2.099678 0.053171 14.119548
0.412882 2.339739 -0.229365 12.497777
0.434659 1.723272 -0.107523 11.699573
0.496514 2.223284 0.005131 14.086147
0.366923 1.793445 -0.293155 10.524703
0.562587 3.117821 0.210468 16.966127
0.536266 3.193507 0.504842 16.612787
0.521727 3.106323 0.567160 16.233774
0.682095 4.207513 0.331630 21.689775
0.723560 4.845548 0.120907 23.371140
0.684977 4.475637 0.152012 21.960726
0.835699 5.641860 0.061776 27.115325
1.060509 7.347353 -0.267711 34.883065
0.541899 3.140769 0.287941 16.645045
0.564515 3.201523 0.191252 17.165912
0.538459 3.012748 0.218445 16.320896
0.537122 2.957982 0.240037 16.220144
0.663054 4.278030 0.151349 21.171466
0.221549 1.194293 -0.430313 6.484387
0.342563 1.998310 -0.433975 10.651957
0.361643 2.139057 -0.421496 11.272685
1.181904 6.413746 1.345095 36.635286
1.180576 6.419154 1.304674 36.816287
0.738821 4.191056 0.141733 22.878974
0.572179 3.323304 -0.151761 17.791922
0.892038 5.053817 0.582117 27.782270
0.917607 5.049644 0.537467 28.194799
0.902099 5.553476 0.992942 28.766978
0.726244 4.370325 0.457820 22.958322
0.882945 5.134064 0.810658 27.749145
0.656830 3.857866 0.098806 20.403773
0.481173 2.873991 -0.138381 14.939250
0.586435 3.566204 0.240551 18.369598
0.581653 3.201393 0.292700 17.606578
0.595126 3.573182 0.342347 18.551747
2.382559 11.922996 5.946670 73.686126
2.480729 14.269853 6.334797 79.494720
1.366593 8.067622 2.375318 43.377262
1.401286 10.428314 1.964773 47.304539
1.000000 7.969558 0.697246 34.564103
2.319243 15.087958 5.450776 75.898671
0.864208 5.360198 0.912577 27.640269
1.597981 10.727516 3.064920 52.513384
1.000000 7.969558 0.697246 34.564103
2.328471 11.452631 5.714972 72.065111
2.825755 16.478207 7.325188 89.047440
3.231530 15.560427 9.315350 99.769107
3.640241 15.710281 10.649159 109.901770
2.284884 10.275410 4.812431 69.258987
1.958390 10.316831 4.426305 60.943503
1.452074 7.724000 2.392082 44.883268
2.470479 13.629278 6.389566 78.512687
1.218693 7.012881 1.806332 38.170118
1.294459 7.536798 2.048815 40.640115
1.078865 6.072003 1.329889 33.595576
0.572516 3.324452 -0.154286 17.809952
0.481173 2.873990 -0.138381 14.939246
0.538815 3.217417 -0.114985 16.868923
0.559039 3.335714 -0.084834 17.478804
0.652800 3.841868 0.043985 20.463809
0.510588 3.017691 -0.236191 16.063359
0.437810 2.299745 -0.331070 12.956936
0.373649 2.128230 -0.379791 11.431363
0.356405 1.797137 -0.281042 10.343187
0.415188 2.332371 -0.239014 12.546283
1.456985 8.938297 2.740736 46.695536
1.000000 7.969558 0.697246 34.564103
1.000000 7.969558 0.697246 34.564103
1.000000 7.969558 0.697246 34.564103
1.000000 7.969558 0.697246 34.564103
1.000000 7.969558 0.697246 34.564103
1.000000 7.969558 0.697246 34.564103
1.000000 7.969558 0.697246 34.564103
1.000000 7.969558 0.697246 34.564103
1.000000 7.969558 0.697246 34.564103
0.546239 2.756926 0.414099 15.867712
0.253506 1.288735 -0.428876 7.285954
0.461656 2.523910 0.560280 13.785462
1.384230 9.451992 -0.848012 45.588572
1.453306 11.255631 0.066831 49.448987
1.597293 11.086426 -1.148442 52.668373
1.675463 11.772712 -1.230878 55.441333
1.527220 10.813466 -0.930642 50.613059
0.564515 3.201522 0.191252 17.165907
0.524139 3.063666 0.172737 16.108319
0.513816 3.030628 0.250498 15.857255
0.755344 4.811449 0.167511 24.259225
0.840798 5.552666 0.036896 27.217918
0.536493 2.824192 0.397483 15.836845
0.537728 3.118843 0.437571 16.460230
0.584773 2.931485 0.264205 17.056831
0.674201 3.853653 0.488732 20.833231
1.821457 10.247758 -2.102509 57.199325
1.278745 7.171820 -0.599071 39.717396
2.124634 11.377069 -2.971842 66.030997
1.443579 9.060886 -1.132429 46.238963
1.060689 6.348326 -0.207549 33.483556
1.661757 11.986170 -0.841072 54.956035
1.304463 7.323685 -0.653833 40.220269
1.336240 8.759637 -0.878222 43.337792
1.996098 12.185763 -2.503298 63.671541
1.971240 11.937398 -2.446720 62.836887
1.641017 12.165857 -0.607136 54.876410
1.000000 7.969558 0.697246 34.564103
1.000000 7.969558 0.697246 34.564103
1.000000 7.969558 0.697246 34.564103
1.000000 7.969558 0.697246 34.564103
1.894173 13.942075 -1.066113 63.088480
1.076782 6.877839 -0.375912 34.665473
1.498632 9.994348 -1.136896 48.836852
0.840798 5.552666 0.036896 27.217918
1.383557 10.623563 0.025894 46.991072
0.573928 2.930764 0.254673 16.849178
0.541758 3.129029 0.446797 16.557565
0.581153 3.205659 0.323679 17.457516
0.599558 3.753229 0.314426 19.027508
0.648724 4.228583 0.247038 20.883293
0.567923 3.180563 0.298731 17.165824
0.755344 4.811449 0.167511 24.259226
0.599557 3.753228 0.314426 19.027505
0.906463 6.074919 -0.028773 29.406028
1.498632 9.994348 -1.136896 48.836853
0.839035 5.665768 0.058097 27.220085
0.587364 3.537427 0.266284 18.286859
0.648114 4.211228 0.246352 20.831605
0.594074 3.672952 0.245449 18.689959
0.544331 2.884294 0.221108 16.212207
0.596972 3.614176 0.218925 18.602571
0.597050 3.614260 0.218902 18.604065
0.714617 4.259050 0.386431 22.440604
0.746046 4.582946 0.254776 23.640522
0.515940 3.038152 0.593004 16.064771
0.598074 3.694680 0.428711 18.859516
0.586922 3.682358 0.455397 18.589820
0.761958 5.114715 0.840173 24.793352
1.225115 8.498674 1.948428 40.530510
0.576114 3.110693 0.237956 17.207027
0.582554 3.426928 0.269461 18.045213
0.532085 2.819476 0.393917 15.749499
0.574328 2.914091 0.246164 16.855675
0.550471 2.756427 0.096287 16.080399
0.558047 2.801285 0.220925 16.375222
0.577435 3.177093 0.158638 17.449365
1.155699 7.917187 1.801976 38.088535
0.383983 1.170362 0.340977 9.835626
0.270123 1.076779 0.525571 7.123402
0.332338 1.626768 0.728908 9.422595
0.330656 1.527400 0.650481 9.367404
0.492660 2.256753 0.412030 13.793093
0.529660 2.102625 0.337692 14.381847
0.379082 1.991851 0.692589 11.106424
0.389794 2.069011 0.770354 11.565039
0.413100 2.295955 0.682989 12.471381
0.383998 2.083861 0.738568 11.464924
0.461245 2.594535 0.683139 14.015921
0.313560 1.455762 0.734802 8.703582
0.325925 1.612027 0.739752 9.270580
0.329619 1.026666 0.641886 8.337599
0.307945 1.461964 0.672812 8.714251
0.341594 1.283238 0.360265 9.039471
0.300516 1.397368 0.646334 8.488410
0.359746 1.540933 0.756000 9.769401
0.272139 1.305011 0.733611 7.719257
0.339752 1.525569 0.713998 9.365222
0.419584 2.126089 0.792970 12.175382
0.364001 1.660565 0.659833 10.184518
0.520851 2.910753 0.675012 15.803027
0.386571 2.085104 0.755901 11.552030
0.339872 1.735400 0.703806 9.850489
0.330525 1.692516 0.728945 9.597669
0.541574 2.997588 0.691522 16.430297
0.392432 2.121776 0.757244 11.730962
0.386712 1.994174 0.776258 11.261258
0.332152 1.625196 0.728688 9.417959
0.352574 1.558269 0.641814 9.731599
0.323361 1.525567 0.659349 9.141041
0.528366 2.864984 0.714424 15.926755
0.325142 1.505599 0.658208 9.161129
0.574698 3.510296 0.392223 18.025521
0.706204 4.610345 0.708515 22.752091
1.717432 11.927354 3.267136 57.052396
0.894165 5.899618 1.122216 28.986149
1.882215 13.189292 3.673870 62.672399
1.034409 8.224945 0.770669 35.726264
1.034409 8.224945 0.770669 35.726266
1.008338 8.032956 0.713093 34.848239
1.000000 7.969558 0.697246 34.564103
0.595126 3.573182 0.342347 18.551752
0.630450 3.971998 0.475538 20.057451
0.720241 4.558169 0.575691 23.056065
0.535953 3.212499 -0.065248 16.681562
0.799027 5.260040 0.904074 25.858744
0.872587 5.705014 1.056864 28.295002
0.631192 3.965760 0.468034 20.073470
0.833214 5.349480 0.918462 26.863034
0.534048 3.001390 0.224278 16.217144
0.563286 3.309347 0.323444 17.411617
0.542661 2.965444 0.231955 16.341475
0.569885 3.249349 0.187692 17.359309
0.548810 2.972621 0.246427 16.487211
0.575043 3.191277 0.300569 17.467127
0.555763 2.896607 0.248196 16.480324
0.560158 3.071110 0.206611 16.834219
0.562889 2.885329 0.236048 16.596557
0.566135 2.903843 0.236083 16.674170
0.596697 3.694147 0.433055 18.828945
0.568406 3.318537 0.314854 17.523487
0.536523 3.152819 0.305447 16.564007
0.585308 3.568861 0.133649 18.252942
1.189677 8.349903 -0.423597 39.295125
0.787841 5.248463 0.102143 25.509872
1.108961 7.673161 -0.340487 36.408451
1.673674 11.482724 -1.332172 54.910124
1.108961 7.673161 -0.340487 36.408452
1.556884 11.105361 -0.941704 51.730196
0.908258 6.305046 -0.067265 29.809775
1.189677 8.349903 -0.423597 39.295127
0.741266 5.007125 0.048554 24.035839
0.685091 4.479758 0.152233 21.971158
0.626201 3.994667 0.115947 19.846101
0.908258 6.305046 -0.067265 29.809776
0.626201 3.994666 0.115947 19.846098
0.586902 3.584225 0.131253 18.310263
0.787841 5.248463 0.102143 25.509871
1.527220 10.813466 -0.930642 50.613061
1.000000 7.969558 0.697246 34.564103
1.000000 7.969558 0.697246 34.564103
1.000000 7.969558 0.697246 34.564103
1.037309 8.250871 0.668020 35.782785
1.946034 14.336186 -1.278918 65.430675
1.529952 11.046096 -0.801771 51.036256
1.549372 11.010688 -0.949800 51.402207
1.008477 8.032406 0.689974 34.835633
1.992490 14.498667 -1.466385 66.581952
1.340289 10.492453 0.273174 45.826554
1.000000 7.969558 0.697246 34.564103
1.000000 7.969558 0.697246 34.564103
0.992459 6.959540 -0.146403 32.708578
0.074477 0.324766 0.254951 1.947798
0.127584 0.497013 0.359344 3.224462
0.758354 3.973708 0.523732 22.448686
0.548567 3.354996 0.142997 17.115889
0.527517 3.078344 0.167823 16.198022
0.723559 4.845548 0.120907 23.371137
5.881336 7.037478 -9.220629 166.816520
3.081079 15.868761 -6.188461 96.193095
1.218052 9.457936 0.358396 41.287113
3.044933 18.406856 -5.228087 95.900793
1.043349 8.287827 0.657166 35.941535
1.000000 7.969558 0.697246 34.564103
1.000000 7.969558 0.697246 34.564103
1.640948 11.881554 -0.794781 54.398888
1.000000 7.969558 0.697246 34.564103
0.748551 4.574107 0.289706 23.782177
0.803321 4.878950 0.225941 25.394035
0.717818 4.274867 0.383400 22.526159
0.845492 4.981625 0.205886 26.398947
0.568107 3.295463 0.563587 17.542661
1.185911 7.030844 -0.446460 37.288404
1.076782 6.877839 -0.375911 34.665472
1.443579 9.060887 -1.132429 46.238965
2.205173 14.513943 -2.768927 71.812750
1.274408 9.894243 0.306495 43.211368
1.059402 6.353960 -0.221553 33.421729
0.840549 4.940989 0.222154 26.334352
1.746015 9.936239 -1.943059 55.179859
1.060993 6.117867 -0.159954 33.044067
1.061126 6.117945 -0.159511 33.048322
0.315260 1.535758 0.738243 8.911158
3.145950 18.649150 -5.534418 98.643500
0.383512 1.865722 0.687303 10.860280
0.472661 1.744431 0.327516 12.554002
0.343099 1.707140 0.709404 9.834483
0.674940 3.869930 0.473306 20.798122
0.375418 1.986657 0.682795 11.023692
0.566666 3.276284 0.575670 17.546792
0.507018 2.954863 0.606590 15.728915
1.000000 7.969558 0.697246 34.564103
1.000000 7.969558 0.697246 34.564103
1.000000 7.969558 0.697246 34.564103
1.000000 7.969558 0.697246 34.564103
1.000000 7.969558 0.697246 34.564103
1.000000 7.969558 0.697246 34.564103
1.000000 7.969558 0.697246 34.564103
1.000000 7.969558 0.697246 34.564103
1.000000 7.969558 0.697246 34.564103
1.000000 7.969558 0.697246 34.564103
1.000000 7.969558 0.697246 34.564103
1.000000 7.969558 0.697246 34.564103
1.000000 7.969558 0.697246 34.564103
1.000000 7.969558 0.697246 34.564103
1.000000 7.969558 0.697246 34.564103
1.000000 7.969558 0.697246 34.564103
1.000000 7.969558 0.697246 34.564103
1.000000 7.969558 0.697246 34.564103
1.000000 7.969558 0.697246 34.564103
1.000000 7.969558 0.697246 34.564103
1.000000 7.969558 0.697246 34.564103
1.000000 7.969558 0.697246 34.564103
1.000000 7.969558 0.697246 34.564103
1.234856 8.733028 -0.455755 40.868307
1.646711 12.714168 -0.163323 55.904260
1.000000 7.969558 0.697246 34.564103
1.000000 7.969558 0.697246 34.564103
1.000000 7.969558 0.697246 34.564103
1.000000 7.969558 0.697246 34.564103
1.000000 7.969558 0.697246 34.564103
1.000000 7.969558 0.697246 34.564103
1.000000 7.969558 0.697246 34.564103
1.000000 7.969558 0.697246 34.564103
1.000000 7.969558 0.697246 34.564103
1.000000 7.969558 0.697246 34.564103
1.000000 7.969558 0.697246 34.564103
1.000000 7.969558 0.697246 34.564103
1.000000 7.969558 0.697246 34.564103
1.000000 7.969558 0.697246 34.564103
1.000000 7.969558 0.697246 34.564103
1.000000 7.969558 0.697246 34.564103
1.000000 7.969558 0.697246 34.564103
1.000000 7.969558 0.697246 34.564103
1.000000 7.969558 0.697246 34.564103
1.000000 7.969558 0.697246 34.564103
1.000000 7.969558 0.697246 34.564103
5.117797 14.107825 -10.035948 146.081571
2.583678 14.208350 -3.777628 79.061079
2.429815 10.650033 -3.835847 73.276680
3.385729 15.964993 -6.158061 101.059699
3.056409 16.338649 -5.796221 94.342505
2.715755 9.371022 -5.261029 81.557234
0.816691 3.456497 -0.784249 21.766329
2.906662 8.440487 -6.433262 87.050999
1.000000 7.969558 0.697246 34.564103
1.000000 7.969558 0.697246 34.564103
1.000000 7.969558 0.697246 34.564103
1.000000 7.969558 0.697246 34.564103
2.191810 13.930854 -2.322722 68.245711
3.350120 16.856188 -7.039610 103.610814
3.227125 14.652623 -6.251897 99.018669
4.303971 10.212029 -8.913091 124.474805
1.056625 8.324760 0.612968 36.177617
4.185323 15.483089 -9.141119 123.614650
3.023883 13.475586 -4.005420 86.241827
5.474921 9.336363 -9.481845 154.728377
3.475468 9.844502 -6.326314 101.396998
5.106965 8.263798 -10.181145 147.152263
1.000000 7.969558 0.697246 34.564103
1.000000 7.969558 0.697246 34.564103
1.964278 12.869656 -2.234580 63.824308
2.447469 15.720520 -3.520214 79.564837
1.000000 7.969558 0.697246 34.564103
1.000000 7.969558 0.697246 34.564103
1.000000 7.969558 0.697246 34.564103
1.000030 7.969788 0.697236 34.565087
1.000000 7.969558 0.697246 34.564103
1.000000 7.969558 0.697246 34.564103
1.946034 14.336187 -1.278918 65.430680
1.000000 7.969558 0.697246 34.564103
1.000000 7.969558 0.697246 34.564103
1.000000 7.969558 0.697246 34.564103
1.000000 7.969558 0.697246 34.564103
1.000000 7.969558 0.697246 34.564103
1.000000 7.969558 0.697246 34.564103
1.000000 7.969558 0.697246 34.564103
1.000000 7.969558 0.697246 34.564103
1.000000 7.969558 0.697246 34.564103
1.000000 7.969558 0.697246 34.564103
1.000000 7.969558 0.697246 34.564103
1.000000 7.969558 0.697246 34.564103
1.000000 7.969558 0.697246 34.564103
1.000000 7.969558 0.697246 34.564103
1.000000 7.969558 0.697246 34.564103
1.000000 7.969558 0.697246 34.564103
1.000000 7.969558 0.697246 34.564103
1.000000 7.969558 0.697246 34.564103
1.000000 7.969558 0.697246 34.564103
1.000000 7.969558 0.697246 34.564103
1.000000 7.969558 0.697246 34.564103
1.000000 7.969558 0.697246 34.564103
1.000000 7.969558 0.697246 34.564103
1.000000 7.969558 0.697246 34.564103
1.000000 7.969558 0.697246 34.564103
1.000000 7.969558 0.697246 34.564103
1.000000 7.969558 0.697246 34.564103
1.000000 7.969558 0.697246 34.564103
1.000000 7.969558 0.697246 34.564103
1.000000 7.969558 0.697246 34.564103
1.000000 7.969558 0.697246 34.564103
1.000000 7.969558 0.697246 34.564103
1.000000 7.969558 0.697246 34.564103
1.000000 7.969558 0.697246 34.564103
1.000000 7.969558 0.697246 34.564103
1.000000 7.969558 0.697246 34.564103
1.000000 7.969558 0.697246 34.564103
1.000000 7.969558 0.697246 34.564103
1.000000 7.969558 0.697246 34.564103
1.000000 7.969558 0.697246 34.564103
1.000000 7.969558 0.697246 34.564103
1.000000 7.969558 0.697246 34.564103
0.137645 0.676178 0.315657 3.648994
0.510215 2.508873 -0.142045 14.262049
1.505546 6.351022 -1.215594 43.472699
2.516153 9.807665 -4.563205 76.076158
1.560002 6.881325 -1.248758 45.578871
0.199979 1.062067 0.178286 5.364770
0.824949 3.859321 0.223942 23.424969
0.790001 3.763070 0.282516 22.595396
0.109837 0.585879 0.221090 2.961112
0.462037 2.273295 0.687104 13.170298
3.051441 10.591189 -5.610138 90.041277
0.920906 4.522459 0.203240 26.953042
1.468344 6.660159 -1.105400 43.327490
0.986203 4.802539 0.220492 28.640205
0.151158 0.696134 0.361204 3.964111
0.462037 2.273295 0.687104 13.170297
0.235787 1.085083 0.647980 6.565450
0.290696 1.391904 0.734340 8.253101
0.271900 1.327026 0.697445 7.851799
0.431881 2.161112 0.796059 12.500231
0.411832 2.110382 0.789770 11.964326
0.301358 1.417092 0.732024 8.419169
0.434843 2.221010 0.789485 12.570573
0.453453 2.279256 0.792788 13.039200
0.857289 4.388630 0.388958 25.272497
0.744417 3.283871 -0.824611 20.141293
0.099928 0.496588 0.269741 2.678972
0.534594 2.644773 0.781352 15.254974
0.221680 1.126751 0.236931 5.862320
0.820975 4.157787 0.451297 24.262119
4.321069 14.357593 -9.318502 127.412996
0.660405 3.530285 0.607924 19.736842
0.661542 3.526505 0.619002 19.792838
1.446288 7.071048 -0.895279 43.229564
2.326645 11.278770 -3.245087 71.313536
2.126180 11.108469 -2.915941 65.841467
3.879755 11.801276 -8.489616 114.102390
3.695545 14.508538 -8.174953 111.868092
1.652676 7.501699 -1.190041 48.535179
2.854667 11.082504 -4.650647 84.644539
3.712936 13.573789 -7.903009 111.365217
3.118245 13.274337 -6.456703 95.935267
1.403214 6.727585 -0.689096 41.895067
2.366110 10.104241 -3.545554 71.672050
2.035596 9.581200 -2.812432 62.536066
2.070782 10.913692 -2.781593 64.388291
0.333709 1.575617 0.666381 9.456554
0.325184 1.569693 0.734527 9.156998
0.368567 1.628591 0.661490 10.325166
0.466791 1.967858 0.714896 12.626769
0.535582 2.897427 0.711986 16.112373
0.393180 2.086196 0.770531 11.655724
0.412024 2.122613 0.776935 11.952387
1.257850 6.394626 -0.509289 38.121456
0.462702 2.594535 0.700053 14.096526
0.520413 2.893897 0.701160 15.857042
1.358264 6.983091 -0.602949 40.974262
1.143465 6.077236 -0.183006 34.911964
1.132403 6.062189 -0.207112 34.607274
0.802382 4.458736 0.391118 24.662235
0.727231 3.814754 0.535387 21.728254
0.762813 4.276089 0.433140 23.587624
0.767497 4.335646 0.382649 23.547261
0.235787 1.085083 0.647980 6.565451
1.000000 7.969558 0.697246 34.564103
2.929817 16.424528 -5.431457 91.898271
1.000000 7.969558 0.697246 34.564103
1.000000 7.969558 0.697246 34.564103
1.000000 7.969558 0.697246 34.564103
1.000000 7.969558 0.697246 34.564103
1.000000 7.969558 0.697246 34.564103
1.000000 7.969558 0.697246 34.564103
1.446648 9.655643 0.180013 44.814738
1.197962 9.035060 0.217146 39.824213
1.000000 7.969558 0.697246 34.564103
1.168527 8.918680 0.392714 39.168747
2.943441 13.293767 -2.803033 82.822376
1.000000 7.969558 0.697246 34.564103
1.000000 7.969558 0.697246 34.564103
1.654371 12.307664 -0.625655 55.497226
1.654370 12.307661 -0.625654 55.497209
1.383557 10.623565 0.025893 46.991082
1.001208 7.978840 0.696675 34.603825
1.001208 7.978840 0.696675 34.603825
1.000872 7.976307 0.696859 34.593059
5.631729 12.267314 -10.323473 159.013065
6.402458 6.760694 -6.694202 179.943618
1.000000 7.969558 0.697246 34.564103
1.000000 7.969558 0.697246 34.564103
1.000000 7.969558 0.697246 34.564103
1.000000 7.969558 0.697246 34.564103
1.000000 7.969558 0.697246 34.564103
1.000000 7.969558 0.697246 34.564103
1.000000 7.969558 0.697246 34.564103
1.000000 7.969558 0.697246 34.564103
1.000000 7.969558 0.697246 34.564103
1.000000 7.969558 0.697246 34.564103
6.753963 5.631639 -2.162809 188.058275
5.840936 9.479288 -4.337200 160.685428
5.631852 10.605844 -3.210515 150.654070
1.000000 7.969558 0.697246 34.564103
1.000000 7.969558 0.697246 34.564103
1.000000 7.969558 0.697246 34.564103
1.000000 7.969558 0.697246 34.564103
1.000000 7.969558 0.697246 34.564103
1.000000 7.969558 0.697246 34.564103
1.000000 7.969558 0.697246 34.564103
6.126409 9.781393 -8.379824 171.098840
6.037732 8.743564 -8.233554 169.230885
3.788901 12.004084 -2.085104 101.103822
2.408347 11.248400 -1.809021 67.396290
3.804414 11.669909 -1.384310 102.901732
5.890846 11.249800 -8.584874 163.127470
4.699830 12.777404 -7.017154 129.182130
5.085265 12.362700 -6.186883 136.960596
5.719511 10.213642 -6.449744 158.202869
5.922497 8.957731 -6.575539 165.183110
6.154073 7.585372 -7.449316 172.552994
4.571155 14.216977 -8.359407 128.908545
4.974554 13.938784 -7.776287 136.463666
5.483367 11.820980 -9.497481 152.613625
6.621605 6.344589 -3.465420 183.214636
6.688670 4.406725 1.448693 186.816203
6.727174 4.958522 1.223728 188.196200
1.000000 7.969558 0.697246 34.564103
6.326137 8.267980 2.464657 173.416709
4.862366 11.300690 2.123705 129.119220
2.299906 11.401446 0.331790 63.424226
3.858223 11.746610 0.470400 102.541527
2.173914 11.143782 0.331353 60.302926
6.343388 8.263283 -2.070460 173.963603
5.923522 9.014499 -2.130282 159.932931
3.600659 11.310055 0.532788 94.335222
1.000000 7.969558 0.697246 34.564103
1.000000 7.969558 0.697246 34.564103
1.000000 7.969558 0.697246 34.564103
1.000000 7.969558 0.697246 34.564103
1.000000 7.969558 0.697246 34.564103
1.000000 7.969558 0.697246 34.564103
1.000000 7.969558 0.697246 34.564103
1.000000 7.969558 0.697246 34.564103
6.360367 7.859581 -0.518912 175.182756
6.196043 9.178415 -1.394560 169.731465
3.854978 11.991986 -0.013071 102.869783
1.000000 7.969558 0.697246 34.564103
1.000000 7.969558 0.697246 34.564103
1.000000 7.969558 0.697246 34.564103
1.000000 7.969558 0.697246 34.564103
1.000000 7.969558 0.697246 34.564103
1.000000 7.969558 0.697246 34.564103
1.000000 7.969558 0.697246 34.564103
1.000000 7.969558 0.697246 34.564103
1.000000 7.969558 0.697246 34.564103
1.000000 7.969558 0.697246 34.564103
1.000000 7.969558 0.697246 34.564103
1.000000 7.969558 0.697246 34.564103
1.000000 7.969558 0.697246 34.564103
1.000000 7.969558 0.697246 34.564103
1.196028 9.194098 1.216061 40.497026
1.145013 8.934235 1.066442 39.118710
1.220759 9.352633 1.282090 41.243654
1.000501 7.973365 0.698149 34.580956
1.000501 7.973365 0.698149 34.580956
1.121642 8.796973 0.997285 38.428704
1.000000 7.969558 0.697246 34.564103
1.000000 7.969558 0.697246 34.564103
1.388446 9.897226 1.790670 45.185399
4.174156 16.914790 11.442434 121.789441
2.439584 12.780554 5.105793 73.028911
2.289305 12.807249 5.045483 70.545410
3.594099 15.437048 9.572363 106.202506
1.000000 7.969558 0.697246 34.564103
1.000000 7.969558 0.697246 34.564103
1.000000 7.969558 0.697246 34.564103
1.056127 8.336501 0.829778 36.248199
1.000000 7.969558 0.697246 34.564103
1.000000 7.969558 0.697246 34.564103
1.000000 7.969558 0.697246 34.564103
1.000000 7.969558 0.697246 34.564103
1.000000 7.969558 0.697246 34.564103
1.000000 7.969558 0.697246 34.564103
1.000000 7.969558 0.697246 34.564103
2.305299 13.555420 5.553588 73.063322
1.001156 7.978257 0.699381 34.602616
1.007925 8.027250 0.714037 34.822665
1.007855 8.026568 0.713966 34.819542
1.000000 7.969558 0.697246 34.564103
1.025255 8.135385 0.755827 35.320248
1.026280 8.133220 0.759180 35.316712
1.770471 10.319105 0.302385 51.389279
3.521889 11.605898 -0.088246 93.842946
2.056429 11.108827 0.066512 58.008658
6.648163 6.193502 0.032498 184.670659
6.722895 5.860908 -0.219780 187.027064
6.820429 6.698258 -1.275841 190.265104
3.144472 9.745725 1.102916 84.840973
5.555279 6.940051 1.701413 152.305908
5.762867 6.660641 0.819649 156.981366
5.013945 8.631234 5.067306 139.403704
1.000000 7.969558 0.697246 34.564103
1.000000 7.969558 0.697246 34.564103
1.000000 7.969558 0.697246 34.564103
1.045370 8.136462 0.730126 35.571726
1.003824 7.977292 0.667246 34.612009
1.000000 7.969558 0.697246 34.564103
1.000000 7.969558 0.697246 34.564103
1.000000 7.969558 0.697246 34.564103
1.000000 7.969558 0.697246 34.564103
1.000000 7.969558 0.697246 34.564103
1.000000 7.969558 0.697246 34.564103
1.000000 7.969558 0.697246 34.564103
1.000000 7.969558 0.697246 34.564103
1.000000 7.969558 0.697246 34.564103
1.000000 7.969558 0.697246 34.564103
1.000000 7.969558 0.697246 34.564103
1.000000 7.969558 0.697246 34.564103
1.000000 7.969558 0.697246 34.564103
1.000000 7.969558 0.697246 34.564103
1.000000 7.969558 0.697246 34.564103
1.495760 11.406616 2.032061 50.993660
1.572351 11.898220 2.259328 53.404976
1.866930 13.522893 3.430190 62.862142
1.000000 7.969558 0.697246 34.564103
1.000000 7.969558 0.697246 34.564103
1.000000 7.969558 0.697246 34.564103
1.000000 7.969558 0.697246 34.564103
1.000000 7.969558 0.697246 34.564103
1.000000 7.969558 0.697246 34.564103
1.000000 7.969558 0.697246 34.564103
1.000000 7.969558 0.697246 34.564103
1.000000 7.969558 0.697246 34.564103
1.000000 7.969558 0.697246 34.564103
1.854268 13.285702 3.480071 62.228993
1.854268 13.285701 3.480070 62.228988
1.782458 12.676011 3.335993 59.666891
1.344579 10.428828 1.545612 46.019787
1.346723 10.454001 1.546904 46.131178
1.541677 11.782106 2.107017 52.559954
1.166594 9.166975 1.095932 40.127692
1.164156 9.168326 1.070801 40.078546
1.178262 9.266629 1.104192 40.526483
1.000000 7.969558 0.697246 34.564103
1.000000 7.969558 0.697246 34.564103
1.000000 7.969558 0.697246 34.564103
1.000000 7.969558 0.697246 34.564103
1.000000 7.969558 0.697246 34.564103
1.000000 7.969558 0.697246 34.564103
1.000000 7.969558 0.697246 34.564103
1.000000 7.969558 0.697246 34.564103
1.000000 7.969558 0.697246 34.564103
1.244095 9.583747 1.394595 42.490656
1.244094 9.583745 1.394594 42.490645
2.031113 13.970970 4.217678 67.318631
1.137029 8.925707 1.050620 39.092685
1.713803 12.420418 2.962866 57.558757
2.031113 13.970968 4.217676 67.318618
1.000000 7.969558 0.697246 34.564103
1.000000 7.969558 0.697246 34.564103
1.000000 7.969558 0.697246 34.564103
1.000000 7.969558 0.697246 34.564103
1.000000 7.969558 0.697246 34.564103
1.000000 7.969558 0.697246 34.564103
1.045842 8.315005 0.788275 36.119112
1.002089 7.985597 0.700990 34.635542
1.001464 7.980830 0.699832 34.614234
1.000000 7.969558 0.697246 34.564103
1.000000 7.969558 0.697246 34.564103
1.000000 7.969558 0.697246 34.564103
1.115501 8.820318 0.949887 38.445847
1.004981 8.007571 0.706513 34.734066
1.002956 7.992185 0.702649 34.665083
1.115501 8.820316 0.949887 38.445840
1.060577 8.421496 0.823146 36.610397
1.060577 8.421495 0.823146 36.610394
3.067061 16.538976 8.769638 97.268503
2.916166 17.426376 7.653187 92.774273
2.755998 17.331959 6.985224 89.008695
3.116016 17.061204 8.463396 96.774882
3.281613 16.216893 9.613541 102.022572
1.706979 11.721424 3.001320 55.603731
1.397579 10.418773 1.898102 46.920299
1.399035 10.457021 1.902478 47.084654
1.399636 10.056163 1.927482 46.114811
1.407621 10.229837 1.955350 46.713485
1.711233 11.717489 2.994982 55.603594
3.280428 16.606767 8.779350 99.678810
1.099484 8.619095 0.967582 37.641400
1.101326 8.638326 0.970244 37.726637
2.204032 13.881903 4.977354 70.587279
4.020423 15.425368 10.982783 119.101067
1.793504 12.827205 3.333844 60.186286
1.799984 13.296826 3.048579 60.856502
1.801346 13.317875 3.052342 60.948897
0.720241 4.558169 0.575691 23.056063
1.125155 7.097338 1.743979 36.262355
1.288491 8.348545 2.198949 41.855469
1.288491 8.348545 2.198949 41.855472
1.250940 7.785447 2.105623 40.236105
1.257903 7.859027 2.134893 40.463735
1.125021 7.090805 1.739707 36.253522
1.155699 7.917188 1.801976 38.088537
4.396620 11.865082 11.540425 128.745669
3.534324 12.595756 9.286762 105.629589
4.324433 16.432015 12.824493 129.049808
4.763668 16.138294 13.859745 140.665053
4.549159 14.037888 12.844694 133.726720
4.841424 17.107487 13.191346 139.778890
4.757386 14.182144 13.426554 138.852210
4.690511 13.476391 13.208667 136.820146
2.595795 13.601584 6.376328 79.166769
2.600702 13.609429 6.375613 79.250006
1.249170 9.217000 1.389157 41.341997
1.309967 8.866643 2.232023 43.157783
1.323391 8.979394 2.263593 43.600841
1.742530 12.979363 2.814490 58.988680
1.805150 12.902404 3.365884 60.543878
1.766351 12.562516 3.292208 59.140293
1.718751 12.591141 2.912621 57.917280
1.719652 12.609982 2.915679 58.000063
1.836582 13.213882 3.384813 61.630864
0.677229 4.286832 0.454253 21.730183
0.902099 5.553476 0.992943 28.766978
1.366593 8.067623 2.375319 43.377264
2.362302 11.708153 5.840687 72.991283
2.892605 17.433424 7.598354 92.724059
2.574146 14.719953 6.680498 82.227022
2.384995 13.229123 6.061891 75.988308
1.099610 6.521114 1.483864 34.742219
1.968924 13.336974 4.025259 64.673091
1.968923 13.336969 4.025256 64.673065
2.319102 14.620408 5.525421 75.260333
1.000000 7.969558 0.697246 34.564103
1.000000 7.969558 0.697246 34.564103
1.000000 7.969558 0.697246 34.564103
1.402412 10.434392 1.968116 47.336224
2.319644 15.090282 5.452132 75.910718
2.299376 14.511145 5.458378 74.676207
0.889031 5.542797 1.017315 28.260089
0.884724 5.488697 0.978381 28.167896
0.912777 5.644168 1.049070 28.978452
1.827712 12.696205 3.580297 60.716550
1.827257 12.689635 3.578215 60.689531
1.882535 13.198740 3.676306 62.711926
1.000000 7.969558 0.697246 34.564103
3.039655 15.243974 8.624155 94.909454
3.066807 15.746980 8.829718 96.407970
2.913525 15.032713 8.174468 91.683956
1.951856 10.228501 4.389037 60.724154
2.888723 17.536249 7.597190 92.737118
2.696808 14.823605 7.295738 85.793539
2.692095 14.707854 7.251547 85.472522
1.863780 9.974104 4.112618 58.350522
1.925355 11.040222 4.270582 61.159719
1.809425 10.133562 3.914447 57.329366
1.951003 10.705762 4.406319 61.376940
1.798758 11.678492 3.723297 58.603231
1.609540 10.122492 3.160045 51.912726
1.610789 10.133053 3.164284 51.955274
1.000000 7.969558 0.697246 34.564103
1.000000 7.969558 0.697246 34.564103
1.000000 7.969558 0.697246 34.564103
1.000000 7.969558 0.697246 34.564103
1.000000 7.969558 0.697246 34.564103
1.000000 7.969558 0.697246 34.564103
1.597293 11.086426 -1.148442 52.668372
2.001995 14.596923 -1.467894 66.946340
1.475370 11.326848 -0.048248 49.980466
1.375236 10.659681 0.133176 46.895225
1.744503 12.373694 -1.291456 57.891451
2.184463 11.908523 -3.127648 68.043263
2.750355 17.085253 -4.382409 88.037377
2.765328 17.168489 -4.425165 88.470226
1.516306 10.100094 -1.171571 49.359174
2.014731 12.398449 -2.539931 64.374924
1.930736 14.043196 -1.200868 63.887464
1.964966 13.919449 -1.437761 64.257969
2.758969 17.624626 -4.369948 89.332145
1.000000 7.969558 0.697246 34.564103
1.000000 7.969558 0.697246 34.564103
1.000000 7.969558 0.697246 34.564103
1.000000 7.969558 0.697246 34.564103
1.000000 7.969558 0.697246 34.564103
1.000000 7.969558 0.697246 34.564103
1.000000 7.969558 0.697246 34.564103
1.000000 7.969558 0.697246 34.564103
2.562178 16.915844 -3.593803 83.620788
2.102125 15.050882 -1.662183 69.233894
2.045535 14.744834 -1.517071 67.611553
1.967385 14.155077 -1.505904 65.386703
1.967385 14.155080 -1.505906 65.386719
1.999185 14.109306 -1.731080 66.056599
1.404629 9.428052 -0.946702 45.998776
1.154811 7.937646 1.795415 38.108300
1.223081 8.482467 1.943583 40.461237
1.286793 9.013390 2.075222 42.707245
0.999045 6.760707 1.419534 32.753631
1.323391 8.979394 2.263594 43.600844
1.555024 10.755012 2.833248 51.558093
1.555024 10.755012 2.833248 51.558095
1.877199 12.661596 3.865772 61.853246
1.877199 12.661596 3.865772 61.853245
1.595508 10.701894 3.056815 52.414115
1.472270 11.099282 2.068697 50.004603
1.262193 9.786811 1.391832 43.237824
1.262193 9.786809 1.391832 43.237817
1.070902 8.483360 0.862276 36.938317
1.070902 8.483360 0.862276 36.938314
1.472271 11.099285 2.068699 50.004614
1.017247 8.099463 0.731670 35.149764
1.017247 8.099463 0.731669 35.149763
1.159490 9.117480 1.079198 39.902084
1.000000 7.969558 0.697246 34.564103
1.000000 7.969558 0.697246 34.564103
1.000000 7.969558 0.697246 34.564103
0.726945 4.674809 0.649859 23.413214
0.726945 4.674809 0.649859 23.413215
0.833214 5.349480 0.918462 26.863034
0.972970 6.356599 1.301959 31.574402
1.810242 12.678152 -1.465181 59.719970
1.673674 11.482724 -1.332172 54.910124
1.483079 10.073478 -1.034044 48.630996
1.234856 8.733027 -0.455755 40.868305
1.000000 7.969558 0.697246 34.564103
1.000000 7.969558 0.697246 34.564103
1.000000 7.969558 0.697246 34.564103
1.000000 7.969558 0.697246 34.564103
1.000000 7.969558 0.697246 34.564103
1.000000 7.969558 0.697246 34.564103
1.000000 7.969558 0.697246 34.564103
1.000000 7.969558 0.697246 34.564103
1.002146 7.986023 0.696231 34.634526
1.002199 7.986546 0.696261 34.636954
1.781978 13.624358 -0.450377 60.238511
1.952182 14.668856 -0.967916 65.783095
1.952182 14.668853 -0.967915 65.783082
1.752065 12.740002 -1.101841 58.621288
1.752065 12.740002 -1.101840 58.621289
1.887070 13.966358 -1.091895 63.372045
1.569685 11.191943 -0.965080 52.132508
1.000000 7.969558 0.697246 34.564103
1.007964 8.029432 0.691152 34.822845
1.034636 8.226489 0.666355 35.676692
1.497758 11.554590 -0.011482 50.818858
2.032136 14.947714 -1.416794 68.153906
2.028656 14.892103 -1.427265 67.981871
1.128069 8.944006 0.575667 38.857404
1.340289 10.492449 0.273175 45.826537
1.632526 12.566556 -0.252661 55.453894
1.000000 7.969558 0.697246 34.564103
1.000000 7.969558 0.697246 34.564103
1.000000 7.969558 0.697246 34.564103
1.000000 7.969558 0.697246 34.564103
1.062106 7.493123 -0.222037 35.090233
1.345201 9.779219 -0.072478 43.974598
3.114546 16.228980 -6.294509 97.312220
3.252824 18.003215 -6.204578 100.755929
1.001664 7.982227 0.696405 34.618147
1.046663 8.318532 0.658918 36.074912
1.341833 10.292320 0.149394 45.162816
2.811655 17.040853 -4.624228 89.478518
2.341934 15.547139 -2.748088 75.418628
2.341936 15.547146 -2.748091 75.418666
1.000000 7.969558 0.697246 34.564103
1.000000 7.969558 0.697246 34.564103
1.000000 7.969558 0.697246 34.564103
1.443579 9.060887 -1.132429 46.238967
2.055660 14.644159 -1.693037 67.939698
2.205173 14.513943 -2.768927 71.812747
1.964278 12.869656 -2.234581 63.824309
1.891689 13.627119 -1.217806 62.156546
1.899447 13.475338 -1.227051 61.639135
2.172326 14.090170 -2.387647 68.555333
2.892376 16.044295 -5.382020 91.542953
3.052617 16.776094 -5.896903 96.166160
2.870806 15.262902 -5.521715 90.417500
1.000000 7.969558 0.697246 34.564103
1.000000 7.969558 0.697246 34.564103
1.000000 7.969558 0.697246 34.564103
1.000000 7.969558 0.697246 34.564103
1.000000 7.969558 0.697246 34.564103
1.000000 7.969558 0.697246 34.564103
3.708227 11.091471 -1.541693 100.988031
1.008965 8.027636 0.680623 34.815170
1.048095 8.179134 0.658065 35.665193
1.000000 7.969558 0.697246 34.564103
1.000000 7.969558 0.697246 34.564103
2.324603 11.236543 -1.099535 65.335017
1.000000 7.969558 0.697246 34.564103
1.000000 7.969558 0.697246 34.564103
1.000000 7.969558 0.697246 34.564103
1.000000 7.969558 0.697246 34.564103
1.000000 7.969558 0.697246 34.564103
1.000000 7.969558 0.697246 34.564103
1.000000 7.969558 0.697246 34.564103
1.000000 7.969558 0.697246 34.564103
1.000000 7.969558 0.697246 34.564103
1.000000 7.969558 0.697246 34.564103
1.000000 7.969558 0.697246 34.564103
1.000000 7.969558 0.697246 34.564103
1.556884 11.105361 -0.941704 51.730199
1.344732 9.572049 -0.598801 44.619078
1.344732 9.572050 -0.598801 44.619080
2.061560 15.251287 -1.411808 69.352765
1.647414 12.647245 -0.223034 55.727950
1.507607 11.694415 0.038267 51.312114
1.000000 7.969558 0.697246 34.564103
1.000000 7.969558 0.697246 34.564103
1.000000 7.969558 0.697246 34.564103
1.000000 7.969558 0.697246 34.564103
1.000000 7.969558 0.697246 34.564103
1.000000 7.969558 0.697246 34.564103
4.550884 15.333410 -9.177489 130.301811
1.000000 7.969558 0.697246 34.564103
1.000000 7.969558 0.697246 34.564103
1.000000 7.969558 0.697246 34.564103
1.000000 7.969558 0.697246 34.564103
1.000000 7.969558 0.697246 34.564103
1.000000 7.969558 0.697246 34.564103
1.000000 7.969558 0.697246 34.564103
1.000000 7.969558 0.697246 34.564103
1.000000 7.969558 0.697246 34.564103
1.000000 7.969558 0.697246 34.564103
1.835974 11.968355 -1.303585 57.342155
1.836078 12.416077 -1.322785 58.376897
1.254533 9.670625 0.297446 42.278627
1.000000 7.969558 0.697246 34.564103
1.954647 11.692472 -1.169139 58.484962
1.886855 12.102555 -1.381990 58.561456
1.000000 7.969558 0.697246 34.564103
1.000000 7.969558 0.697246 34.564103
1.000000 7.969558 0.697246 34.564103
2.055660 14.644155 -1.693035 67.939677
2.069799 14.025186 -2.201436 67.680891
2.069798 14.025185 -2.201436 67.680885
2.560130 16.315609 -3.833507 82.886508
2.580974 16.659057 -3.868682 84.045233
2.248990 15.703209 -2.142346 73.425662
1.000000 7.969558 0.697246 34.564103
1.000000 7.969558 0.697246 34.564103
1.000000 7.969558 0.697246 34.564103
1.000000 7.969558 0.697246 34.564103
1.988916 14.655819 -1.335649 66.822445
2.004990 14.826791 -1.336451 67.506230
1.781978 13.624362 -0.450378 60.238531
1.000000 7.969558 0.697246 34.564103
1.000000 7.969558 0.697246 34.564103
1.000056 7.969987 0.697227 34.565932
