1.000000 7.969558 0.697246 34.564103
1.000000 7.969558 0.697246 34.564103
1.000000 7.969558 0.697246 34.564103
1.000000 7.969558 0.697246 34.564103
1.000000 7.969558 0.697246 34.564103
1.326251 9.635242 0.092766 43.181862
3.468902 16.414528 -6.207270 103.064730
2.888549 16.560568 -5.224157 90.950298
3.480011 15.309381 -6.639476 105.228883
2.036195 10.318791 -2.488562 63.360160
1.331926 5.974326 -0.945304 39.791446
1.247162 9.192104 0.292590 40.895191
1.000000 7.969558 0.697246 34.564103
1.360310 9.766050 0.069069 43.899536
1.000000 7.969558 0.697246 34.564103
2.272248 11.941845 -2.283684 65.656308
2.999761 14.633216 -4.152247 87.748416
2.393035 11.855576 -1.443642 68.250355
1.000000 7.969558 0.697246 34.564103
1.000000 7.969558 0.697246 34.564103
1.000000 7.969558 0.697246 34.564103
1.000000 7.969558 0.697246 34.564103
1.000000 7.969558 0.697246 34.564103
1.000000 7.969558 0.697246 34.564103
1.000000 7.969558 0.697246 34.564103
1.000000 7.969558 0.697246 34.564103
1.000000 7.969558 0.697246 34.564103
1.000000 7.969558 0.697246 34.564103
1.000000 7.969558 0.697246 34.564103
1.000000 7.969558 0.697246 34.564103
1.000000 7.969558 0.697246 34.564103
1.000000 7.969558 0.697246 34.564103
1.650522 12.026810 -0.785654 55.034708
1.000000 7.969558 0.697246 34.564103
1.000000 7.969558 0.697246 34.564103
1.000000 7.969558 0.697246 34.564103
1.225257 9.521180 0.362390 41.602764
1.000000 7.969558 0.697246 34.564103
5.478378 7.621430 -9.297503 159.738484
5.863331 8.840068 -8.228139 168.544476
4.694056 12.374459 -9.435624 134.212933
5.222335 9.702967 -9.422663 151.914678
5.396383 11.982349 -8.850872 152.316260
1.000000 7.969558 0.697246 34.564103
5.783965 6.789459 -5.967324 164.673748
1.000000 7.969558 0.697246 34.564103
1.000000 7.969558 0.697246 34.564103
1.000000 7.969558 0.697246 34.564103
1.000000 7.969558 0.697246 34.564103
1.000000 7.969558 0.697246 34.564103
1.000000 7.969558 0.697246 34.564103
1.000000 7.969558 0.697246 34.564103
1.436853 9.374781 0.561700 44.249925
6.421550 4.060633 -5.798531 185.864386
5.820221 6.572207 -4.933526 165.025234
6.084228 5.144984 -6.825303 175.142009
6.778831 2.938849 -3.125057 196.631243
6.424776 4.704505 -1.355095 182.227507
6.125022 4.921439 -4.038041 173.637014
4.781802 9.248427 -4.206802 133.410182
1.000000 7.969558 0.697246 34.564103
1.000000 7.969558 0.697246 34.564103
1.000000 7.969558 0.697246 34.564103
6.036672 5.781860 -7.709415 174.916159
5.343757 10.102941 -6.984489 150.546307
3.186037 11.776764 -0.751201 87.204754
4.655093 12.992903 -5.182276 126.357362
4.609020 11.726834 -9.072274 133.787359
5.506323 9.409680 -5.741487 155.989841
3.996723 13.005897 -6.327393 111.880361
6.368354 3.573025 -4.622535 182.453975
6.614631 2.994608 -1.479811 189.362255
1.000000 7.969558 0.697246 34.564103
1.000000 7.969558 0.697246 34.564103
1.000000 7.969558 0.697246 34.564103
1.000000 7.969558 0.697246 34.564103
1.000000 7.969558 0.697246 34.564103
1.000000 7.969558 0.697246 34.564103
1.000000 7.969558 0.697246 34.564103
1.000000 7.969558 0.697246 34.564103
1.000000 7.969558 0.697246 34.564103
1.000000 7.969558 0.697246 34.564103
6.144590 5.538487 -2.597613 172.967430
6.777088 2.267875 0.212058 195.429158
6.161602 4.752190 1.541866 173.206898
6.522340 2.105471 3.714888 186.308796
1.000000 7.969558 0.697246 34.564103
4.537436 9.129799 3.955795 124.099062
5.760143 8.215271 6.155767 160.316393
1.000000 7.969558 0.697246 34.564103
4.398352 10.963912 -0.158421 117.522606
5.158300 8.399166 -1.152342 140.988782
6.758106 1.808328 2.862526 194.927192
6.439173 3.360223 1.812571 182.894431
6.557837 2.162804 1.508517 187.152217
6.437918 4.625820 4.093939 183.468658
6.369914 4.057246 5.007423 181.025108
6.358107 3.430436 3.067810 180.200050
6.445187 2.590809 4.657672 183.653034
6.640610 2.508271 5.768262 191.375538
6.393580 3.233366 7.037660 182.927691
6.355910 4.898260 6.018113 180.282501
6.351230 3.610051 8.113464 182.601968
1.000000 7.969558 0.697246 34.564103
6.366657 6.497438 6.501104 179.975216
1.000000 7.969558 0.697246 34.564103
5.813932 7.362899 10.870432 165.257129
6.354332 4.328661 6.985516 180.881286
5.943753 4.872755 9.706604 170.260742
1.000000 7.969558 0.697246 34.564103
1.000000 7.969558 0.697246 34.564103
1.000000 7.969558 0.697246 34.564103
1.000000 7.969558 0.697246 34.564103
1.000000 7.969558 0.697246 34.564103
1.000000 7.969558 0.697246 34.564103
1.000000 7.969558 0.697246 34.564103
1.000000 7.969558 0.697246 34.564103
1.000000 7.969558 0.697246 34.564103
1.000000 7.969558 0.697246 34.564103
1.000000 7.969558 0.697246 34.564103
1.000000 7.969558 0.697246 34.564103
1.000000 7.969558 0.697246 34.564103
1.000000 7.969558 0.697246 34.564103
1.000000 7.969558 0.697246 34.564103
1.000000 7.969558 0.697246 34.564103
1.000000 7.969558 0.697246 34.564103
1.000000 7.969558 0.697246 34.564103
1.000000 7.969558 0.697246 34.564103
1.000000 7.969558 0.697246 34.564103
1.000000 7.969558 0.697246 34.564103
1.000000 7.969558 0.697246 34.564103
1.000000 7.969558 0.697246 34.564103
1.000000 7.969558 0.697246 34.564103
1.000000 7.969558 0.697246 34.564103
1.000000 7.969558 0.697246 34.564103
1.000000 7.969558 0.697246 34.564103
1.000000 7.969558 0.697246 34.564103
1.000000 7.969558 0.697246 34.564103
1.116035 8.654192 0.479103 37.836421
1.000000 7.969558 0.697246 34.564103
5.751959 5.637761 10.309639 164.404770
1.000000 7.969558 0.697246 34.564103
1.000000 7.969558 0.697246 34.564103
5.386937 9.407204 0.085384 147.600786
5.893121 6.786455 3.829998 165.160000
1.000000 7.969558 0.697246 34.564103
1.000000 7.969558 0.697246 34.564103
1.000000 7.969558 0.697246 34.564103
5.611999 8.805213 11.743526 160.226555
4.916096 7.615873 11.015794 141.132728
1.680918 7.327212 2.735309 49.932540
2.835900 8.483422 7.622321 85.927433
0.843115 4.016756 1.771609 24.715531
5.690517 9.683861 12.139388 161.565287
5.001551 9.396085 11.549657 144.150689
4.717100 8.246786 11.112068 136.342583
4.559477 11.895971 11.593151 133.089980
5.506511 6.231137 10.666692 157.616873
5.355882 7.037679 11.053781 153.407756
6.099442 5.266016 8.831083 173.147643
6.115350 6.370633 9.619277 173.549893
6.100812 4.315584 9.016467 174.359260
5.816861 6.502000 10.245426 165.375636
1.971631 10.469686 2.174775 56.844775
5.098442 10.984323 6.862656 137.248065
1.503941 9.917289 2.177705 46.887472
4.558935 11.382840 9.079197 126.244461
5.101071 11.195127 10.449329 142.446637
1.000000 7.969558 0.697246 34.564103
1.000000 7.969558 0.697246 34.564103
1.000000 7.969558 0.697246 34.564103
1.000000 7.969558 0.697246 34.564103
1.000000 7.969558 0.697246 34.564103
1.000000 7.969558 0.697246 34.564103
1.000000 7.969558 0.697246 34.564103
1.000000 7.969558 0.697246 34.564103
1.000000 7.969558 0.697246 34.564103
1.000000 7.969558 0.697246 34.564103
1.000000 7.969558 0.697246 34.564103
1.000000 7.969558 0.697246 34.564103
1.024518 8.070351 0.723990 35.116211
4.116867 11.705154 7.569081 112.097132
6.191964 6.584384 7.914556 173.934620
6.083438 8.514980 10.618647 170.908232
1.595430 9.692122 1.613668 48.048025
1.000000 7.969558 0.697246 34.564103
1.000000 7.969558 0.697246 34.564103
1.000000 7.969558 0.697246 34.564103
1.000000 7.969558 0.697246 34.564103
1.000000 7.969558 0.697246 34.564103
1.000000 7.969558 0.697246 34.564103
1.000000 7.969558 0.697246 34.564103
1.000000 7.969558 0.697246 34.564103
1.000000 7.969558 0.697246 34.564103
1.000000 7.969558 0.697246 34.564103
1.000000 7.969558 0.697246 34.564103
1.000000 7.969558 0.697246 34.564103
1.000000 7.969558 0.697246 34.564103
1.000000 7.969558 0.697246 34.564103
1.000000 7.969558 0.697246 34.564103
1.000000 7.969558 0.697246 34.564103
1.000000 7.969558 0.697246 34.564103
1.000000 7.969558 0.697246 34.564103
1.000000 7.969558 0.697246 34.564103
1.000000 7.969558 0.697246 34.564103
1.000000 7.969558 0.697246 34.564103
1.000000 7.969558 0.697246 34.564103
1.000000 7.969558 0.697246 34.564103
1.000000 7.969558 0.697246 34.564103
1.000000 7.969558 0.697246 34.564103
1.000000 7.969558 0.697246 34.564103
1.000000 7.969558 0.697246 34.564103
1.000000 7.969558 0.697246 34.564103
1.000000 7.969558 0.697246 34.564103
1.000000 7.969558 0.697246 34.564103
1.000000 7.969558 0.697246 34.564103
1.000000 7.969558 0.697246 34.564103
5.173358 11.666322 12.937767 148.264175
5.177319 11.936289 13.268242 149.551995
4.629026 13.676604 11.599377 131.547606
1.000000 7.969558 0.697246 34.564103
1.000000 7.969558 0.697246 34.564103
1.000000 7.969558 0.697246 34.564103
1.000000 7.969558 0.697246 34.564103
1.000000 7.969558 0.697246 34.564103
1.000000 7.969558 0.697246 34.564103
1.000000 7.969558 0.697246 34.564103
1.000000 7.969558 0.697246 34.564103
1.000000 7.969558 0.697246 34.564103
1.000000 7.969558 0.697246 34.564103
1.000000 7.969558 0.697246 34.564103
1.000000 7.969558 0.697246 34.564103
1.000000 7.969558 0.697246 34.564103
1.000000 7.969558 0.697246 34.564103
1.000000 7.969558 0.697246 34.564103
1.211650 8.758502 0.884346 39.318378
1.000000 7.969558 0.697246 34.564103
1.000000 7.969558 0.697246 34.564103
1.000000 7.969558 0.697246 34.564103
1.000000 7.969558 0.697246 34.564103
1.000000 7.969558 0.697246 34.564103
1.000000 7.969558 0.697246 34.564103
1.318909 9.754199 1.610219 43.805179
1.190095 9.186802 1.210815 40.464441
1.000000 7.969558 0.697246 34.564103
1.000000 7.969558 0.697246 34.564103
1.000000 7.969558 0.697246 34.564103
1.000000 7.969558 0.697246 34.564103
1.000000 7.969558 0.697246 34.564103
1.000000 7.969558 0.697246 34.564103
1.000000 7.969558 0.697246 34.564103
1.000000 7.969558 0.697246 34.564103
1.000000 7.969558 0.697246 34.564103
1.000000 7.969558 0.697246 34.564103
1.000000 7.969558 0.697246 34.564103
5.865816 8.393952 11.105799 165.601429
5.495507 7.740457 11.131255 156.669271
5.745704 11.686354 12.595630 162.675470
5.453679 10.857410 13.041275 156.731207
3.233827 11.267971 8.067527 96.705521
1.836887 11.214236 2.964058 56.140961
4.163094 14.615376 11.573269 121.536845
1.340446 9.557492 1.581365 43.458513
2.249847 11.795682 4.502932 67.201130
2.569701 12.947217 5.444297 76.686843
1.000000 7.969558 0.697246 34.564103
1.149137 8.829518 1.088385 38.785683
1.000000 7.969558 0.697246 34.564103
1.000000 7.969558 0.697246 34.564103
2.492127 14.361724 6.190041 78.561114
1.130578 8.805347 1.066435 38.644040
1.000000 7.969558 0.697246 34.564103
1.000000 7.969558 0.697246 34.564103
1.000000 7.969558 0.697246 34.564103
1.000000 7.969558 0.697246 34.564103
1.000000 7.969558 0.697246 34.564103
1.008134 8.004356 0.731421 34.758619
1.179966 8.767544 1.196940 38.945378
3.978208 13.420943 8.231534 110.467550
1.000000 7.969558 0.697246 34.564103
1.441960 10.044773 2.046492 46.344338
5.849453 9.358470 11.925416 165.567055
4.137052 13.259501 9.084637 116.545707
5.108394 13.438988 12.639042 145.359048
5.151632 9.431684 11.924698 147.511518
4.118609 10.258971 10.664709 120.801425
1.191553 8.979942 1.189372 39.686077
1.000000 7.969558 0.697246 34.564103
1.000000 7.969558 0.697246 34.564103
2.387239 11.633087 3.936888 68.833662
1.000000 7.969558 0.697246 34.564103
1.000000 7.969558 0.697246 34.564103
1.000000 7.969558 0.697246 34.564103
1.000000 7.969558 0.697246 34.564103
1.000000 7.969558 0.697246 34.564103
1.000000 7.969558 0.697246 34.564103
1.000000 7.969558 0.697246 34.564103
1.000000 7.969558 0.697246 34.564103
1.000000 7.969558 0.697246 34.564103
4.065928 11.282503 0.137499 108.251531
6.313735 6.033030 -0.055429 177.712207
4.762043 7.839608 1.454224 128.965626
3.911092 11.313085 3.558816 104.819741
6.275027 8.231617 9.043149 175.551788
6.278537 5.237086 7.997398 178.092382
6.148112 7.717406 9.799319 172.991674
5.391549 10.463145 8.997451 147.841536
1.000000 7.969558 0.697246 34.564103
2.221226 10.356767 1.784566 62.730421
1.447470 9.598372 1.761253 45.063850
3.215315 13.423754 8.767776 98.243216
2.273404 10.238531 4.885568 69.306692
2.582844 11.635629 6.308312 79.325276
1.000000 7.969558 0.697246 34.564103
1.000000 7.969558 0.697246 34.564103
0.885784 4.138871 1.785409 25.696553
1.000000 7.969558 0.697246 34.564103
1.000000 7.969558 0.697246 34.564103
1.000000 7.969558 0.697246 34.564103
1.000000 7.969558 0.697246 34.564103
1.000000 7.969558 0.697246 34.564103
1.000000 7.969558 0.697246 34.564103
1.000000 7.969558 0.697246 34.564103
1.000000 7.969558 0.697246 34.564103
1.000000 7.969558 0.697246 34.564103
1.000000 7.969558 0.697246 34.564103
1.000000 7.969558 0.697246 34.564103
1.000000 7.969558 0.697246 34.564103
1.000000 7.969558 0.697246 34.564103
1.000000 7.969558 0.697246 34.564103
1.000000 7.969558 0.697246 34.564103
1.000000 7.969558 0.697246 34.564103
1.000000 7.969558 0.697246 34.564103
1.000000 7.969558 0.697246 34.564103
1.000000 7.969558 0.697246 34.564103
1.000000 7.969558 0.697246 34.564103
1.000000 7.969558 0.697246 34.564103
1.000000 7.969558 0.697246 34.564103
1.000000 7.969558 0.697246 34.564103
1.000000 7.969558 0.697246 34.564103
1.000000 7.969558 0.697246 34.564103
1.000000 7.969558 0.697246 34.564103
1.000000 7.969558 0.697246 34.564103
1.000000 7.969558 0.697246 34.564103
1.000000 7.969558 0.697246 34.564103
1.000000 7.969558 0.697246 34.564103
1.000000 7.969558 0.697246 34.564103
1.000000 7.969558 0.697246 34.564103
1.551970 11.482710 2.400794 52.435093
1.000000 7.969558 0.697246 34.564103
1.000000 7.969558 0.697246 34.564103
1.000000 7.969558 0.697246 34.564103
1.000000 7.969558 0.697246 34.564103
1.000000 7.969558 0.697246 34.564103
1.000000 7.969558 0.697246 34.564103
1.000000 7.969558 0.697246 34.564103
1.000000 7.969558 0.697246 34.564103
1.000000 7.969558 0.697246 34.564103
1.000000 7.969558 0.697246 34.564103
1.000000 7.969558 0.697246 34.564103
1.000000 7.969558 0.697246 34.564103
1.565788 11.407121 2.549627 52.673080
1.361563 10.434963 1.679548 46.413507
1.253538 9.692959 1.378462 42.838922
1.000000 7.969558 0.697246 34.564103
1.000000 7.969558 0.697246 34.564103
1.000000 7.969558 0.697246 34.564103
1.556007 11.232799 2.507876 52.089326
1.556008 11.232799 2.507876 52.089326
1.000000 7.969558 0.697246 34.564103
1.000000 7.969558 0.697246 34.564103
1.000000 7.969558 0.697246 34.564103
1.000000 7.969558 0.697246 34.564103
1.000000 7.969558 0.697246 34.564103
1.000000 7.969558 0.697246 34.564103
0.099212 0.408787 -0.268017 2.551852
0.060126 0.261932 -0.184555 1.582810
0.136615 0.684909 -0.318728 3.771685
0.154103 0.790392 -0.360127 4.298499
0.009158 0.038602 -0.039307 0.223445
1.142133 8.993073 1.031415 39.304242
1.000000 7.969558 0.697246 34.564103
1.172598 9.176878 1.133952 40.255639
1.172598 9.176878 1.133952 40.255640
0.089508 0.470467 -0.180226 2.371497
0.124888 0.634399 -0.268975 3.356093
0.579110 3.234414 -0.119865 17.708153
0.716378 3.862316 0.083205 21.697496
0.481471 2.590036 -0.162925 14.298592
0.173968 0.923972 -0.229520 4.791542
0.134506 0.740988 -0.081401 3.604405
0.058438 0.336700 -0.091253 1.572765
0.424313 2.316157 -0.283755 12.661663
0.215819 1.126968 -0.323382 6.006870
0.205073 1.077067 -0.325380 5.743638
0.156482 0.778333 -0.286372 4.162637
0.066753 0.314266 -0.214304 1.817238
0.530423 2.846854 0.709244 15.970485
0.078352 0.496668 0.012043 2.216870
0.561694 2.967496 0.178394 16.682648
0.056995 0.329142 -0.089479 1.535106
1.093537 6.111275 1.292160 34.135791
1.954532 10.261446 4.376020 61.107865
2.634878 15.464886 6.830657 84.223552
2.784644 15.269507 7.380110 87.115478
1.861511 9.349784 3.683819 57.442367
1.452807 7.744809 2.340861 45.314362
2.722269 12.862676 7.071043 83.641829
1.460127 10.372163 2.158208 48.017342
3.216482 15.476227 9.075076 98.748133
1.465290 10.354802 2.147748 47.968680
3.680954 13.782166 10.273564 111.000386
2.625425 14.459138 6.280464 80.433911
2.006244 12.659497 4.189900 63.921831
3.506668 14.564045 8.888901 103.519718
3.146249 12.891559 8.491507 96.521494
3.373551 14.606577 9.282942 102.106676
1.417144 7.051429 2.077666 43.425540
1.611063 8.098002 2.618839 49.672726
1.610737 8.108661 2.646489 49.558350
2.582844 11.635629 6.308312 79.325276
2.158639 9.468838 4.670492 66.212901
0.228279 1.202318 -0.379823 6.470742
0.201767 1.055313 -0.217139 5.474103
0.102671 0.530157 -0.198536 2.705111
0.471644 2.756841 -0.283121 14.702328
0.891331 5.062271 0.585328 27.838479
0.462948 2.642223 -0.297882 14.270086
0.624200 3.586235 -0.044022 19.379475
0.735484 4.178828 0.166019 22.733465
0.886123 4.907357 0.550818 27.539419
0.715221 3.872513 0.103273 21.623501
0.362947 2.012096 -0.343692 10.942395
0.142271 0.776737 -0.074920 3.782244
0.381473 1.184937 -0.092142 9.661834
0.176611 0.666464 -0.166510 4.430399
0.447075 1.423112 0.218297 11.740398
0.167053 0.681964 0.497244 4.508688
0.271418 1.545328 -0.418267 8.285078
0.246273 1.265895 -0.403979 7.094322
0.335108 1.313014 -0.089085 8.912323
0.504565 1.822129 0.168180 13.615621
0.375221 1.381881 -0.053074 9.854875
0.485785 1.724914 0.232437 13.022618
0.508645 1.930321 0.223501 13.853112
0.331849 1.554567 0.628985 9.445511
0.554462 2.540528 0.208632 15.875924
1.565435 11.418147 2.551829 52.724143
0.592699 3.684854 0.308338 18.643095
0.597021 3.736541 0.320741 18.816851
0.722186 4.610750 0.607360 23.162191
1.414101 9.108538 2.559720 45.976863
1.414101 9.108538 2.559720 45.976863
0.756273 4.992661 0.799256 24.467688
1.196529 8.271702 1.836344 39.552764
0.863651 5.731925 1.036697 28.052264
0.016192 0.065170 -0.059362 0.382837
0.054097 0.157367 -0.148540 1.288281
0.068907 0.303714 -0.213235 1.809949
0.229427 0.915696 0.507246 6.219719
0.155780 0.796848 -0.360267 4.335314
0.142178 0.714017 -0.341406 3.940638
0.161628 0.834086 -0.388137 4.559837
0.539620 2.711290 0.070073 15.794452
0.511736 2.345800 0.113925 14.632730
0.526628 2.323156 0.103594 14.920527
0.464952 2.241403 0.424456 13.359774
0.561685 2.650944 0.202136 16.221167
0.530418 3.125436 0.531709 16.444488
0.552459 2.793297 0.224173 16.273215
0.763662 3.822499 0.599920 22.226942
0.427642 2.345119 -0.080128 12.886897
1.407258 7.000836 2.071578 43.217306
2.075255 9.275325 4.471839 64.084588
1.477292 6.861021 2.097633 44.125162
1.302882 6.353656 1.687092 39.595079
0.441205 2.536502 -0.318222 13.676515
1.843461 9.259052 3.602450 57.275079
0.620995 3.575353 -0.043364 19.323045
0.880133 4.883772 0.540083 27.384433
0.582941 3.238750 -0.127701 17.797701
0.472801 2.760856 -0.283216 14.720877
4.327270 12.268954 11.630738 127.126053
3.629547 13.346051 10.178273 109.433779
4.092656 14.402182 12.076331 122.869215
0.149042 0.874986 0.020137 4.118542
0.809221 4.266059 0.251756 24.251062
0.572606 3.009346 0.165136 16.943174
0.403923 2.220191 -0.253526 12.153379
3.335594 9.957358 8.047954 98.637777
2.794638 9.641226 6.868309 84.430512
1.392224 6.532592 2.006089 42.251072
3.208544 11.404248 8.170419 95.882171
3.070319 12.005097 5.127826 83.666835
4.534459 14.396899 12.300106 131.838249
2.516531 12.817587 5.461036 75.606902
0.238479 1.286932 -0.417213 6.936796
0.371032 2.061024 -0.357583 11.167033
0.159999 0.823880 -0.382443 4.506644
0.222232 1.206189 -0.427049 6.507260
0.163307 0.842658 -0.385028 4.596610
0.223167 1.178545 -0.380446 6.344497
0.145492 0.729480 -0.281408 3.911697
0.159101 0.797322 -0.335974 4.341249
0.124888 0.634399 -0.268975 3.356093
0.231454 0.976410 0.531468 6.361210
0.300643 0.881266 -0.005902 7.466996
0.257814 1.006748 -0.257587 6.640709
0.099824 0.447381 -0.276325 2.648371
0.109199 0.433671 0.135578 2.627959
0.345044 1.961373 -0.406491 10.538174
0.331464 1.860885 -0.390262 10.057940
0.301703 1.720416 -0.428260 9.245303
0.193876 1.044544 -0.419138 5.668495
0.301703 1.720416 -0.428260 9.245303
0.205883 1.138016 -0.432519 6.155687
0.137318 0.688140 -0.337596 3.813822
0.375094 1.586773 -0.175632 10.185886
0.146411 0.743329 -0.363247 4.101512
0.423858 1.671588 0.382554 11.519053
0.335535 1.965005 -0.414934 10.430679
1.449883 10.062775 2.475351 48.088563
1.562486 11.375829 2.543793 52.548365
1.525953 11.208259 2.370637 51.378020
0.580694 3.120259 0.232233 17.428842
0.575161 3.223728 0.293780 17.505092
0.577213 3.404275 0.267163 17.846681
0.569088 3.567999 0.194389 17.945972
0.760743 4.846494 0.694384 24.357905
0.569058 3.560464 0.174738 17.987212
0.564879 3.144726 0.181134 17.129410
0.569599 3.562355 0.175687 18.000335
0.557182 3.052334 0.082545 16.760898
0.543731 3.321495 0.074147 17.040136
0.535735 3.300243 0.061746 16.861893
0.555881 2.655690 0.197998 16.105282
0.551931 2.843458 0.229446 16.343480
0.550848 3.120332 0.115985 16.790812
0.901897 5.594914 1.017215 28.886816
0.915567 5.362277 0.928182 28.521333
0.742084 4.468181 0.503884 23.325975
1.420842 8.416488 2.584778 45.322287
0.452519 1.989282 0.437235 12.636797
0.549938 2.493275 0.275378 15.622267
0.456929 2.443384 0.576539 13.599380
0.403812 2.286820 0.656730 12.339819
0.517880 3.099206 0.576899 16.298300
0.540670 2.538721 0.267229 15.533800
0.504781 2.077208 0.076348 13.987324
0.415046 2.346640 -0.220071 12.547309
0.431848 1.705580 -0.080942 11.633658
0.491868 2.202528 0.026552 13.985445
0.363499 1.772611 -0.266786 10.410813
0.551634 3.085873 0.202152 16.740969
0.527479 3.170360 0.493306 16.435682
0.514177 3.086443 0.552068 16.092278
0.681506 4.240714 0.312928 21.763568
0.740046 5.020839 0.121487 24.020302
0.694522 4.605074 0.142348 22.389275
0.875021 6.018900 0.037269 28.544698
1.088532 7.634081 -0.239306 35.914970
0.530240 3.101457 0.293013 16.322635
0.554605 3.175666 0.182952 16.958960
0.527587 2.976313 0.212405 16.059225
0.526572 2.919896 0.235824 15.951773
0.668628 4.368587 0.146564 21.461672
0.217504 1.176857 -0.417513 6.361417
0.335535 1.965005 -0.414934 10.430679
0.356824 2.115809 -0.409468 11.118523
1.182568 6.427813 1.361463 36.728576
1.174711 6.405362 1.329111 36.722445
0.733531 4.172591 0.160874 22.722144
0.567616 3.304374 -0.139107 17.649725
0.892329 5.063579 0.590605 27.832464
0.911694 5.032426 0.559828 28.035419
0.923504 5.707230 1.068939 29.504934
0.742084 4.468181 0.503884 23.325975
0.896033 5.198315 0.829706 28.088194
0.659035 3.871600 0.101700 20.464891
0.483298 2.885734 -0.129497 14.976187
0.588442 3.590852 0.264750 18.382489
0.573955 3.174361 0.293179 17.387093
0.592987 3.584379 0.361439 18.471455
2.394200 12.094319 5.979134 74.385625
2.399874 13.993335 5.977261 76.789176
1.420842 8.416488 2.584778 45.322287
1.825249 12.323284 3.550972 59.951434
1.000000 7.969558 0.697246 34.564103
1.825249 12.323284 3.550972 59.951434
0.920776 5.774153 1.103331 29.393879
1.585109 11.002083 2.837436 52.573409
1.000000 7.969558 0.697246 34.564103
2.341036 11.499252 5.669719 72.538526
2.763335 14.958617 7.259602 86.310459
3.177297 15.316366 8.910691 97.696548
3.305795 14.707382 9.098361 99.985851
2.273886 10.248547 4.902713 69.242541
1.965353 10.475332 4.484688 61.585399
1.460165 7.782478 2.395701 45.294595
2.499879 14.490268 6.334958 79.693710
1.537935 8.561870 3.009935 48.614861
1.699592 9.836711 3.491256 53.902777
1.100085 6.169647 1.370194 34.145424
0.567656 3.304286 -0.140826 17.658571
0.483298 2.885734 -0.129497 14.976187
0.540295 3.226415 -0.113610 16.906878
0.559939 3.342479 -0.084410 17.501118
0.652148 3.843979 0.048086 20.463519
0.505759 2.996307 -0.224683 15.912186
0.435398 2.284747 -0.311796 12.874303
0.370853 2.112742 -0.364004 11.332345
0.353691 1.778558 -0.257042 10.247510
0.416749 2.336614 -0.230864 12.581642
1.672755 10.677611 3.342057 54.258818
1.000000 7.969558 0.697246 34.564103
1.000000 7.969558 0.697246 34.564103
1.000000 7.969558 0.697246 34.564103
1.000000 7.969558 0.697246 34.564103
1.000000 7.969558 0.697246 34.564103
1.000000 7.969558 0.697246 34.564103
1.000000 7.969558 0.697246 34.564103
1.000000 7.969558 0.697246 34.564103
1.000000 7.969558 0.697246 34.564103
0.529618 2.707879 0.416170 15.540620
0.250325 1.272313 -0.412551 7.179418
0.448727 2.479668 0.555900 13.534885
1.561128 10.971592 -0.967628 51.633125
1.677364 12.460255 -0.681550 56.362407
1.561128 10.971592 -0.967628 51.633125
1.677359 12.022124 -1.056898 55.825903
1.496020 10.699819 -0.777796 49.720596
0.554605 3.175666 0.182952 16.958960
0.514212 3.036783 0.168123 15.880089
0.501309 2.990917 0.257810 15.523319
0.761963 4.900948 0.141526 24.578651
0.856757 5.728843 0.023791 27.875610
0.520453 2.772603 0.397551 15.504416
0.525628 3.080419 0.430852 16.199053
0.572367 2.896240 0.259355 16.816435
0.668735 3.843507 0.477378 20.804436
1.860593 10.639173 -2.198490 58.565230
1.278431 7.210763 -0.610492 39.850643
2.221901 12.368959 -3.210914 69.407882
1.473737 9.372922 -1.192740 47.454320
1.072402 6.486673 -0.246468 33.950488
2.174032 14.226449 -2.478533 70.126047
1.304191 7.384432 -0.674031 40.362682
1.528903 10.384776 -1.074085 49.980644
2.034944 12.743406 -2.553521 65.449056
1.996014 12.238155 -2.462057 63.720074
2.135358 14.578501 -2.245704 70.040533
1.000000 7.969558 0.697246 34.564103
1.055506 8.362057 0.620724 36.315222
1.085977 8.509068 0.556707 37.068388
1.085977 8.509068 0.556707 37.068388
2.103331 14.626575 -1.998831 69.158919
1.099177 7.099897 -0.425417 35.550969
1.520742 10.334130 -1.058963 49.737448
0.856757 5.728843 0.023791 27.875610
1.650522 12.026810 -0.785654 55.034708
0.561664 2.894747 0.249296 16.608773
0.529132 3.089264 0.439226 16.284993
0.568279 3.167453 0.316814 17.188711
0.594511 3.761848 0.301154 18.971635
0.653692 4.309293 0.237163 21.152019
0.555595 3.143040 0.292193 16.905976
0.761963 4.900948 0.141526 24.578651
0.594511 3.761848 0.301154 18.971635
0.934994 6.348669 -0.040794 30.453767
1.478828 10.073676 -0.983725 48.479854
0.878064 6.041297 0.034189 28.641440
0.577690 3.518889 0.256157 18.097871
0.652312 4.288021 0.237032 21.079988
0.587556 3.674175 0.238383 18.594376
0.533984 2.849540 0.214667 15.975082
0.589505 3.609823 0.211398 18.481299
0.589505 3.609823 0.211398 18.481299
0.711233 4.268961 0.366851 22.433629
0.748420 4.636727 0.232823 23.807469
0.507379 3.011745 0.578504 15.905899
0.618943 3.908006 0.509860 19.638818
0.605887 3.866859 0.494254 19.288293
0.816455 5.526408 0.930154 26.654877
1.261895 8.836526 1.981015 41.895199
0.564390 3.075997 0.229173 16.965196
0.580663 3.426608 0.281990 17.958957
0.516401 2.768193 0.393860 15.422518
0.563499 2.882127 0.239154 16.639177
0.547940 2.746467 0.101785 16.034451
0.551187 2.779784 0.220582 16.230190
0.574729 3.169266 0.166117 17.361291
1.200812 8.299838 1.847357 39.686619
0.375660 1.165428 0.358124 9.740169
0.267763 1.081047 0.528723 7.193937
0.330755 1.633114 0.728696 9.523525
0.329118 1.537947 0.653154 9.498444
0.478151 2.226004 0.427105 13.568791
0.516617 2.085447 0.359011 14.198832
0.371717 1.972909 0.692660 11.040657
0.387767 2.071328 0.768460 11.647357
0.406273 2.275287 0.675395 12.393044
0.380952 2.080798 0.733854 11.501466
0.456737 2.584904 0.673602 14.003131
0.312520 1.466235 0.736157 8.827251
0.324788 1.619629 0.739618 9.377489
0.326702 1.033288 0.646697 8.420406
0.303610 1.458233 0.674692 8.747809
0.331066 1.271334 0.372775 8.898925
0.295999 1.395519 0.648417 8.524463
0.358628 1.556976 0.760829 9.935616
0.271667 1.315252 0.735428 7.835661
0.338994 1.540608 0.718164 9.525550
0.417231 2.131087 0.792220 12.294430
0.362316 1.672154 0.662628 10.327126
0.516595 2.903226 0.667129 15.813314
0.383881 2.083762 0.753007 11.604998
0.335461 1.728526 0.704038 9.864123
0.329023 1.697447 0.728012 9.686893
0.538372 2.994545 0.687895 16.484577
0.390356 2.123067 0.754363 11.800067
0.384762 1.998144 0.774962 11.357313
0.330486 1.631407 0.728451 9.517072
0.343489 1.545471 0.647577 9.664652
0.321520 1.532689 0.660954 9.248534
0.524993 2.862226 0.712064 15.998337
0.323126 1.513022 0.660058 9.269548
0.582740 3.630963 0.441320 18.380079
0.756848 4.996546 0.800623 24.485702
1.449883 10.062775 2.475351 48.088563
0.958811 6.366403 1.265258 31.189736
1.583913 10.976811 2.829879 52.475297
1.347685 10.196973 1.735540 45.779568
1.347685 10.196973 1.735540 45.779568
1.218681 9.465118 1.285519 41.757913
1.000000 7.969558 0.697246 34.564103
0.592987 3.584379 0.361439 18.471455
0.684045 4.404993 0.625404 21.907976
0.745139 4.752809 0.657975 23.880624
0.537511 3.223536 -0.058186 16.699539
0.863651 5.731925 1.036697 28.052264
0.930973 6.098949 1.180923 30.224208
0.683409 4.397454 0.622841 21.888974
0.930973 6.098949 1.180923 30.224208
0.522838 2.963086 0.219163 15.943706
0.554877 3.288525 0.333537 17.168098
0.532282 2.928643 0.226837 16.081550
0.560190 3.225898 0.179028 17.165305
0.538763 2.936898 0.241902 16.233093
0.567482 3.164001 0.301430 17.247581
0.546054 2.864439 0.243035 16.257467
0.549297 3.038472 0.198200 16.604669
0.552889 2.853519 0.229886 16.377862
0.555391 2.871320 0.228886 16.457927
0.618947 3.910582 0.511137 19.641635
0.560153 3.296082 0.323223 17.282909
0.525258 3.122776 0.314434 16.260139
0.581569 3.591413 0.125454 18.240478
1.205854 8.551580 -0.372417 39.940242
0.807336 5.446498 0.091665 26.255643
1.130946 7.924732 -0.299153 37.256216
1.608717 11.287513 -1.050240 53.117991
1.130946 7.924732 -0.299153 37.256216
1.384561 9.934921 -0.598006 46.075761
0.931494 6.533635 -0.051004 30.672865
1.205854 8.551580 -0.372417 39.940242
0.758285 5.179353 0.056324 24.688231
0.694693 4.608697 0.142497 22.399607
0.631013 4.078274 0.114462 20.107799
0.931494 6.533635 -0.051004 30.672865
0.631013 4.078274 0.114462 20.107799
0.583269 3.607333 0.123065 18.300980
0.807336 5.446498 0.091665 26.255643
1.496020 10.699819 -0.777796 49.720596
1.056960 8.377339 0.633969 36.359989
1.016629 8.096687 0.685164 35.116344
1.000000 7.969558 0.697246 34.564103
1.150153 9.073489 0.536666 39.434029
1.715963 12.793797 -0.725512 57.785640
1.567259 11.509037 -0.679431 52.525871
1.530169 11.020591 -0.804189 51.010528
1.140497 8.978721 0.530583 39.031735
1.692984 12.547202 -0.720967 56.813827
1.432810 11.060883 0.030204 48.727788
1.051164 8.346732 0.648282 36.216082
1.000000 7.969558 0.697246 34.564103
1.114995 7.954640 -0.239657 36.983609
0.073959 0.326692 0.255788 1.972619
0.126179 0.499269 0.360237 3.253792
0.753286 3.967118 0.522023 22.537138
0.544566 3.370801 0.142326 17.081065
0.517933 3.053242 0.162559 15.980296
0.740046 5.020839 0.121487 24.020302
5.762542 6.903820 -8.475890 166.474770
3.099904 16.205860 -6.193240 96.838054
1.247665 9.447525 0.226263 41.679063
2.935002 16.728290 -5.306822 92.132595
1.247780 9.560392 0.263419 41.969980
1.000000 7.969558 0.697246 34.564103
1.000000 7.969558 0.697246 34.564103
2.174032 14.226449 -2.478533 70.126047
1.000000 7.969558 0.697246 34.564103
0.750355 4.624140 0.266346 23.926368
0.806760 4.942063 0.200635 25.592310
0.714543 4.285523 0.363674 22.522577
0.843467 5.006658 0.184748 26.446043
0.562316 3.282494 0.548911 17.478888
1.201387 7.206152 -0.489979 37.884029
1.099177 7.099897 -0.425417 35.550969
1.473737 9.372922 -1.192740 47.454320
1.940392 13.305028 -1.795660 63.576724
1.666140 11.726026 -0.864331 54.084680
1.071495 6.491865 -0.256943 33.908729
0.838502 4.961308 0.203087 26.381643
1.791243 10.338106 -2.045857 56.698289
1.060994 6.161634 -0.181494 33.171170
1.060994 6.161634 -0.181494 33.171170
0.314335 1.544563 0.738850 9.025006
2.838780 16.234741 -5.005461 89.369594
0.373096 1.843645 0.690810 10.744268
0.458446 1.728019 0.349904 12.348042
0.338277 1.701064 0.709626 9.849134
0.669209 3.859628 0.460280 20.756271
0.368111 1.967000 0.682097 10.953545
0.561224 3.263941 0.562796 17.497567
0.500405 2.935653 0.592624 15.633635
1.000000 7.969558 0.697246 34.564103
1.000000 7.969558 0.697246 34.564103
1.000000 7.969558 0.697246 34.564103
1.000000 7.969558 0.697246 34.564103
1.000000 7.969558 0.697246 34.564103
1.000000 7.969558 0.697246 34.564103
1.000000 7.969558 0.697246 34.564103
1.000000 7.969558 0.697246 34.564103
1.000000 7.969558 0.697246 34.564103
1.000000 7.969558 0.697246 34.564103
1.000000 7.969558 0.697246 34.564103
1.000000 7.969558 0.697246 34.564103
1.000000 7.969558 0.697246 34.564103
1.000000 7.969558 0.697246 34.564103
1.000000 7.969558 0.697246 34.564103
1.000000 7.969558 0.697246 34.564103
2.906430 10.967783 -1.193125 81.098116
1.729295 10.241723 -0.647623 51.758887
1.000000 7.969558 0.697246 34.564103
1.000000 7.969558 0.697246 34.564103
1.000000 7.969558 0.697246 34.564103
1.000000 7.969558 0.697246 34.564103
1.000000 7.969558 0.697246 34.564103
1.384561 9.934921 -0.598006 46.075761
1.709482 12.818339 -0.658484 57.701434
1.000000 7.969558 0.697246 34.564103
1.015746 8.088801 0.684289 35.082590
1.000000 7.969558 0.697246 34.564103
1.000000 7.969558 0.697246 34.564103
1.000000 7.969558 0.697246 34.564103
1.000000 7.969558 0.697246 34.564103
1.000000 7.969558 0.697246 34.564103
1.000000 7.969558 0.697246 34.564103
1.000000 7.969558 0.697246 34.564103
1.000000 7.969558 0.697246 34.564103
1.000000 7.969558 0.697246 34.564103
1.000000 7.969558 0.697246 34.564103
1.000000 7.969558 0.697246 34.564103
1.000000 7.969558 0.697246 34.564103
1.000000 7.969558 0.697246 34.564103
1.000000 7.969558 0.697246 34.564103
1.000000 7.969558 0.697246 34.564103
1.000000 7.969558 0.697246 34.564103
1.000000 7.969558 0.697246 34.564103
1.000000 7.969558 0.697246 34.564103
1.000000 7.969558 0.697246 34.564103
4.486448 14.569927 -8.292511 126.969054
2.624665 14.608113 -3.796619 80.050160
2.404085 10.555829 -3.775129 72.800444
3.391277 16.303518 -6.063458 101.000709
3.041720 16.508466 -5.672241 93.770936
2.673604 9.338290 -5.169425 81.589846
0.813992 3.486718 -0.745564 22.153288
2.862164 8.434204 -6.228656 87.216346
1.000000 7.969558 0.697246 34.564103
1.000000 7.969558 0.697246 34.564103
1.000000 7.969558 0.697246 34.564103
1.000000 7.969558 0.697246 34.564103
1.686059 11.559747 -0.819951 53.706293
3.343281 17.140092 -6.964478 103.554791
3.242476 14.840879 -6.233203 99.310902
4.210286 10.282516 -8.772263 123.722834
1.270524 9.555870 0.202019 42.222122
4.043679 14.923064 -8.469845 118.400028
2.128535 11.881846 -2.168015 63.627009
5.344707 9.844877 -9.074111 152.986892
3.395165 9.813271 -6.182694 100.744098
5.022970 8.280196 -9.733101 147.360353
1.000000 7.969558 0.697246 34.564103
1.056963 8.376684 0.621159 36.379174
1.940392 13.305028 -1.795660 63.576724
2.191596 14.667610 -2.471848 71.422817
1.000000 7.969558 0.697246 34.564103
1.000000 7.969558 0.697246 34.564103
1.000000 7.969558 0.697246 34.564103
1.013502 8.071899 0.688281 35.004588
1.000000 7.969558 0.697246 34.564103
1.000000 7.969558 0.697246 34.564103
1.715963 12.793797 -0.725512 57.785640
1.013213 8.069100 0.688133 34.991927
1.001159 7.978490 0.696736 34.602320
1.000000 7.969558 0.697246 34.564103
1.000000 7.969558 0.697246 34.564103
1.000000 7.969558 0.697246 34.564103
1.000000 7.969558 0.697246 34.564103
1.000000 7.969558 0.697246 34.564103
1.000000 7.969558 0.697246 34.564103
1.000000 7.969558 0.697246 34.564103
1.000000 7.969558 0.697246 34.564103
1.000000 7.969558 0.697246 34.564103
1.000000 7.969558 0.697246 34.564103
1.000000 7.969558 0.697246 34.564103
1.000000 7.969558 0.697246 34.564103
1.000000 7.969558 0.697246 34.564103
1.000000 7.969558 0.697246 34.564103
1.000000 7.969558 0.697246 34.564103
1.000000 7.969558 0.697246 34.564103
1.000000 7.969558 0.697246 34.564103
1.000000 7.969558 0.697246 34.564103
1.000000 7.969558 0.697246 34.564103
1.000000 7.969558 0.697246 34.564103
1.000000 7.969558 0.697246 34.564103
1.000000 7.969558 0.697246 34.564103
1.000000 7.969558 0.697246 34.564103
1.000000 7.969558 0.697246 34.564103
1.000000 7.969558 0.697246 34.564103
1.000000 7.969558 0.697246 34.564103
1.000000 7.969558 0.697246 34.564103
1.000000 7.969558 0.697246 34.564103
1.000000 7.969558 0.697246 34.564103
1.000000 7.969558 0.697246 34.564103
1.000000 7.969558 0.697246 34.564103
1.000000 7.969558 0.697246 34.564103
1.000000 7.969558 0.697246 34.564103
1.000000 7.969558 0.697246 34.564103
1.000000 7.969558 0.697246 34.564103
1.000000 7.969558 0.697246 34.564103
1.000000 7.969558 0.697246 34.564103
1.000000 7.969558 0.697246 34.564103
1.000000 7.969558 0.697246 34.564103
1.000000 7.969558 0.697246 34.564103
0.139666 0.694472 0.324315 3.787312
0.515384 2.553950 -0.125488 14.701774
1.483810 6.333949 -1.182151 43.623806
2.475124 9.705525 -4.491827 75.667025
1.536505 6.833714 -1.230307 45.538642
0.204255 1.092583 0.191298 5.600037
0.819994 3.875574 0.231652 23.736511
0.785202 3.778381 0.286726 22.888055
0.112457 0.605189 0.230985 3.101053
0.460853 2.291132 0.691316 13.393120
2.996099 10.471219 -5.517610 89.405195
0.910355 4.509139 0.199800 27.070124
1.447465 6.617032 -1.090577 43.321831
0.976926 4.789324 0.219733 28.775200
0.153330 0.715065 0.370877 4.113317
0.460853 2.291132 0.691316 13.393121
0.236092 1.099788 0.652745 6.704125
0.290342 1.405508 0.738226 8.400911
0.272013 1.342155 0.702955 8.008893
0.429430 2.168269 0.795396 12.638420
0.409659 2.114420 0.788645 12.068852
0.300606 1.427918 0.733587 8.544006
0.432573 2.225206 0.788262 12.680267
0.450982 2.284796 0.791811 13.168266
0.850292 4.376103 0.387583 25.368983
0.743466 3.316098 -0.787557 20.536012
0.101442 0.510238 0.277020 2.781695
0.531453 2.652164 0.779797 15.417401
0.225572 1.157052 0.248680 6.098416
0.813442 4.147964 0.449725 24.384627
4.260793 14.018202 -9.016390 125.430487
0.656115 3.525496 0.605662 19.815948
0.657111 3.521157 0.617088 19.874145
1.431980 7.022789 -0.881593 43.152331
2.326486 11.332088 -3.224423 71.402154
2.132376 11.230357 -2.930629 66.161238
3.816008 11.634486 -8.340686 113.042908
3.644091 14.394227 -7.975241 110.216987
1.634073 7.445616 -1.167510 48.496757
2.818770 10.940833 -4.560114 84.135010
3.647217 13.259137 -7.648588 109.342717
3.088380 13.184806 -6.333774 94.973174
1.387684 6.681463 -0.673983 41.883977
2.333410 9.977751 -3.474131 71.183038
2.014909 9.500207 -2.769888 62.177529
2.082071 11.050346 -2.808380 64.840628
0.332219 1.585135 0.668194 9.582203
0.323994 1.578069 0.734948 9.269999
0.367243 1.642741 0.666888 10.487444
0.464305 1.983404 0.720432 12.806383
0.532224 2.894882 0.709611 16.186166
0.391207 2.088841 0.768645 11.740332
0.409939 2.126557 0.775547 12.052767
1.245563 6.353086 -0.500171 38.067298
0.458636 2.586669 0.692327 14.101078
0.517267 2.890688 0.697536 15.908303
1.351399 6.972350 -0.595370 41.001034
1.138082 6.069559 -0.179641 34.960120
1.126497 6.054043 -0.205670 34.634603
0.798437 4.454450 0.388129 24.712725
0.721305 3.804831 0.533694 21.815646
0.758965 4.271545 0.430028 23.634782
0.761672 4.326891 0.371355 23.523050
0.236092 1.099788 0.652745 6.704125
1.000000 7.969558 0.697246 34.564103
