1.000000 8.000000 0.000000 34.564103
1.000000 8.000000 0.000000 34.564103
1.000000 8.000000 0.000000 34.564103
1.000000 8.000000 0.000000 34.564103
1.000000 8.000000 -0.000000 34.564103
2.185233 12.949525 -3.298395 66.763682
3.613311 15.206999 -8.630136 109.014916
3.328920 16.166505 -8.486876 103.993519
3.007818 12.707989 -6.423702 91.191794
1.700609 8.507330 -2.351092 52.931507
1.191527 5.383981 -1.054608 35.431411
2.094251 12.312117 -2.785452 63.376255
1.000000 8.000000 -0.000000 34.564103
2.218045 12.220446 -3.055148 65.758808
1.318283 9.494845 -0.754485 42.797635
2.889469 11.880978 -4.662598 81.436105
3.892172 15.625984 -8.762695 113.426295
3.238056 13.210283 -4.774014 90.757855
1.000000 8.000000 -0.000000 34.564103
1.000000 8.000000 -0.000000 34.564103
1.000000 8.000000 -0.000000 34.564103
1.000000 8.000000 -0.000000 34.564103
1.000000 8.000000 -0.000000 34.564103
1.000000 8.000000 -0.000000 34.564103
1.000000 8.000000 -0.000000 34.564103
1.000000 8.000000 -0.000000 34.564103
1.000000 8.000000 0.000000 34.564103
1.000000 8.000000 0.000000 34.564103
1.000000 8.000000 0.000000 34.564103
1.000000 8.000000 -0.000000 34.564103
1.044592 8.329804 -0.068256 36.021726
1.000000 8.000000 -0.000000 34.564103
1.796803 12.368218 -2.477335 59.120910
1.000000 8.000000 -0.000000 34.564103
1.000000 8.000000 0.000000 34.564103
1.000000 8.000000 -0.000000 34.564103
1.947564 13.165692 -2.894408 63.463742
1.000000 8.000000 -0.000000 34.564103
5.159239 7.476012 -10.084733 149.533460
5.687667 8.405301 -9.614374 163.861573
4.679908 11.151691 -10.531152 135.081235
4.992699 9.085270 -10.214438 145.243780
5.322752 10.722984 -10.508958 152.070154
1.000000 8.000000 0.000000 34.564103
5.830141 6.739378 -7.652104 165.964962
1.000000 8.000000 -0.000000 34.564103
1.000000 8.000000 -0.000000 34.564103
1.000000 8.000000 0.000000 34.564103
1.000000 8.000000 -0.000000 34.564103
1.000000 8.000000 -0.000000 34.564103
1.000000 8.000000 -0.000000 34.564103
1.000000 8.000000 0.000000 34.564103
1.791573 10.296732 -0.779803 52.314819
6.340511 4.399977 -7.450077 182.711674
5.893952 6.491316 -6.901710 167.227338
5.983732 5.399050 -8.368277 171.739652
6.742895 3.144696 -4.928241 194.603183
6.450982 4.698002 -3.342346 182.402062
6.176442 5.205499 -5.927304 174.810651
5.037089 8.841109 -6.255590 141.305047
1.000000 8.000000 -0.000000 34.564103
1.000000 8.000000 -0.000000 34.564103
1.000000 8.000000 -0.000000 34.564103
5.830865 5.987260 -9.087845 168.157951
5.367962 9.319719 -8.706735 152.285794
3.755216 11.962081 -2.880146 102.270550
4.933340 11.381900 -7.785335 136.507642
4.338283 10.812007 -9.442319 126.602299
5.691691 9.064554 -7.671066 161.890460
4.422194 11.864259 -8.818648 124.893280
6.346330 3.913289 -6.375514 181.256474
6.609969 3.071900 -3.421223 188.450966
1.000000 8.000000 -0.000000 34.564103
1.000000 8.000000 -0.000000 34.564103
1.000000 8.000000 -0.000000 34.564103
1.000000 8.000000 0.000000 34.564103
1.000000 8.000000 0.000000 34.564103
1.000000 8.000000 0.000000 34.564103
1.000000 8.000000 0.000000 34.564103
1.000000 8.000000 0.000000 34.564103
1.000000 8.000000 0.000000 34.564103
1.000000 8.000000 0.000000 34.564103
6.236619 5.793362 -4.711062 175.278774
6.798921 2.281527 -1.831935 195.253561
6.208433 4.607207 -0.592967 174.143937
6.639812 2.140794 1.678569 189.059451
1.000000 8.000000 -0.000000 34.564103
4.664073 9.542526 2.087167 126.895085
5.797185 8.376614 3.949685 160.627715
1.000000 8.000000 0.000000 34.564103
4.701811 10.812910 -2.918273 125.807493
5.491859 8.522779 -3.599337 150.519195
6.880838 1.785520 0.766372 198.093192
6.467028 3.299158 -0.322080 182.974850
6.609978 2.145258 -0.606143 187.995095
6.552171 4.834614 2.009564 186.220459
6.490730 4.132549 3.075821 183.715978
6.458897 3.539776 0.966737 182.633712
6.600557 2.560543 2.700588 187.557365
6.849156 2.375055 3.930798 197.051117
6.600265 3.061752 5.337087 188.171066
6.487018 4.914786 4.112769 183.297050
6.625591 3.378326 6.569811 190.028899
1.000000 8.000000 0.000000 34.564103
6.417958 6.540618 4.363861 180.530511
1.000000 8.000000 0.000000 34.564103
6.097032 7.706274 9.659653 172.572673
6.524620 4.220705 5.226757 184.966617
6.282707 4.691944 8.479381 179.470627
1.000000 8.000000 -0.000000 34.564103
1.000000 8.000000 0.000000 34.564103
1.000000 8.000000 0.000000 34.564103
1.000000 8.000000 -0.000000 34.564103
1.000000 8.000000 0.000000 34.564103
1.000000 8.000000 0.000000 34.564103
1.000000 8.000000 0.000000 34.564103
1.000000 8.000000 -0.000000 34.564103
1.000000 8.000000 -0.000000 34.564103
1.000000 8.000000 -0.000000 34.564103
1.000000 8.000000 0.000000 34.564103
1.000000 8.000000 -0.000000 34.564103
1.000000 8.000000 0.000000 34.564103
1.000000 8.000000 -0.000000 34.564103
1.000000 8.000000 -0.000000 34.564103
1.000000 8.000000 -0.000000 34.564103
1.000000 8.000000 -0.000000 34.564103
1.000000 8.000000 -0.000000 34.564103
1.000000 8.000000 -0.000000 34.564103
1.000000 8.000000 0.000000 34.564103
1.000000 8.000000 -0.000000 34.564103
1.000000 8.000000 0.000000 34.564103
1.000000 8.000000 -0.000000 34.564103
1.000000 8.000000 0.000000 34.564103
1.000000 8.000000 0.000000 34.564103
1.000000 8.000000 -0.000000 34.564103
1.000000 8.000000 -0.000000 34.564103
1.139360 8.736325 -0.284192 38.235343
1.000000 8.000000 -0.000000 34.564103
1.662334 11.172114 -1.838589 53.053486
1.000000 8.000000 -0.000000 34.564103
6.068016 5.571515 9.206416 172.682211
1.000000 8.000000 0.000000 34.564103
1.000000 8.000000 -0.000000 34.564103
5.515609 9.049696 -2.186071 151.118329
5.967319 7.088407 1.776114 166.717118
1.000000 8.000000 0.000000 34.564103
1.000000 8.000000 0.000000 34.564103
1.000000 8.000000 -0.000000 34.564103
5.842995 9.324349 10.852281 166.492294
5.272790 7.872136 10.638614 151.179308
1.885228 8.149555 2.641679 56.020229
3.061751 9.048936 7.552731 92.135054
0.947635 4.456487 1.764833 27.633540
5.804928 10.432514 10.795543 164.277335
5.221928 9.886984 11.088801 150.462730
4.943797 8.595808 10.843215 142.869311
4.933038 12.981028 11.144398 143.492507
5.886819 6.227221 9.837990 168.091180
5.673371 7.197891 10.370752 161.974415
6.318414 5.172947 7.280639 178.481229
6.332617 6.418533 8.111254 178.872591
6.368040 4.128645 7.589117 181.234139
6.090103 6.550885 8.962124 172.227526
1.359428 9.109157 0.369864 42.501711
4.837836 11.276445 4.496353 129.568974
1.122704 8.623537 0.294861 37.614237
4.080246 12.289032 6.454424 111.336167
4.842461 12.228670 7.828763 133.900577
1.000000 8.000000 0.000000 34.564103
1.000000 8.000000 0.000000 34.564103
1.000000 8.000000 0.000000 34.564103
1.000000 8.000000 -0.000000 34.564103
1.000000 8.000000 -0.000000 34.564103
1.000000 8.000000 -0.000000 34.564103
1.000000 8.000000 0.000000 34.564103
1.000000 8.000000 -0.000000 34.564103
1.000000 8.000000 -0.000000 34.564103
1.000000 8.000000 -0.000000 34.564103
1.000000 8.000000 -0.000000 34.564103
1.000000 8.000000 -0.000000 34.564103
1.000000 8.000000 -0.000000 34.564103
3.707217 12.651306 5.033836 99.929789
6.289541 6.667670 6.015586 175.806508
6.225425 9.136739 8.919735 173.775435
1.094033 8.386928 0.112319 36.739351
1.000000 8.000000 0.000000 34.564103
1.000000 8.000000 0.000000 34.564103
1.000000 8.000000 -0.000000 34.564103
1.000000 8.000000 0.000000 34.564103
1.000000 8.000000 0.000000 34.564103
1.000000 8.000000 0.000000 34.564103
1.000000 8.000000 0.000000 34.564103
1.000000 8.000000 0.000000 34.564103
1.000000 8.000000 -0.000000 34.564103
1.000000 8.000000 0.000000 34.564103
1.000000 8.000000 -0.000000 34.564103
1.000000 8.000000 0.000000 34.564103
1.000000 8.000000 0.000000 34.564103
1.000000 8.000000 0.000000 34.564103
1.000000 8.000000 0.000000 34.564103
1.000000 8.000000 0.000000 34.564103
1.000000 8.000000 0.000000 34.564103
1.000000 8.000000 0.000000 34.564103
1.000000 8.000000 -0.000000 34.564103
1.000000 8.000000 -0.000000 34.564103
1.000000 8.000000 -0.000000 34.564103
1.000000 8.000000 0.000000 34.564103
1.000000 8.000000 0.000000 34.564103
1.000000 8.000000 0.000000 34.564103
1.000000 8.000000 0.000000 34.564103
1.000000 8.000000 0.000000 34.564103
1.000000 8.000000 0.000000 34.564103
1.000000 8.000000 0.000000 34.564103
1.000000 8.000000 0.000000 34.564103
1.000000 8.000000 -0.000000 34.564103
1.000000 8.000000 0.000000 34.564103
1.000000 8.000000 0.000000 34.564103
4.824511 12.371094 10.805609 137.823580
5.351016 13.155401 12.229021 154.142907
3.758386 14.582595 7.193817 106.317831
1.000000 8.000000 0.000000 34.564103
1.000000 8.000000 0.000000 34.564103
1.000000 8.000000 -0.000000 34.564103
1.000000 8.000000 0.000000 34.564103
1.000000 8.000000 0.000000 34.564103
1.000000 8.000000 0.000000 34.564103
1.000000 8.000000 -0.000000 34.564103
1.000000 8.000000 0.000000 34.564103
1.000000 8.000000 0.000000 34.564103
1.000000 8.000000 -0.000000 34.564103
1.000000 8.000000 0.000000 34.564103
1.000000 8.000000 -0.000000 34.564103
1.000000 8.000000 0.000000 34.564103
1.000000 8.000000 -0.000000 34.564103
1.000000 8.000000 0.000000 34.564103
1.393928 9.355654 0.090856 43.360110
1.000000 8.000000 0.000000 34.564103
1.000000 8.000000 -0.000000 34.564103
1.000000 8.000000 -0.000000 34.564103
1.000000 8.000000 -0.000000 34.564103
1.000000 8.000000 -0.000000 34.564103
1.000000 8.000000 0.000000 34.564103
1.011759 8.085333 0.018248 34.937943
1.004617 8.034610 0.006330 34.715434
1.000000 8.000000 -0.000000 34.564103
1.000000 8.000000 -0.000000 34.564103
1.000000 8.000000 0.000000 34.564103
1.000000 8.000000 0.000000 34.564103
1.000000 8.000000 -0.000000 34.564103
1.000000 8.000000 0.000000 34.564103
1.000000 8.000000 0.000000 34.564103
1.000000 8.000000 0.000000 34.564103
1.000000 8.000000 0.000000 34.564103
1.000000 8.000000 0.000000 34.564103
1.000000 8.000000 -0.000000 34.564103
6.091048 8.961437 9.638155 171.016263
5.772770 8.066947 10.221230 163.883385
5.508528 12.098923 10.034178 154.507866
5.539703 11.396529 12.005740 158.775982
3.533789 12.484422 7.968133 105.746077
1.000000 8.000000 0.000000 34.564103
3.123820 14.071251 6.425795 91.493749
1.000000 8.000000 0.000000 34.564103
1.631563 10.798960 1.627852 51.232591
1.970746 11.465427 2.395721 59.758888
1.000000 8.000000 0.000000 34.564103
1.000000 8.000000 -0.000000 34.564103
1.000000 8.000000 0.000000 34.564103
1.000000 8.000000 -0.000000 34.564103
1.795551 12.393101 2.209189 58.074784
1.011759 8.085333 0.018248 34.937942
1.000000 8.000000 0.000000 34.564103
1.000000 8.000000 -0.000000 34.564103
1.000000 8.000000 0.000000 34.564103
1.000000 8.000000 -0.000000 34.564103
1.000000 8.000000 -0.000000 34.564103
1.000000 8.000000 0.000000 34.564103
1.006045 8.036740 0.012781 34.725041
3.272099 12.827275 4.313573 90.552169
1.000000 8.000000 0.000000 34.564103
1.093746 8.543259 0.215617 37.121192
6.015502 10.203550 10.289578 169.337067
3.350687 12.875602 5.342070 94.083770
4.644141 14.708061 9.214867 130.627008
5.335273 9.963364 11.235527 152.424567
4.465042 11.109443 10.345209 130.329600
1.000000 8.000000 0.000000 34.564103
1.000000 8.000000 0.000000 34.564103
1.000000 8.000000 -0.000000 34.564103
1.807889 10.700067 1.424324 53.860702
1.000000 8.000000 0.000000 34.564103
1.000000 8.000000 0.000000 34.564103
1.000000 8.000000 0.000000 34.564103
1.000000 8.000000 0.000000 34.564103
1.000000 8.000000 0.000000 34.564103
1.000000 8.000000 0.000000 34.564103
1.000000 8.000000 0.000000 34.564103
1.000000 8.000000 0.000000 34.564103
1.000000 8.000000 0.000000 34.564103
4.200037 11.058890 -1.923566 112.271840
6.312965 5.821755 -2.261644 177.114894
4.827116 7.792333 -0.239302 130.596354
3.763605 11.288837 1.591392 100.680963
6.309661 8.417171 6.975942 175.727878
6.446212 5.190231 6.266953 182.019624
6.278383 7.915215 8.021226 175.649271
5.155823 11.485910 6.624135 139.620646
1.000000 8.000000 -0.000000 34.564103
2.180504 10.521277 0.548491 61.486518
1.439569 9.652303 0.616015 44.533385
3.370992 14.861097 8.256491 102.701603
2.549720 11.548028 4.990755 77.796229
2.870843 13.202599 6.397300 87.880398
1.000000 8.000000 -0.000000 34.564103
1.000000 8.000000 0.000000 34.564103
1.027016 4.675594 1.770440 29.478886
1.000000 8.000000 0.000000 34.564103
1.000000 8.000000 -0.000000 34.564103
1.000000 8.000000 -0.000000 34.564103
1.000000 8.000000 -0.000000 34.564103
1.000000 8.000000 -0.000000 34.564103
1.000000 8.000000 -0.000000 34.564103
1.000000 8.000000 -0.000000 34.564103
1.000000 8.000000 -0.000000 34.564103
1.000000 8.000000 -0.000000 34.564103
1.000000 8.000000 -0.000000 34.564103
1.000000 8.000000 0.000000 34.564103
1.000000 8.000000 -0.000000 34.564103
1.000000 8.000000 -0.000000 34.564103
1.000000 8.000000 0.000000 34.564103
1.000000 8.000000 -0.000000 34.564103
1.000000 8.000000 -0.000000 34.564103
1.000000 8.000000 -0.000000 34.564103
1.000000 8.000000 -0.000000 34.564103
1.000000 8.000000 -0.000000 34.564103
1.000000 8.000000 0.000000 34.564103
1.000000 8.000000 0.000000 34.564103
1.000000 8.000000 0.000000 34.564103
1.000000 8.000000 0.000000 34.564103
1.000000 8.000000 -0.000000 34.564103
1.000000 8.000000 -0.000000 34.564103
1.000000 8.000000 -0.000000 34.564103
1.000000 8.000000 -0.000000 34.564103
1.000000 8.000000 0.000000 34.564103
1.000000 8.000000 -0.000000 34.564103
1.000000 8.000000 -0.000000 34.564103
1.000000 8.000000 -0.000000 34.564103
1.000000 8.000000 -0.000000 34.564103
1.329090 10.319978 0.678495 45.324599
1.000000 8.000000 0.000000 34.564103
1.000000 8.000000 -0.000000 34.564103
1.000000 8.000000 0.000000 34.564103
1.000000 8.000000 -0.000000 34.564103
1.000000 8.000000 -0.000000 34.564103
1.000000 8.000000 0.000000 34.564103
1.000000 8.000000 0.000000 34.564103
1.000000 8.000000 -0.000000 34.564103
1.000000 8.000000 0.000000 34.564103
1.000000 8.000000 0.000000 34.564103
1.000000 8.000000 0.000000 34.564103
1.000000 8.000000 0.000000 34.564103
1.452413 11.103858 1.031336 49.292402
1.137400 9.009052 0.232080 39.092051
1.069476 8.515419 0.117330 36.888246
1.000000 8.000000 0.000000 34.564103
1.000000 8.000000 0.000000 34.564103
1.000000 8.000000 0.000000 34.564103
1.283638 9.867319 0.691691 43.625633
1.283638 9.867320 0.691691 43.625639
1.000000 8.000000 -0.000000 34.564103
1.000000 8.000000 -0.000000 34.564103
1.000000 8.000000 0.000000 34.564103
1.000000 8.000000 0.000000 34.564103
1.000000 8.000000 0.000000 34.564103
1.000000 8.000000 0.000000 34.564103
0.160342 0.622276 -0.403343 4.137666
0.099955 0.409028 -0.294717 2.635350
0.199979 0.981368 -0.455159 5.577272
0.216277 1.088751 -0.507543 6.088438
0.016621 0.066053 -0.072112 0.409508
1.026485 8.202259 0.036785 35.461092
1.000000 8.000000 0.000000 34.564103
1.040058 8.301555 0.061827 35.912367
1.040058 8.301555 0.061827 35.912368
0.137096 0.695775 -0.297949 3.678308
0.187430 0.923495 -0.412895 5.089811
0.693273 3.827786 -0.241213 21.266536
0.845188 4.503375 -0.038886 25.690195
0.588449 3.109014 -0.306356 17.519755
0.238981 1.233253 -0.360102 6.631022
0.187916 1.001504 -0.163408 5.056650
0.095660 0.527464 -0.171346 2.592718
0.522343 2.805650 -0.428094 15.640074
0.286192 1.462197 -0.471393 8.040260
0.275147 1.411951 -0.472881 7.766698
0.242913 1.163932 -0.435415 6.513591
0.103864 0.471480 -0.335735 2.857169
0.632626 3.316261 0.671691 18.882462
0.108704 0.670027 -0.019029 3.072133
0.672981 3.488788 0.062957 20.005094
0.087298 0.486286 -0.159812 2.373826
1.306636 7.307531 1.395358 40.795843
2.333470 12.725764 4.775227 73.339809
2.035175 13.735584 3.033246 65.962679
2.061379 13.411496 3.270551 66.049176
2.168267 10.977632 3.936273 66.760394
1.719194 9.173852 2.526942 53.529198
3.096374 15.390593 7.236651 94.947049
1.098069 8.638157 0.199212 37.510467
2.726673 15.382972 5.628193 84.299367
1.093218 8.582043 0.191258 37.270679
3.636118 14.673224 8.910856 109.367271
1.831414 12.059266 2.210331 57.591728
1.446342 10.468079 1.190659 47.543979
3.013234 14.136872 5.930274 88.786444
3.314202 14.055113 7.914830 100.860665
3.209726 15.419472 7.293357 96.588241
1.629383 8.075909 2.077485 50.008636
1.848730 9.264781 2.710871 57.058513
1.849662 9.293765 2.750334 56.930163
2.867091 13.205508 6.401150 87.789517
2.438913 10.700692 4.776003 74.920308
0.299056 1.547183 -0.529945 8.551107
0.271515 1.381050 -0.349487 7.429373
0.165354 0.815260 -0.338422 4.398642
0.577558 3.332220 -0.412182 18.053867
1.057593 5.963791 0.572162 33.057451
0.564191 3.178234 -0.427721 17.444121
0.749476 4.257185 -0.158933 23.333767
0.874060 4.920609 0.094465 27.075366
1.051995 5.761222 0.497662 32.764323
0.844624 4.521719 -0.012737 25.610274
0.453362 2.471019 -0.489439 13.710023
0.195666 1.035312 -0.158478 5.232370
0.357721 1.339628 -0.405865 9.277917
0.184469 0.754826 -0.354971 4.812284
0.445913 1.492422 -0.078631 11.753719
0.126909 0.527566 0.387094 3.405335
0.320999 1.837134 -0.582959 9.956397
0.280482 1.511390 -0.568693 8.357699
0.325044 1.462829 -0.371679 8.888911
0.485460 2.006195 -0.126166 13.330941
0.346219 1.514545 -0.364776 9.391697
0.511406 1.842445 -0.054299 13.639656
0.525111 2.084696 -0.056641 14.365100
0.382970 1.538175 0.380232 10.311078
0.561145 2.619852 -0.050465 16.128980
1.459980 11.195001 1.031189 49.665743
0.670691 4.350942 0.101449 21.445326
0.682548 4.445114 0.121784 21.828655
0.937304 6.130965 0.673399 30.457256
1.737139 11.627224 2.524308 56.821385
1.737642 11.617793 2.521316 56.794268
0.983884 6.745026 0.776783 32.303138
1.460567 10.484346 1.557985 48.685702
1.144824 7.846024 1.105099 37.652604
0.031250 0.115585 -0.111047 0.739967
0.099847 0.258089 -0.254286 2.426379
0.109036 0.462251 -0.324367 2.882052
0.212601 0.830713 0.363637 5.596146
0.220751 1.106190 -0.507788 6.190841
0.205470 1.014579 -0.478579 5.753866
0.224161 1.142270 -0.529365 6.383262
0.514789 2.820366 -0.275595 15.449786
0.504255 2.508243 -0.179554 14.725007
0.528831 2.494945 -0.215091 15.198812
0.497772 2.173361 0.114364 13.919864
0.563178 2.801775 -0.057457 16.468360
0.513212 2.850197 0.291365 15.489229
0.568487 2.999379 -0.000905 16.944457
0.901165 4.421391 0.489582 26.201831
0.530329 2.843449 -0.210504 15.974465
1.619554 8.018067 2.066766 49.830679
2.361074 10.535100 4.603886 72.920948
1.679672 7.742394 2.026307 50.192849
1.497778 7.236430 1.641064 45.499518
0.539840 3.063187 -0.447938 16.780189
2.131541 10.725531 3.826923 66.049079
0.745129 4.243798 -0.159718 23.269521
1.047605 5.744467 0.490465 32.651370
0.698384 3.831361 -0.251843 21.384479
0.579301 3.337711 -0.411024 18.074235
4.607934 13.605867 11.248569 135.500365
3.690102 14.360433 8.872819 110.112673
3.588180 14.662815 8.749785 107.293559
0.198316 1.132334 -0.031573 5.481239
0.946154 4.935941 0.130865 28.468685
0.692076 3.561466 0.036197 20.465849
0.501429 2.704596 -0.397688 15.120779
3.651281 10.812577 7.843468 107.526258
3.063582 10.574321 6.760304 92.125017
1.577181 7.327574 1.931860 47.866397
3.488810 12.687213 8.090406 104.509908
2.830125 12.026315 2.938271 76.840073
4.191466 15.013604 8.943087 119.967463
1.892714 11.297123 2.487470 58.321866
0.308269 1.639438 -0.564113 9.035589
0.460370 2.519939 -0.500002 13.909513
0.223624 1.133511 -0.526084 6.349623
0.289327 1.549491 -0.571153 8.532868
0.226484 1.151517 -0.529149 6.432060
0.294015 1.524278 -0.530412 8.425824
0.222414 1.078189 -0.427840 6.043956
0.233307 1.144935 -0.476679 6.433588
0.187431 0.923495 -0.412896 5.089813
0.259489 0.948467 0.388571 6.735252
0.287559 0.966794 -0.295537 7.251412
0.255707 1.156308 -0.466813 6.910809
0.154546 0.670705 -0.399290 4.124271
0.112593 0.469945 -0.004971 2.719190
0.429192 2.407228 -0.547146 13.160899
0.415914 2.299457 -0.533834 12.664510
0.379575 2.135151 -0.570156 11.677432
0.258427 1.373167 -0.562400 7.602904
0.379575 2.135152 -0.570156 11.677434
0.271103 1.478025 -0.575027 8.145630
0.199001 0.978366 -0.473843 5.577158
0.335627 1.668510 -0.481738 9.591942
0.208081 1.040796 -0.500846 5.881406
0.482855 1.664360 0.088677 12.826857
0.419699 2.424838 -0.554639 13.085966
1.600275 11.614781 1.755569 53.522948
1.452413 11.103859 1.031337 49.292408
1.341449 10.342971 0.757857 45.596279
0.588516 3.376361 -0.039547 18.000794
0.591421 3.545875 0.015604 18.366479
0.590430 3.704141 -0.035681 18.672472
0.701207 4.483811 0.125892 22.308638
1.011797 6.568449 0.822542 32.696630
0.696043 4.442979 0.103199 22.226385
0.551636 3.284127 -0.130546 17.091020
0.696043 4.442980 0.103199 22.226387
0.538415 3.161972 -0.232217 16.616089
0.637837 3.972296 -0.022496 20.220318
0.641993 3.997789 -0.015772 20.345914
0.567821 2.815362 -0.050052 16.585017
0.565422 3.074805 0.012989 17.021906
0.537631 3.233595 -0.194762 16.743157
1.202384 7.577212 1.260397 38.696822
1.128800 6.688609 1.025976 35.306182
0.921297 5.593870 0.544724 29.081217
1.825418 11.166469 2.996344 58.614687
0.492816 1.899906 0.124590 13.391427
0.563182 2.467796 -0.036007 15.912291
0.483591 2.375331 0.283666 13.923871
0.381980 2.096778 0.462156 11.421402
0.440222 2.601661 0.429094 13.723262
0.553473 2.499562 -0.023554 15.767057
0.484802 2.234526 -0.252176 13.775612
0.433702 2.549682 -0.435201 13.370946
0.368211 1.770301 -0.449627 10.403002
0.478998 2.366843 -0.283849 13.970409
0.346761 1.888765 -0.538118 10.435763
0.540283 2.873148 -0.021090 16.150868
0.501136 2.868485 0.252868 15.296375
0.464880 2.703483 0.361277 14.308427
0.570340 3.456453 0.179618 17.960737
0.617610 3.947097 -0.193172 19.619398
0.594929 3.695274 -0.160899 18.713848
0.677545 4.470744 -0.189580 21.733017
0.813422 5.496695 -0.433141 26.536868
0.581065 3.553833 0.105311 18.145803
0.526539 2.917315 -0.022812 15.921824
0.533486 3.040342 0.031156 16.287235
0.556636 3.198501 0.060334 17.053684
0.582390 3.559080 -0.147321 18.226449
0.285401 1.520402 -0.564347 8.400646
0.419699 2.424837 -0.554639 13.085964
0.440394 2.583550 -0.536684 13.769127
1.389518 7.510323 1.420427 43.142273
1.377134 7.459025 1.378501 43.071107
0.871526 4.912223 0.086090 27.070704
0.682810 3.936378 -0.235450 21.284860
1.059149 5.967213 0.582641 33.038147
1.077902 5.894821 0.527223 33.205153
1.225890 7.702269 1.313301 39.367183
0.921297 5.593869 0.544725 29.081215
1.088003 6.336879 0.905542 34.183440
0.792506 4.631394 0.052622 24.644548
0.545475 3.305770 -0.266135 17.090157
0.649616 4.151799 0.045768 20.673471
0.598869 3.529765 0.037966 18.480083
0.654132 4.175219 0.119323 20.755393
2.762370 14.755511 6.253932 86.482754
2.265274 14.580922 3.882522 72.670538
1.825418 11.166470 2.996344 58.614688
1.500908 10.961953 1.403638 50.009072
1.000000 8.000000 -0.000000 34.564103
1.500909 10.961955 1.403639 50.009083
1.231320 7.876698 1.351441 39.646716
1.616960 11.821219 1.743811 54.224397
1.000000 8.000000 0.000000 34.564103
2.746358 13.957219 6.014698 84.824564
2.317986 14.326545 4.062274 72.980901
2.779676 15.528019 5.771164 85.639264
2.814421 14.586228 6.019675 85.730108
2.546500 11.566066 5.016255 77.608462
2.341996 13.119471 4.880529 74.275435
1.727851 9.270445 2.602560 53.586641
2.267428 14.587544 3.861440 72.597461
1.899094 10.933699 3.428594 60.602735
2.122698 12.801022 3.892183 67.848704
1.321189 7.470277 1.497924 41.117552
0.683047 3.936722 -0.239068 21.306604
0.545261 3.305028 -0.265198 17.082583
0.638173 3.813153 -0.206204 20.087152
0.677159 4.015916 -0.153186 21.196174
0.783701 4.579511 -0.015650 24.615749
0.613354 3.596288 -0.327273 19.337504
0.440187 2.479802 -0.531688 13.493027
0.409611 2.389141 -0.544906 12.778078
0.344716 1.898816 -0.532091 10.406737
0.434689 2.544313 -0.450394 13.429273
1.918751 12.842357 2.974852 62.693667
1.000000 8.000000 -0.000000 34.564103
1.000000 8.000000 0.000000 34.564103
1.000000 8.000000 -0.000000 34.564103
1.000000 8.000000 -0.000000 34.564103
1.000000 8.000000 -0.000000 34.564103
1.000000 8.000000 0.000000 34.564103
1.000000 8.000000 0.000000 34.564103
1.000000 8.000000 -0.000000 34.564103
1.000000 8.000000 -0.000000 34.564103
0.555206 2.633383 0.091516 15.970763
0.282246 1.513719 -0.573739 8.396482
0.469007 2.414484 0.269000 13.761711
1.192146 8.121242 -1.171963 39.278475
1.819085 12.777487 -2.485852 60.461352
1.192146 8.121242 -1.171963 39.278473
1.277416 8.843522 -1.309709 42.163475
1.114510 7.709598 -0.977698 36.729461
0.526510 2.917242 -0.022779 15.921131
0.500803 2.935330 -0.006830 15.415155
0.545878 3.369597 0.086700 17.088336
0.597243 3.753332 0.035285 19.044067
0.648722 4.226960 -0.102867 20.871134
0.542682 2.685390 0.083228 15.842457
0.528645 2.889915 0.144030 15.895105
0.580629 2.847591 -0.002384 16.939212
0.548101 3.147770 0.360039 16.997042
1.491886 8.290476 -1.907518 46.744479
1.051102 5.849180 -0.615810 32.645725
1.817817 9.737659 -2.866937 56.463960
1.093358 6.791695 -1.010167 34.908016
0.849239 5.053898 -0.238034 26.747308
2.386267 14.257596 -4.744007 76.366686
1.071049 5.961047 -0.663092 33.005004
1.195209 7.842917 -1.280474 38.941812
1.580728 9.539315 -2.319264 50.288657
1.552116 9.239898 -2.224659 49.316226
2.352836 14.685264 -4.657599 76.685861
1.000000 8.000000 -0.000000 34.564103
1.433689 10.765153 -1.036727 47.969481
1.420757 10.489310 -1.038872 47.095527
1.526637 11.035819 -1.322968 50.074955
2.153462 13.933805 -3.831686 70.457603
0.806845 5.116037 -0.373730 25.886746
1.165941 7.671459 -1.214273 38.066819
0.648721 4.226960 -0.102867 20.871132
1.790824 12.329772 -2.462719 58.938348
0.574538 2.843825 -0.005925 16.812714
0.531659 2.897354 0.148518 15.964960
0.576486 2.995160 0.019155 17.080906
0.540021 3.238851 0.045067 16.837678
0.557626 3.506907 -0.019095 17.682476
0.563460 2.966506 0.000852 16.779272
0.597242 3.753332 0.035285 19.044065
0.540021 3.238852 0.045067 16.837684
0.694855 4.593748 -0.178841 22.400175
1.111407 7.348459 -1.096141 36.418709
0.678524 4.498166 -0.188215 21.804302
0.561541 3.169270 -0.058736 17.102638
0.569557 3.532209 -0.041125 17.940432
0.559598 3.254013 -0.084291 17.241031
0.552973 3.011970 0.037593 16.661167
0.555988 3.166906 -0.090085 16.989130
0.555660 3.159017 -0.087315 16.968069
0.570413 3.399518 0.273536 17.927050
0.595575 3.637712 0.148273 18.827654
0.467554 2.669052 0.387920 14.326121
0.743479 4.937505 0.361375 24.009608
0.744083 5.001299 0.358524 24.150172
1.094357 7.674029 0.937292 36.182168
1.529475 11.142207 1.606879 51.197524
0.555788 2.898224 0.004843 16.503795
0.592184 3.730163 -0.030408 18.728109
0.539185 2.681415 0.082820 15.769674
0.563053 2.871801 0.031488 16.621365
0.518295 2.847802 -0.245968 15.563363
0.559152 2.980093 -0.016308 16.722472
0.561682 3.308533 -0.153511 17.332095
1.460567 10.484346 1.557984 48.685701
0.399719 1.184233 0.065162 10.282369
0.204885 0.842908 0.424922 5.464607
0.255063 1.268938 0.582454 7.281162
0.253371 1.195912 0.519586 7.226249
0.516373 2.164598 0.108695 14.273985
0.529364 2.025353 0.049801 14.409266
0.376846 1.864058 0.452222 10.761455
0.311967 1.679141 0.611850 9.320332
0.387420 2.086302 0.475802 11.497142
0.320073 1.738291 0.577738 9.543837
0.377650 2.136593 0.532028 11.509189
0.236551 1.124503 0.578817 6.632815
0.250650 1.257901 0.589744 7.175389
0.249811 0.813780 0.521169 6.384547
0.270342 1.266069 0.517423 7.561140
0.376610 1.287641 0.121949 9.878022
0.269909 1.208667 0.502949 7.465361
0.262900 1.166944 0.580603 7.225979
0.211551 1.030725 0.576805 6.036699
0.252189 1.162311 0.558680 7.019021
0.342293 1.764228 0.627824 9.996071
0.276413 1.291199 0.528534 7.793310
0.423790 2.387731 0.524932 12.917722
0.323797 1.742392 0.594451 9.644081
0.320091 1.563601 0.498244 9.089362
0.256695 1.331434 0.579332 7.497043
0.441963 2.469533 0.535984 13.474083
0.314669 1.721607 0.600580 9.460464
0.308855 1.617755 0.616787 9.061982
0.258557 1.278669 0.583397 7.358505
0.368904 1.475349 0.422791 9.898419
0.248468 1.195897 0.529978 7.077077
0.431607 2.369582 0.557512 13.097421
0.249199 1.180122 0.527948 7.077629
0.693789 4.566115 0.287379 22.311897
0.983884 6.745026 0.776783 32.303138
1.600275 11.614782 1.755569 53.522951
1.285864 8.792152 1.417758 42.304195
1.610656 11.718613 1.736826 53.824940
1.142816 9.014192 0.290366 39.257741
1.142816 9.014191 0.290365 39.257738
1.069476 8.515418 0.117330 36.888244
1.000000 8.000000 -0.000000 34.564103
0.654132 4.175218 0.119323 20.755388
0.844110 5.671284 0.515428 27.419931
0.983489 6.405438 0.762807 31.858388
0.640424 3.850190 -0.138527 19.987770
1.144824 7.846025 1.105099 37.652604
1.239351 8.331367 1.321768 40.534334
0.841129 5.647855 0.511205 27.338849
1.239351 8.331367 1.321768 40.534336
0.528955 3.044238 0.040045 16.200089
0.617441 3.860953 0.133052 19.438452
0.562561 3.193979 0.047672 17.165923
0.529596 2.910413 -0.034527 15.981805
0.568786 3.232281 0.059277 17.357310
0.592849 3.526551 0.050651 18.359282
0.561029 3.057183 0.053486 16.904320
0.534093 2.868109 -0.003435 16.003994
0.566111 3.004532 0.037801 16.913174
0.557642 2.863008 0.029310 16.497926
0.744794 4.950074 0.363885 24.048967
0.621572 3.855171 0.117057 19.515611
0.582574 3.636042 0.132226 18.315855
0.518491 3.034616 -0.091862 15.954349
0.884638 6.059195 -0.548575 29.006784
0.636208 4.127983 -0.123194 20.363297
0.846217 5.734978 -0.488294 27.624098
1.251106 8.496973 -1.300117 41.127301
0.846217 5.734978 -0.488294 27.624099
1.011373 7.007771 -0.775030 33.286552
0.716752 4.789757 -0.313757 23.214282
0.884638 6.059195 -0.548575 29.006784
0.601852 3.874047 -0.195646 19.178464
0.596724 3.719039 -0.164028 18.792205
0.536606 3.261124 -0.126145 16.723045
0.716752 4.789757 -0.313757 23.214279
0.536606 3.261125 -0.126145 16.723050
0.522449 3.055869 -0.099962 16.070976
0.636208 4.127983 -0.123194 20.363300
1.114510 7.709598 -0.977698 36.729459
1.395219 10.637473 -0.893734 47.060990
1.188563 9.330395 -0.387446 40.705382
1.047478 8.356005 -0.068674 36.134681
1.591342 12.029486 -1.352145 53.710516
1.589885 11.323251 -1.915860 53.190378
1.225937 8.675410 -1.165544 40.780985
1.135167 7.887799 -1.011839 37.407798
1.588337 11.957416 -1.353139 53.411178
1.734988 12.209690 -2.280745 57.751163
1.676546 12.369219 -1.779902 56.351563
1.419780 10.906128 -0.890649 48.115233
1.003431 8.026278 -0.003911 34.678006
0.823216 5.637609 -0.461737 26.929730
0.056144 0.251403 0.197538 1.491586
0.094823 0.385108 0.279727 2.440022
0.634509 3.359148 0.373861 18.892613
0.494909 2.955520 -0.047386 15.323374
0.505222 2.940321 -0.015792 15.515316
0.614809 3.919687 -0.188862 19.516149
5.543826 6.815545 -9.671397 159.799266
2.611696 12.955207 -5.838979 82.221769
2.076379 13.179704 -3.199084 65.428871
2.802322 14.495018 -6.308090 87.536602
1.976143 12.860529 -2.971371 63.048651
1.000000 8.000000 -0.000000 34.564103
1.000000 8.000000 -0.000000 34.564103
2.437267 14.512683 -4.901911 77.822046
1.149591 8.980604 -0.319148 39.156498
0.603088 3.661873 0.183071 19.090904
0.636203 3.854990 0.140352 20.098130
0.573949 3.417188 0.269768 18.022784
0.678012 3.988251 0.116368 21.178095
0.460307 2.679703 0.426001 14.254808
0.955533 5.622622 -0.450548 29.958151
0.806845 5.116037 -0.373730 25.886746
1.093358 6.791695 -1.010167 34.908013
1.784332 11.554768 -2.822380 58.220010
2.634287 15.071346 -5.278707 81.809766
0.846532 5.046894 -0.249040 26.656060
0.674197 3.960167 0.130424 21.142836
1.416484 7.979258 -1.736262 44.714565
0.857891 4.927504 -0.205938 26.728563
0.857891 4.927503 -0.205938 26.728560
0.242177 1.198145 0.588546 6.893969
2.543236 13.471460 -5.440848 80.154562
0.414884 1.792054 0.415944 11.345010
0.495837 1.714692 0.050862 13.174094
0.332189 1.534359 0.518219 9.238117
0.548071 3.154689 0.346677 16.946893
0.384961 1.893476 0.436820 10.965876
0.459805 2.669834 0.436909 14.280282
0.432096 2.499865 0.445652 13.339841
1.000000 8.000000 0.000000 34.564103
1.000000 8.000000 0.000000 34.564103
1.000000 8.000000 0.000000 34.564103
1.000000 8.000000 -0.000000 34.564103
1.000000 8.000000 -0.000000 34.564103
1.000000 8.000000 -0.000000 34.564103
1.000000 8.000000 0.000000 34.564103
1.000000 8.000000 -0.000000 34.564103
1.000000 8.000000 -0.000000 34.564103
1.000000 8.000000 -0.000000 34.564103
1.000000 8.000000 -0.000000 34.564103
1.000000 8.000000 -0.000000 34.564103
1.000000 8.000000 -0.000000 34.564103
1.000000 8.000000 -0.000000 34.564103
1.125496 8.747105 -0.269612 38.131939
1.000000 8.000000 -0.000000 34.564103
3.334952 10.923597 -3.052329 92.930258
2.019103 10.661412 -2.331802 59.300023
1.000000 8.000000 0.000000 34.564103
1.000000 8.000000 -0.000000 34.564103
1.000000 8.000000 -0.000000 34.564103
1.000000 8.000000 -0.000000 34.564103
1.420287 9.596093 -0.641593 44.436650
1.011373 7.007771 -0.775030 33.286552
1.766420 12.561937 -2.321720 59.090545
1.089837 8.660324 -0.138545 37.481423
1.180364 9.249714 -0.385716 40.365229
1.000000 8.000000 0.000000 34.564103
1.003431 8.026278 -0.003911 34.678005
1.000000 8.000000 0.000000 34.564103
1.000000 8.000000 0.000000 34.564103
1.000000 8.000000 -0.000000 34.564103
1.000000 8.000000 0.000000 34.564103
1.000000 8.000000 -0.000000 34.564103
1.000000 8.000000 -0.000000 34.564103
1.000000 8.000000 0.000000 34.564103
1.000000 8.000000 0.000000 34.564103
1.000000 8.000000 0.000000 34.564103
1.000000 8.000000 0.000000 34.564103
1.000000 8.000000 0.000000 34.564103
1.000000 8.000000 0.000000 34.564103
1.002046 8.015748 -0.002291 34.632435
1.004768 8.036300 -0.005540 34.721249
1.000000 8.000000 0.000000 34.564103
1.000000 8.000000 0.000000 34.564103
1.000000 8.000000 0.000000 34.564103
4.823671 13.170043 -10.505139 138.299074
3.517959 15.686312 -8.439339 105.961053
2.141997 9.223950 -3.713206 64.845836
3.750631 15.550541 -9.058897 112.474285
3.428777 15.900518 -8.681935 105.703746
2.486074 8.658793 -5.354605 76.044757
0.683641 3.001409 -0.841282 18.558954
2.641913 7.868315 -6.447469 80.753901
1.050359 8.277031 -0.100385 35.904577
1.050144 8.276679 -0.101438 35.903393
1.015364 8.107061 -0.032717 35.045835
1.182273 9.099050 -0.422293 39.893778
2.672709 15.149887 -5.231416 82.308321
2.945865 14.056273 -6.954759 91.603445
2.752922 12.187307 -5.838539 84.627416
3.956564 9.581346 -9.250933 116.833188
2.042674 12.431885 -3.070755 63.288524
4.231247 13.376980 -10.395598 124.243073
3.215866 13.080090 -5.864175 91.771185
5.153760 9.104367 -10.173723 148.257340
3.149683 9.160318 -6.501674 93.598677
4.800867 7.919535 -10.323676 140.226419
1.000000 8.000000 -0.000000 34.564103
1.433689 10.765156 -1.036728 47.969496
1.784332 11.554768 -2.822380 58.220010
2.098750 13.143323 -3.853155 68.376588
1.000000 8.000000 0.000000 34.564103
1.000000 8.000000 0.000000 34.564103
1.000000 8.000000 0.000000 34.564103
1.232677 9.678368 -0.426300 42.159817
1.068272 8.509809 -0.098574 36.809304
1.002046 8.015746 -0.002291 34.632425
1.589885 11.323252 -1.915860 53.190378
1.231084 9.659520 -0.425936 42.075392
1.059162 8.444681 -0.086188 36.527166
1.000000 8.000000 0.000000 34.564103
1.000000 8.000000 0.000000 34.564103
1.000000 8.000000 0.000000 34.564103
1.000000 8.000000 0.000000 34.564103
1.000000 8.000000 0.000000 34.564103
1.000000 8.000000 0.000000 34.564103
1.000000 8.000000 0.000000 34.564103
1.000000 8.000000 0.000000 34.564103
1.000645 8.005021 -0.000684 34.585943
1.000000 8.000000 0.000000 34.564103
1.000000 8.000000 0.000000 34.564103
1.000000 8.000000 0.000000 34.564103
1.000000 8.000000 0.000000 34.564103
1.000000 8.000000 0.000000 34.564103
1.000000 8.000000 0.000000 34.564103
1.000000 8.000000 0.000000 34.564103
1.000791 8.006151 -0.000847 34.590851
1.000000 8.000000 0.000000 34.564103
1.000000 8.000000 -0.000000 34.564103
1.000000 8.000000 0.000000 34.564103
1.000000 8.000000 0.000000 34.564103
1.000000 8.000000 0.000000 34.564103
1.000000 8.000000 0.000000 34.564103
1.000000 8.000000 -0.000000 34.564103
1.000000 8.000000 -0.000000 34.564103
1.000000 8.000000 0.000000 34.564103
1.000000 8.000000 -0.000000 34.564103
1.000000 8.000000 0.000000 34.564103
1.000000 8.000000 0.000000 34.564103
1.000000 8.000000 0.000000 34.564103
1.000000 8.000000 0.000000 34.564103
1.000000 8.000000 0.000000 34.564103
1.000000 8.000000 0.000000 34.564103
1.000000 8.000000 0.000000 34.564103
1.000000 8.000000 0.000000 34.564103
1.000000 8.000000 0.000000 34.564103
1.000000 8.000000 0.000000 34.564103
1.000000 8.000000 0.000000 34.564103
1.000000 8.000000 -0.000000 34.564103
1.000000 8.000000 0.000000 34.564103
0.095779 0.488649 0.206464 2.550772
0.414081 2.108268 -0.216001 11.786596
1.341538 5.750264 -1.315154 39.205489
2.274573 8.886026 -4.563647 69.789272
1.384056 6.172216 -1.329084 40.881863
0.149482 0.824513 0.098182 4.052496
0.701230 3.364969 0.081709 20.137640
0.668397 3.262867 0.145260 19.341043
0.073673 0.412234 0.133631 2.005095
0.378481 1.909495 0.526618 10.879605
2.787869 9.649869 -5.681772 83.430696
0.795501 3.971691 0.084764 23.504613
1.293669 5.946459 -1.172255 38.627088
0.842439 4.171388 0.074062 24.684940
0.092257 0.452852 0.220364 2.447637
0.378481 1.909495 0.526618 10.879607
0.174482 0.824734 0.489396 4.909099
0.229357 1.123653 0.572427 6.555959
0.212802 1.065457 0.539748 6.198718
0.352670 1.800716 0.624951 10.277931
0.333207 1.734315 0.626381 9.744143
0.228994 1.099276 0.576553 6.456428
0.355961 1.844053 0.625788 10.343896
0.373167 1.906531 0.626975 10.789381
0.726507 3.762924 0.250153 21.561389
0.637605 2.885068 -0.857187 17.523652
0.065155 0.336948 0.170625 1.757197
0.442587 2.233433 0.607606 12.712934
0.161527 0.859220 0.137311 4.326862
0.692385 3.570967 0.299665 20.652879
3.926890 12.305996 -9.155591 116.015080
0.547787 2.959875 0.456499 16.472552
0.548792 2.958936 0.465126 16.520077
1.248108 6.110351 -0.948423 37.518664
1.972620 9.420274 -3.080815 60.528710
1.771847 9.082193 -2.691613 54.924148
3.572657 10.656610 -8.536432 106.527351
3.352612 12.390611 -7.896901 100.876324
1.428411 6.541585 -1.296000 42.351797
2.529225 9.728383 -4.671927 75.798145
3.281556 11.614075 -7.615021 98.873614
2.735446 11.248937 -6.053983 83.920714
1.198903 5.816565 -0.795261 36.138676
2.060013 8.796190 -3.513295 63.111140
1.758838 8.221096 -2.675800 54.314457
1.701459 8.843345 -2.512390 53.060704
0.256678 1.235104 0.534886 7.321806
0.249209 1.223445 0.586587 7.068730
0.281765 1.272563 0.536816 7.948606
0.349450 1.518412 0.580421 9.544171
0.438566 2.401354 0.554850 13.277979
0.315241 1.695721 0.612031 9.408013
0.334016 1.745098 0.617134 9.747673
1.072673 5.481513 -0.568732 32.717627
0.379208 2.139161 0.546024 11.583281
0.423130 2.376448 0.545412 12.960760
1.145190 5.885065 -0.668342 34.667474
0.952978 5.080132 -0.269294 29.208460
0.945458 5.066286 -0.285485 28.994964
0.658160 3.680986 0.266896 20.311449
0.610501 3.243819 0.390663 18.368102
0.623752 3.520998 0.305941 19.370357
0.626850 3.554303 0.264651 19.297098
0.174482 0.824733 0.489395 4.909098
1.000000 8.000000 0.000000 34.564103
1.000000 8.000000 0.000000 34.564103
2.185233 12.949525 -3.298395 66.763682
2.185233 12.949525 -3.298395 66.763682
3.328920 16.166505 -8.486876 103.993519
2.094251 12.312117 -2.785452 63.376255
1.000000 8.000000 -0.000000 34.564103
1.000000 8.000000 -0.000000 34.564103
1.000000 8.000000 -0.000000 34.564103
1.044592 8.329804 -0.068256 36.021726
1.044592 8.329804 -0.068256 36.021726
1.044592 8.329804 -0.068256 36.021726
1.000000 8.000000 -0.000000 34.564103
1.000000 8.000000 -0.000000 34.564103
1.000000 8.000000 -0.000000 34.564103
1.796803 12.368218 -2.477335 59.120910
1.796803 12.368218 -2.477335 59.120910
1.796803 12.368218 -2.477335 59.120910
1.000000 8.000000 0.000000 34.564103
1.000000 8.000000 -0.000000 34.564103
1.947564 13.165692 -2.894408 63.463742
1.947564 13.165692 -2.894408 63.463742
1.947564 13.165692 -2.894408 63.463742
1.000000 8.000000 -0.000000 34.564103
1.000000 8.000000 -0.000000 34.564103
1.000000 8.000000 -0.000000 34.564103
1.000000 8.000000 -0.000000 34.564103
1.000000 8.000000 -0.000000 34.564103
1.000000 8.000000 0.000000 34.564103
1.791573 10.296732 -0.779803 52.314819
1.791573 10.296732 -0.779803 52.314819
1.791573 10.296732 -0.779803 52.314819
6.450982 4.698002 -3.342346 182.402062
5.037089 8.841109 -6.255590 141.305047
5.037089 8.841109 -6.255590 141.305047
1.000000 8.000000 -0.000000 34.564103
1.000000 8.000000 -0.000000 34.564103
1.000000 8.000000 -0.000000 34.564103
1.000000 8.000000 -0.000000 34.564103
1.000000 8.000000 -0.000000 34.564103
1.000000 8.000000 -0.000000 34.564103
1.000000 8.000000 -0.000000 34.564103
3.755216 11.962081 -2.880146 102.270550
6.236619 5.793362 -4.711062 175.278774
6.208433 4.607207 -0.592967 174.143937
6.208433 4.607207 -0.592967 174.143937
1.000000 8.000000 -0.000000 34.564103
4.664073 9.542526 2.087167 126.895085
4.664073 9.542526 2.087167 126.895085
4.701811 10.812910 -2.918273 125.807493
4.701811 10.812910 -2.918273 125.807493
4.701811 10.812910 -2.918273 125.807493
5.491859 8.522779 -3.599337 150.519195
5.491859 8.522779 -3.599337 150.519195
5.491859 8.522779 -3.599337 150.519195
1.000000 8.000000 0.000000 34.564103
1.000000 8.000000 0.000000 34.564103
1.000000 8.000000 -0.000000 34.564103
1.000000 8.000000 -0.000000 34.564103
1.000000 8.000000 -0.000000 34.564103
1.000000 8.000000 -0.000000 34.564103
1.000000 8.000000 -0.000000 34.564103
1.000000 8.000000 -0.000000 34.564103
1.000000 8.000000 0.000000 34.564103
1.000000 8.000000 0.000000 34.564103
1.000000 8.000000 0.000000 34.564103
1.000000 8.000000 0.000000 34.564103
1.000000 8.000000 -0.000000 34.564103
1.000000 8.000000 -0.000000 34.564103
1.662334 11.172114 -1.838589 53.053486
1.662334 11.172114 -1.838589 53.053486
1.662334 11.172114 -1.838589 53.053486
1.000000 8.000000 0.000000 34.564103
1.000000 8.000000 -0.000000 34.564103
1.000000 8.000000 -0.000000 34.564103
1.000000 8.000000 -0.000000 34.564103
5.515609 9.049696 -2.186071 151.118329
5.515609 9.049696 -2.186071 151.118329
5.515609 9.049696 -2.186071 151.118329
1.000000 8.000000 0.000000 34.564103
1.000000 8.000000 0.000000 34.564103
1.000000 8.000000 0.000000 34.564103
1.000000 8.000000 0.000000 34.564103
1.000000 8.000000 0.000000 34.564103
1.000000 8.000000 -0.000000 34.564103
5.351016 13.155401 12.229021 154.142907
3.758386 14.582595 7.193817 106.317831
3.758386 14.582595 7.193817 106.317831
1.000000 8.000000 -0.000000 34.564103
1.000000 8.000000 -0.000000 34.564103
1.000000 8.000000 -0.000000 34.564103
1.000000 8.000000 0.000000 34.564103
1.000000 8.000000 0.000000 34.564103
1.000000 8.000000 0.000000 34.564103
1.393928 9.355654 0.090856 43.360110
1.393928 9.355654 0.090856 43.360110
1.393928 9.355654 0.090856 43.360110
1.011759 8.085333 0.018248 34.937943
1.011759 8.085333 0.018248 34.937943
1.011759 8.085333 0.018248 34.937943
1.004617 8.034610 0.006330 34.715434
1.004617 8.034610 0.006330 34.715434
1.004617 8.034610 0.006330 34.715434
1.000000 8.000000 -0.000000 34.564103
1.000000 8.000000 -0.000000 34.564103
1.000000 8.000000 0.000000 34.564103
1.000000 8.000000 0.000000 34.564103
1.000000 8.000000 0.000000 34.564103
3.123820 14.071251 6.425795 91.493749
3.123820 14.071251 6.425795 91.493749
3.123820 14.071251 6.425795 91.493749
1.000000 8.000000 0.000000 34.564103
1.000000 8.000000 0.000000 34.564103
1.000000 8.000000 0.000000 34.564103
1.631563 10.798960 1.627852 51.232591
1.631563 10.798960 1.627852 51.232591
1.631563 10.798960 1.627852 51.232591
1.970746 11.465427 2.395721 59.758888
1.970746 11.465427 2.395721 59.758888
1.970746 11.465427 2.395721 59.758888
1.000000 8.000000 0.000000 34.564103
1.000000 8.000000 0.000000 34.564103
1.000000 8.000000 0.000000 34.564103
1.000000 8.000000 -0.000000 34.564103
1.000000 8.000000 -0.000000 34.564103
1.000000 8.000000 -0.000000 34.564103
1.000000 8.000000 0.000000 34.564103
1.000000 8.000000 0.000000 34.564103
1.000000 8.000000 0.000000 34.564103
1.000000 8.000000 -0.000000 34.564103
1.000000 8.000000 -0.000000 34.564103
1.795551 12.393101 2.209189 58.074784
1.011759 8.085333 0.018248 34.937942
1.011759 8.085333 0.018248 34.937942
1.011759 8.085333 0.018248 34.937942
3.350687 12.875602 5.342070 94.083770
4.644141 14.708061 9.214867 130.627008
4.644141 14.708061 9.214867 130.627008
4.644141 14.708061 9.214867 130.627008
1.000000 8.000000 0.000000 34.564103
1.000000 8.000000 0.000000 34.564103
1.000000 8.000000 0.000000 34.564103
1.000000 8.000000 -0.000000 34.564103
1.807889 10.700067 1.424324 53.860702
1.807889 10.700067 1.424324 53.860702
1.807889 10.700067 1.424324 53.860702
4.200037 11.058890 -1.923566 112.271840
4.200037 11.058890 -1.923566 112.271840
4.200037 11.058890 -1.923566 112.271840
6.312965 5.821755 -2.261644 177.114894
6.312965 5.821755 -2.261644 177.114894
6.312965 5.821755 -2.261644 177.114894
4.827116 7.792333 -0.239302 130.596354
4.827116 7.792333 -0.239302 130.596354
4.827116 7.792333 -0.239302 130.596354
3.763605 11.288837 1.591392 100.680963
2.180504 10.521277 0.548491 61.486518
2.180504 10.521277 0.548491 61.486518
2.180504 10.521277 0.548491 61.486518
1.439569 9.652303 0.616015 44.533385
1.439569 9.652303 0.616015 44.533385
1.439569 9.652303 0.616015 44.533385
1.000000 8.000000 0.000000 34.564103
1.000000 8.000000 0.000000 34.564103
1.000000 8.000000 0.000000 34.564103
1.000000 8.000000 -0.000000 34.564103
1.000000 8.000000 -0.000000 34.564103
1.000000 8.000000 -0.000000 34.564103
1.000000 8.000000 -0.000000 34.564103
1.000000 8.000000 -0.000000 34.564103
1.000000 8.000000 -0.000000 34.564103
1.000000 8.000000 -0.000000 34.564103
1.000000 8.000000 -0.000000 34.564103
1.000000 8.000000 -0.000000 34.564103
1.329090 10.319978 0.678495 45.324599
1.329090 10.319978 0.678495 45.324599
1.329090 10.319978 0.678495 45.324599
1.000000 8.000000 0.000000 34.564103
1.000000 8.000000 -0.000000 34.564103
1.452413 11.103858 1.031336 49.292402
1.452413 11.103858 1.031336 49.292402
1.452413 11.103858 1.031336 49.292402
1.137400 9.009052 0.232080 39.092051
1.137400 9.009052 0.232080 39.092051
1.137400 9.009052 0.232080 39.092051
1.069476 8.515419 0.117330 36.888246
1.069476 8.515419 0.117330 36.888246
1.069476 8.515419 0.117330 36.888246
1.283638 9.867319 0.691691 43.625633
1.283638 9.867319 0.691691 43.625633
1.283638 9.867319 0.691691 43.625633
1.283638 9.867320 0.691691 43.625639
1.283638 9.867320 0.691691 43.625639
1.283638 9.867320 0.691691 43.625639
1.000000 8.000000 -0.000000 34.564103
1.000000 8.000000 -0.000000 34.564103
1.000000 8.000000 -0.000000 34.564103
1.026485 8.202259 0.036785 35.461092
1.040058 8.301555 0.061827 35.912367
1.040058 8.301555 0.061827 35.912367
1.040058 8.301555 0.061827 35.912367
1.040058 8.301555 0.061827 35.912368
1.040058 8.301555 0.061827 35.912368
1.040058 8.301555 0.061827 35.912368
2.035175 13.735584 3.033246 65.962679
2.035175 13.735584 3.033246 65.962679
2.035175 13.735584 3.033246 65.962679
2.061379 13.411496 3.270551 66.049176
2.061379 13.411496 3.270551 66.049176
2.061379 13.411496 3.270551 66.049176
3.096374 15.390593 7.236651 94.947049
1.098069 8.638157 0.199212 37.510467
1.098069 8.638157 0.199212 37.510467
1.098069 8.638157 0.199212 37.510467
2.726673 15.382972 5.628193 84.299367
1.093218 8.582043 0.191258 37.270679
1.093218 8.582043 0.191258 37.270679
1.093218 8.582043 0.191258 37.270679
1.831414 12.059266 2.210331 57.591728
1.446342 10.468079 1.190659 47.543979
1.446342 10.468079 1.190659 47.543979
1.446342 10.468079 1.190659 47.543979
3.013234 14.136872 5.930274 88.786444
1.459980 11.195001 1.031189 49.665743
1.459980 11.195001 1.031189 49.665743
1.459980 11.195001 1.031189 49.665743
0.937304 6.130965 0.673399 30.457256
1.737139 11.627224 2.524308 56.821385
1.737139 11.627224 2.524308 56.821385
1.737139 11.627224 2.524308 56.821385
1.737642 11.617793 2.521316 56.794268
1.737642 11.617793 2.521316 56.794268
1.737642 11.617793 2.521316 56.794268
1.460567 10.484346 1.557985 48.685702
1.144824 7.846024 1.105099 37.652604
4.607934 13.605867 11.248569 135.500365
3.690102 14.360433 8.872819 110.112673
3.588180 14.662815 8.749785 107.293559
3.588180 14.662815 8.749785 107.293559
3.588180 14.662815 8.749785 107.293559
4.191466 15.013604 8.943087 119.967463
4.191466 15.013604 8.943087 119.967463
4.191466 15.013604 8.943087 119.967463
1.892714 11.297123 2.487470 58.321866
1.892714 11.297123 2.487470 58.321866
1.892714 11.297123 2.487470 58.321866
1.600275 11.614781 1.755569 53.522948
1.600275 11.614781 1.755569 53.522948
1.600275 11.614781 1.755569 53.522948
1.452413 11.103859 1.031337 49.292408
1.452413 11.103859 1.031337 49.292408
1.452413 11.103859 1.031337 49.292408
1.341449 10.342971 0.757857 45.596279
1.341449 10.342971 0.757857 45.596279
1.341449 10.342971 0.757857 45.596279
1.011797 6.568449 0.822542 32.696630
1.202384 7.577212 1.260397 38.696822
1.825418 11.166469 2.996344 58.614687
0.654132 4.175219 0.119323 20.755393
2.762370 14.755511 6.253932 86.482754
2.265274 14.580922 3.882522 72.670538
2.265274 14.580922 3.882522 72.670538
2.265274 14.580922 3.882522 72.670538
1.825418 11.166470 2.996344 58.614688
1.500908 10.961953 1.403638 50.009072
1.500908 10.961953 1.403638 50.009072
1.500908 10.961953 1.403638 50.009072
1.000000 8.000000 -0.000000 34.564103
1.000000 8.000000 -0.000000 34.564103
1.000000 8.000000 -0.000000 34.564103
1.500909 10.961955 1.403639 50.009083
1.500909 10.961955 1.403639 50.009083
1.500909 10.961955 1.403639 50.009083
1.231320 7.876698 1.351441 39.646716
1.231320 7.876698 1.351441 39.646716
1.231320 7.876698 1.351441 39.646716
1.616960 11.821219 1.743811 54.224397
1.616960 11.821219 1.743811 54.224397
1.616960 11.821219 1.743811 54.224397
1.000000 8.000000 0.000000 34.564103
2.317986 14.326545 4.062274 72.980901
2.317986 14.326545 4.062274 72.980901
2.317986 14.326545 4.062274 72.980901
2.779676 15.528019 5.771164 85.639264
2.779676 15.528019 5.771164 85.639264
2.779676 15.528019 5.771164 85.639264
2.341996 13.119471 4.880529 74.275435
2.267428 14.587544 3.861440 72.597461
2.267428 14.587544 3.861440 72.597461
2.267428 14.587544 3.861440 72.597461
1.899094 10.933699 3.428594 60.602735
2.122698 12.801022 3.892183 67.848704
2.122698 12.801022 3.892183 67.848704
2.122698 12.801022 3.892183 67.848704
1.918751 12.842357 2.974852 62.693667
1.918751 12.842357 2.974852 62.693667
1.918751 12.842357 2.974852 62.693667
1.000000 8.000000 0.000000 34.564103
1.000000 8.000000 0.000000 34.564103
1.000000 8.000000 0.000000 34.564103
1.000000 8.000000 -0.000000 34.564103
1.000000 8.000000 -0.000000 34.564103
1.000000 8.000000 -0.000000 34.564103
1.192146 8.121242 -1.171963 39.278475
1.819085 12.777487 -2.485852 60.461352
1.819085 12.777487 -2.485852 60.461352
1.819085 12.777487 -2.485852 60.461352
1.277416 8.843522 -1.309709 42.163475
1.817817 9.737659 -2.866937 56.463960
2.386267 14.257596 -4.744007 76.366686
2.386267 14.257596 -4.744007 76.366686
1.195209 7.842917 -1.280474 38.941812
1.580728 9.539315 -2.319264 50.288657
2.352836 14.685264 -4.657599 76.685861
2.352836 14.685264 -4.657599 76.685861
2.352836 14.685264 -4.657599 76.685861
1.000000 8.000000 -0.000000 34.564103
1.000000 8.000000 -0.000000 34.564103
1.000000 8.000000 -0.000000 34.564103
1.433689 10.765153 -1.036727 47.969481
1.433689 10.765153 -1.036727 47.969481
1.433689 10.765153 -1.036727 47.969481
1.420757 10.489310 -1.038872 47.095527
1.420757 10.489310 -1.038872 47.095527
1.420757 10.489310 -1.038872 47.095527
1.526637 11.035819 -1.322968 50.074955
1.526637 11.035819 -1.322968 50.074955
1.526637 11.035819 -1.322968 50.074955
2.153462 13.933805 -3.831686 70.457603
2.153462 13.933805 -3.831686 70.457603
2.153462 13.933805 -3.831686 70.457603
1.790824 12.329772 -2.462719 58.938348
1.790824 12.329772 -2.462719 58.938348
1.790824 12.329772 -2.462719 58.938348
1.111407 7.348459 -1.096141 36.418709
1.529475 11.142207 1.606879 51.197524
1.529475 11.142207 1.606879 51.197524
1.529475 11.142207 1.606879 51.197524
1.460567 10.484346 1.557984 48.685701
1.600275 11.614782 1.755569 53.522951
1.600275 11.614782 1.755569 53.522951
1.600275 11.614782 1.755569 53.522951
1.285864 8.792152 1.417758 42.304195
1.285864 8.792152 1.417758 42.304195
1.285864 8.792152 1.417758 42.304195
1.610656 11.718613 1.736826 53.824940
1.610656 11.718613 1.736826 53.824940
1.610656 11.718613 1.736826 53.824940
1.142816 9.014192 0.290366 39.257741
1.142816 9.014192 0.290366 39.257741
1.142816 9.014192 0.290366 39.257741
1.142816 9.014191 0.290365 39.257738
1.142816 9.014191 0.290365 39.257738
1.142816 9.014191 0.290365 39.257738
1.069476 8.515418 0.117330 36.888244
1.069476 8.515418 0.117330 36.888244
1.069476 8.515418 0.117330 36.888244
1.000000 8.000000 -0.000000 34.564103
1.000000 8.000000 -0.000000 34.564103
1.000000 8.000000 -0.000000 34.564103
0.844110 5.671284 0.515428 27.419931
0.844110 5.671284 0.515428 27.419931
1.144824 7.846025 1.105099 37.652604
1.144824 7.846025 1.105099 37.652604
1.144824 7.846025 1.105099 37.652604
1.239351 8.331367 1.321768 40.534334
1.239351 8.331367 1.321768 40.534334
1.239351 8.331367 1.321768 40.534334
0.841129 5.647855 0.511205 27.338849
0.841129 5.647855 0.511205 27.338849
0.841129 5.647855 0.511205 27.338849
1.239351 8.331367 1.321768 40.534336
1.239351 8.331367 1.321768 40.534336
1.239351 8.331367 1.321768 40.534336
1.251106 8.496973 -1.300117 41.127301
1.251106 8.496973 -1.300117 41.127301
1.251106 8.496973 -1.300117 41.127301
1.395219 10.637473 -0.893734 47.060990
1.395219 10.637473 -0.893734 47.060990
1.395219 10.637473 -0.893734 47.060990
1.188563 9.330395 -0.387446 40.705382
1.188563 9.330395 -0.387446 40.705382
1.188563 9.330395 -0.387446 40.705382
1.047478 8.356005 -0.068674 36.134681
1.047478 8.356005 -0.068674 36.134681
1.047478 8.356005 -0.068674 36.134681
1.591342 12.029486 -1.352145 53.710516
1.591342 12.029486 -1.352145 53.710516
1.591342 12.029486 -1.352145 53.710516
1.589885 11.323251 -1.915860 53.190378
1.589885 11.323251 -1.915860 53.190378
1.135167 7.887799 -1.011839 37.407798
1.588337 11.957416 -1.353139 53.411178
1.588337 11.957416 -1.353139 53.411178
1.588337 11.957416 -1.353139 53.411178
1.734988 12.209690 -2.280745 57.751163
1.734988 12.209690 -2.280745 57.751163
1.734988 12.209690 -2.280745 57.751163
1.676546 12.369219 -1.779902 56.351563
1.676546 12.369219 -1.779902 56.351563
1.676546 12.369219 -1.779902 56.351563
1.419780 10.906128 -0.890649 48.115233
1.419780 10.906128 -0.890649 48.115233
1.419780 10.906128 -0.890649 48.115233
1.003431 8.026278 -0.003911 34.678006
2.076379 13.179704 -3.199084 65.428871
2.076379 13.179704 -3.199084 65.428871
2.076379 13.179704 -3.199084 65.428871
2.802322 14.495018 -6.308090 87.536602
2.802322 14.495018 -6.308090 87.536602
1.976143 12.860529 -2.971371 63.048651
1.976143 12.860529 -2.971371 63.048651
1.976143 12.860529 -2.971371 63.048651
1.000000 8.000000 -0.000000 34.564103
1.000000 8.000000 -0.000000 34.564103
1.000000 8.000000 -0.000000 34.564103
1.000000 8.000000 -0.000000 34.564103
2.437267 14.512683 -4.901911 77.822046
2.437267 14.512683 -4.901911 77.822046
2.437267 14.512683 -4.901911 77.822046
1.149591 8.980604 -0.319148 39.156498
1.149591 8.980604 -0.319148 39.156498
1.149591 8.980604 -0.319148 39.156498
1.093358 6.791695 -1.010167 34.908013
1.784332 11.554768 -2.822380 58.220010
1.784332 11.554768 -2.822380 58.220010
1.784332 11.554768 -2.822380 58.220010
2.634287 15.071346 -5.278707 81.809766
2.634287 15.071346 -5.278707 81.809766
2.634287 15.071346 -5.278707 81.809766
2.543236 13.471460 -5.440848 80.154562
2.543236 13.471460 -5.440848 80.154562
2.543236 13.471460 -5.440848 80.154562
1.000000 8.000000 0.000000 34.564103
1.000000 8.000000 0.000000 34.564103
1.000000 8.000000 0.000000 34.564103
1.000000 8.000000 0.000000 34.564103
1.000000 8.000000 0.000000 34.564103
1.000000 8.000000 0.000000 34.564103
1.000000 8.000000 -0.000000 34.564103
1.000000 8.000000 -0.000000 34.564103
1.000000 8.000000 -0.000000 34.564103
1.000000 8.000000 -0.000000 34.564103
1.000000 8.000000 -0.000000 34.564103
1.000000 8.000000 -0.000000 34.564103
3.334952 10.923597 -3.052329 92.930258
3.334952 10.923597 -3.052329 92.930258
3.334952 10.923597 -3.052329 92.930258
2.019103 10.661412 -2.331802 59.300023
2.019103 10.661412 -2.331802 59.300023
2.019103 10.661412 -2.331802 59.300023
1.000000 8.000000 0.000000 34.564103
1.000000 8.000000 0.000000 34.564103
1.000000 8.000000 0.000000 34.564103
1.000000 8.000000 -0.000000 34.564103
1.000000 8.000000 -0.000000 34.564103
1.000000 8.000000 -0.000000 34.564103
1.000000 8.000000 -0.000000 34.564103
1.000000 8.000000 -0.000000 34.564103
1.000000 8.000000 -0.000000 34.564103
1.766420 12.561937 -2.321720 59.090545
1.766420 12.561937 -2.321720 59.090545
1.766420 12.561937 -2.321720 59.090545
1.089837 8.660324 -0.138545 37.481423
1.089837 8.660324 -0.138545 37.481423
1.089837 8.660324 -0.138545 37.481423
1.180364 9.249714 -0.385716 40.365229
1.180364 9.249714 -0.385716 40.365229
1.180364 9.249714 -0.385716 40.365229
1.003431 8.026278 -0.003911 34.678005
1.002046 8.015748 -0.002291 34.632435
1.004768 8.036300 -0.005540 34.721249
1.004768 8.036300 -0.005540 34.721249
1.004768 8.036300 -0.005540 34.721249
1.050359 8.277031 -0.100385 35.904577
1.050359 8.277031 -0.100385 35.904577
1.050359 8.277031 -0.100385 35.904577
1.050144 8.276679 -0.101438 35.903393
1.050144 8.276679 -0.101438 35.903393
1.050144 8.276679 -0.101438 35.903393
1.015364 8.107061 -0.032717 35.045835
1.015364 8.107061 -0.032717 35.045835
1.015364 8.107061 -0.032717 35.045835
1.182273 9.099050 -0.422293 39.893778
1.182273 9.099050 -0.422293 39.893778
1.182273 9.099050 -0.422293 39.893778
2.672709 15.149887 -5.231416 82.308321
2.672709 15.149887 -5.231416 82.308321
2.672709 15.149887 -5.231416 82.308321
1.433689 10.765156 -1.036728 47.969496
1.433689 10.765156 -1.036728 47.969496
1.433689 10.765156 -1.036728 47.969496
1.784332 11.554768 -2.822380 58.220010
1.784332 11.554768 -2.822380 58.220010
1.784332 11.554768 -2.822380 58.220010
2.098750 13.143323 -3.853155 68.376588
2.098750 13.143323 -3.853155 68.376588
2.098750 13.143323 -3.853155 68.376588
1.232677 9.678368 -0.426300 42.159817
1.232677 9.678368 -0.426300 42.159817
1.232677 9.678368 -0.426300 42.159817
1.068272 8.509809 -0.098574 36.809304
1.068272 8.509809 -0.098574 36.809304
1.068272 8.509809 -0.098574 36.809304
1.589885 11.323252 -1.915860 53.190378
1.589885 11.323252 -1.915860 53.190378
1.589885 11.323252 -1.915860 53.190378
1.231084 9.659520 -0.425936 42.075392
1.231084 9.659520 -0.425936 42.075392
1.231084 9.659520 -0.425936 42.075392
1.059162 8.444681 -0.086188 36.527166
1.059162 8.444681 -0.086188 36.527166
1.059162 8.444681 -0.086188 36.527166
