1.000000 7.969558 0.697246 34.564103
1.000000 7.969558 0.697246 34.564103
1.000000 7.969558 0.697246 34.564103
1.000000 7.969558 0.697246 34.564103
1.000000 7.969558 0.697246 34.564103
1.326307 9.635506 0.092647 43.183342
3.468952 16.414553 -6.207438 103.066080
2.888604 16.560655 -5.224379 90.951821
3.479999 15.309229 -6.639389 105.228263
2.036188 10.318714 -2.488518 63.359792
1.331934 5.974350 -0.945295 39.791610
1.247212 9.192326 0.292499 40.896455
1.000000 7.969558 0.697246 34.564103
1.360391 9.766366 0.068917 43.901488
1.000000 7.969558 0.697246 34.564103
2.272319 11.941975 -2.283853 65.658030
2.999866 14.633460 -4.152526 87.751181
2.393120 11.855687 -1.443753 68.252401
1.000000 7.969558 0.697246 34.564103
1.000000 7.969558 0.697246 34.564103
1.000000 7.969558 0.697246 34.564103
1.000000 7.969558 0.697246 34.564103
1.000000 7.969558 0.697246 34.564103
1.000000 7.969558 0.697246 34.564103
1.000000 7.969558 0.697246 34.564103
1.000000 7.969558 0.697246 34.564103
1.000000 7.969558 0.697246 34.564103
1.000000 7.969558 0.697246 34.564103
1.000000 7.969558 0.697246 34.564103
1.000000 7.969558 0.697246 34.564103
1.000000 7.969558 0.697246 34.564103
1.000000 7.969558 0.697246 34.564103
1.650537 12.026882 -0.785696 55.035116
1.000000 7.969558 0.697246 34.564103
1.000000 7.969558 0.697246 34.564103
1.000000 7.969558 0.697246 34.564103
1.225295 9.521427 0.362317 41.603935
1.000000 7.969558 0.697246 34.564103
5.478393 7.621424 -9.297485 159.738603
5.863347 8.840039 -8.228110 168.544625
4.694100 12.374367 -9.435618 134.213946
5.222345 9.702956 -9.422621 151.914654
5.396420 11.982292 -8.850896 152.317189
1.000000 7.969558 0.697246 34.564103
5.783997 6.789416 -5.967304 164.674520
1.000000 7.969558 0.697246 34.564103
1.000000 7.969558 0.697246 34.564103
1.000000 7.969558 0.697246 34.564103
1.000000 7.969558 0.697246 34.564103
1.000000 7.969558 0.697246 34.564103
1.000000 7.969558 0.697246 34.564103
1.000000 7.969558 0.697246 34.564103
1.436937 9.375005 0.561645 44.251787
6.421569 4.060617 -5.798509 185.864594
5.820251 6.572141 -4.933531 165.026035
6.084247 5.144973 -6.825272 175.142278
6.778848 2.938830 -3.125052 196.631257
6.424792 4.704466 -1.355103 182.227611
6.125046 4.921405 -4.038040 173.637465
4.781866 9.248317 -4.206847 133.412087
1.000000 7.969558 0.697246 34.564103
1.000000 7.969558 0.697246 34.564103
1.000000 7.969558 0.697246 34.564103
6.036689 5.781855 -7.709391 174.916347
5.343801 10.102876 -6.984486 150.547317
3.186120 11.776782 -0.751261 87.206852
4.655192 12.992879 -5.182432 126.359911
4.609036 11.726784 -9.072196 133.787512
5.506370 9.409605 -5.741481 155.991060
3.996826 13.005894 -6.327552 111.883003
6.368372 3.573008 -4.622520 182.454168
6.614648 2.994586 -1.479821 189.362304
1.000000 7.969558 0.697246 34.564103
1.000000 7.969558 0.697246 34.564103
1.000000 7.969558 0.697246 34.564103
1.000000 7.969558 0.697246 34.564103
1.000000 7.969558 0.697246 34.564103
1.000000 7.969558 0.697246 34.564103
1.000000 7.969558 0.697246 34.564103
1.000000 7.969558 0.697246 34.564103
1.000000 7.969558 0.697246 34.564103
1.000000 7.969558 0.697246 34.564103
6.144613 5.538443 -2.597639 172.967889
6.777111 2.267876 0.212044 195.429336
6.161637 4.752203 1.541864 173.207545
6.522365 2.105491 3.714910 186.309038
1.000000 7.969558 0.697246 34.564103
4.537506 9.129747 3.955788 124.100893
5.760195 8.215237 6.155744 160.317569
1.000000 7.969558 0.697246 34.564103
4.398435 10.963814 -0.158521 117.524830
5.158361 8.399082 -1.152439 140.990473
6.758134 1.808344 2.862539 194.927505
6.439201 3.360249 1.812579 182.894804
6.557862 2.162822 1.508513 187.152493
6.437944 4.625838 4.093939 183.468971
6.369935 4.057269 5.007440 181.025268
6.358134 3.430460 3.067820 180.200390
6.445210 2.590831 4.657701 183.653180
6.640632 2.508291 5.768305 191.375659
6.393596 3.233385 7.037706 182.927657
6.355930 4.898282 6.018124 180.282625
6.351241 3.610071 8.113519 182.601777
1.000000 7.969558 0.697246 34.564103
6.366679 6.497444 6.501097 179.975450
1.000000 7.969558 0.697246 34.564103
5.813919 7.362833 10.870399 165.256411
6.354346 4.328680 6.985544 180.881242
5.943751 4.872759 9.706645 170.260212
1.000000 7.969558 0.697246 34.564103
1.000000 7.969558 0.697246 34.564103
1.000000 7.969558 0.697246 34.564103
1.000000 7.969558 0.697246 34.564103
1.000000 7.969558 0.697246 34.564103
1.000000 7.969558 0.697246 34.564103
1.000000 7.969558 0.697246 34.564103
1.000000 7.969558 0.697246 34.564103
1.000000 7.969558 0.697246 34.564103
1.000000 7.969558 0.697246 34.564103
1.000000 7.969558 0.697246 34.564103
1.000000 7.969558 0.697246 34.564103
1.000000 7.969558 0.697246 34.564103
1.000000 7.969558 0.697246 34.564103
1.000000 7.969558 0.697246 34.564103
1.000000 7.969558 0.697246 34.564103
1.000000 7.969558 0.697246 34.564103
1.000000 7.969558 0.697246 34.564103
1.000000 7.969558 0.697246 34.564103
1.000000 7.969558 0.697246 34.564103
1.000000 7.969558 0.697246 34.564103
1.000000 7.969558 0.697246 34.564103
1.000000 7.969558 0.697246 34.564103
1.000000 7.969558 0.697246 34.564103
1.000000 7.969558 0.697246 34.564103
1.000000 7.969558 0.697246 34.564103
1.000000 7.969558 0.697246 34.564103
1.000000 7.969558 0.697246 34.564103
1.000000 7.969558 0.697246 34.564103
1.116060 8.654330 0.479050 37.837115
1.000000 7.969558 0.697246 34.564103
5.751953 5.637742 10.309661 164.404185
1.000000 7.969558 0.697246 34.564103
1.000000 7.969558 0.697246 34.564103
5.386984 9.407094 0.085385 147.601926
5.893163 6.786430 3.829999 165.160927
1.000000 7.969558 0.697246 34.564103
1.000000 7.969558 0.697246 34.564103
1.000000 7.969558 0.697246 34.564103
5.611995 8.805175 11.743482 160.226091
4.916090 7.615844 11.015770 141.132175
1.680921 7.327210 2.735300 49.932482
2.835903 8.483417 7.622301 85.927276
0.843117 4.016758 1.771605 24.715514
5.690514 9.683817 12.139349 161.564901
5.001553 9.396081 11.549612 144.150405
4.717102 8.246776 11.112034 136.342309
4.559472 11.895944 11.593113 133.089586
5.506502 6.231118 10.666699 157.616183
5.355876 7.037649 11.053765 153.407192
6.099442 5.266009 8.831105 173.147233
6.115342 6.370586 9.619267 173.549283
6.100815 4.315589 9.016514 174.358903
5.816850 6.501957 10.245420 165.374963
1.971746 10.469924 2.174974 56.847515
5.098503 10.984137 6.862672 137.249697
1.504018 9.917530 2.177924 46.889333
4.559032 11.382756 9.079313 126.247093
5.101107 11.195050 10.449436 142.447590
1.000000 7.969558 0.697246 34.564103
1.000000 7.969558 0.697246 34.564103
1.000000 7.969558 0.697246 34.564103
1.000000 7.969558 0.697246 34.564103
1.000000 7.969558 0.697246 34.564103
1.000000 7.969558 0.697246 34.564103
1.000000 7.969558 0.697246 34.564103
1.000000 7.969558 0.697246 34.564103
1.000000 7.969558 0.697246 34.564103
1.000000 7.969558 0.697246 34.564103
1.000000 7.969558 0.697246 34.564103
1.000000 7.969558 0.697246 34.564103
1.024575 8.070585 0.724050 35.117502
4.116972 11.704978 7.569212 112.099890
6.191977 6.584357 7.914532 173.934645
6.083427 8.514861 10.618566 170.907708
1.595548 9.692391 1.613882 48.050741
1.000000 7.969558 0.697246 34.564103
1.000000 7.969558 0.697246 34.564103
1.000000 7.969558 0.697246 34.564103
1.000000 7.969558 0.697246 34.564103
1.000000 7.969558 0.697246 34.564103
1.000000 7.969558 0.697246 34.564103
1.000000 7.969558 0.697246 34.564103
1.000000 7.969558 0.697246 34.564103
1.000000 7.969558 0.697246 34.564103
1.000000 7.969558 0.697246 34.564103
1.000000 7.969558 0.697246 34.564103
1.000000 7.969558 0.697246 34.564103
1.000000 7.969558 0.697246 34.564103
1.000000 7.969558 0.697246 34.564103
1.000000 7.969558 0.697246 34.564103
1.000000 7.969558 0.697246 34.564103
1.000000 7.969558 0.697246 34.564103
1.000000 7.969558 0.697246 34.564103
1.000000 7.969558 0.697246 34.564103
1.000000 7.969558 0.697246 34.564103
1.000000 7.969558 0.697246 34.564103
1.000000 7.969558 0.697246 34.564103
1.000000 7.969558 0.697246 34.564103
1.000000 7.969558 0.697246 34.564103
1.000000 7.969558 0.697246 34.564103
1.000000 7.969558 0.697246 34.564103
1.000000 7.969558 0.697246 34.564103
1.000000 7.969558 0.697246 34.564103
1.000000 7.969558 0.697246 34.564103
1.000000 7.969558 0.697246 34.564103
1.000000 7.969558 0.697246 34.564103
1.000000 7.969558 0.697246 34.564103
5.173402 11.666357 12.937842 148.265207
5.177318 11.936255 13.268215 149.551750
4.629089 13.676509 11.599527 131.549291
1.000000 7.969558 0.697246 34.564103
1.000000 7.969558 0.697246 34.564103
1.000000 7.969558 0.697246 34.564103
1.000000 7.969558 0.697246 34.564103
1.000000 7.969558 0.697246 34.564103
1.000000 7.969558 0.697246 34.564103
1.000000 7.969558 0.697246 34.564103
1.000000 7.969558 0.697246 34.564103
1.000000 7.969558 0.697246 34.564103
1.000000 7.969558 0.697246 34.564103
1.000000 7.969558 0.697246 34.564103
1.000000 7.969558 0.697246 34.564103
1.000000 7.969558 0.697246 34.564103
1.000000 7.969558 0.697246 34.564103
1.000000 7.969558 0.697246 34.564103
1.211706 8.758692 0.884398 39.319623
1.000000 7.969558 0.697246 34.564103
1.000000 7.969558 0.697246 34.564103
1.000000 7.969558 0.697246 34.564103
1.000000 7.969558 0.697246 34.564103
1.000000 7.969558 0.697246 34.564103
1.000000 7.969558 0.697246 34.564103
1.318931 9.754309 1.610288 43.805802
1.190110 9.186892 1.210859 40.464900
1.000000 7.969558 0.697246 34.564103
1.000000 7.969558 0.697246 34.564103
1.000000 7.969558 0.697246 34.564103
1.000000 7.969558 0.697246 34.564103
1.000000 7.969558 0.697246 34.564103
1.000000 7.969558 0.697246 34.564103
1.000000 7.969558 0.697246 34.564103
1.000000 7.969558 0.697246 34.564103
1.000000 7.969558 0.697246 34.564103
1.000000 7.969558 0.697246 34.564103
1.000000 7.969558 0.697246 34.564103
5.865797 8.393858 11.105733 165.600611
5.495498 7.740405 11.131219 156.668650
5.745737 11.686402 12.595728 162.676195
5.453697 10.857453 13.041265 156.731443
3.233828 11.267947 8.067490 96.705322
1.836986 11.214486 2.964340 56.143423
4.163160 14.615300 11.573452 121.538579
1.340497 9.557682 1.581499 43.459778
2.249942 11.795820 4.503182 67.203473
2.569759 12.947389 5.444477 76.688391
1.000000 7.969558 0.697246 34.564103
1.149174 8.829713 1.088490 38.786708
1.000000 7.969558 0.697246 34.564103
1.000000 7.969558 0.697246 34.564103
2.492177 14.361869 6.190240 78.562516
1.130587 8.805398 1.066464 38.644312
1.000000 7.969558 0.697246 34.564103
1.000000 7.969558 0.697246 34.564103
1.000000 7.969558 0.697246 34.564103
1.000000 7.969558 0.697246 34.564103
1.000000 7.969558 0.697246 34.564103
1.008153 8.004437 0.731502 34.759072
1.180015 8.767738 1.197071 38.946572
3.978313 13.421075 8.231863 110.470282
1.000000 7.969558 0.697246 34.564103
1.442032 10.045063 2.046719 46.346224
5.849445 9.358402 11.925377 165.566600
4.137142 13.259607 9.084933 116.548163
5.108413 13.438880 12.639105 145.359542
5.151637 9.431675 11.924653 147.511315
4.118607 10.258958 10.664672 120.801093
1.191598 8.980148 1.189494 39.687241
1.000000 7.969558 0.697246 34.564103
1.000000 7.969558 0.697246 34.564103
2.387302 11.633183 3.937043 68.835235
1.000000 7.969558 0.697246 34.564103
1.000000 7.969558 0.697246 34.564103
1.000000 7.969558 0.697246 34.564103
1.000000 7.969558 0.697246 34.564103
1.000000 7.969558 0.697246 34.564103
1.000000 7.969558 0.697246 34.564103
1.000000 7.969558 0.697246 34.564103
1.000000 7.969558 0.697246 34.564103
1.000000 7.969558 0.697246 34.564103
4.066011 11.282471 0.137558 108.253669
6.313758 6.032976 -0.055432 177.712515
4.762111 7.839606 1.454256 128.967390
3.911179 11.313075 3.558860 104.821865
6.275033 8.231501 9.043072 175.551719
6.278546 5.237088 7.997404 178.092194
6.148099 7.717313 9.799264 172.991028
5.391591 10.462954 8.997503 147.842776
1.000000 7.969558 0.697246 34.564103
2.221293 10.356838 1.784577 62.731996
1.447538 9.598555 1.761335 45.065324
3.215318 13.423723 8.767740 98.243093
2.273404 10.238507 4.885535 69.306532
2.582844 11.635602 6.308274 79.325107
1.000000 7.969558 0.697246 34.564103
1.000000 7.969558 0.697246 34.564103
0.885787 4.138875 1.785405 25.696555
1.000000 7.969558 0.697246 34.564103
1.000000 7.969558 0.697246 34.564103
1.000000 7.969558 0.697246 34.564103
1.000000 7.969558 0.697246 34.564103
1.000000 7.969558 0.697246 34.564103
1.000000 7.969558 0.697246 34.564103
1.000000 7.969558 0.697246 34.564103
1.000000 7.969558 0.697246 34.564103
1.000000 7.969558 0.697246 34.564103
1.000000 7.969558 0.697246 34.564103
1.000000 7.969558 0.697246 34.564103
1.000000 7.969558 0.697246 34.564103
1.000000 7.969558 0.697246 34.564103
1.000000 7.969558 0.697246 34.564103
1.000000 7.969558 0.697246 34.564103
1.000000 7.969558 0.697246 34.564103
1.000000 7.969558 0.697246 34.564103
1.000000 7.969558 0.697246 34.564103
1.000000 7.969558 0.697246 34.564103
1.000000 7.969558 0.697246 34.564103
1.000000 7.969558 0.697246 34.564103
1.000000 7.969558 0.697246 34.564103
1.000000 7.969558 0.697246 34.564103
1.000000 7.969558 0.697246 34.564103
1.000000 7.969558 0.697246 34.564103
1.000000 7.969558 0.697246 34.564103
1.000000 7.969558 0.697246 34.564103
1.000000 7.969558 0.697246 34.564103
1.000000 7.969558 0.697246 34.564103
1.000000 7.969558 0.697246 34.564103
1.000000 7.969558 0.697246 34.564103
1.000000 7.969558 0.697246 34.564103
1.551978 11.482747 2.400824 52.435318
1.000000 7.969558 0.697246 34.564103
1.000000 7.969558 0.697246 34.564103
1.000000 7.969558 0.697246 34.564103
1.000000 7.969558 0.697246 34.564103
1.000000 7.969558 0.697246 34.564103
1.000000 7.969558 0.697246 34.564103
1.000000 7.969558 0.697246 34.564103
1.000000 7.969558 0.697246 34.564103
1.000000 7.969558 0.697246 34.564103
1.000000 7.969558 0.697246 34.564103
1.000000 7.969558 0.697246 34.564103
1.000000 7.969558 0.697246 34.564103
1.565793 11.407139 2.549651 52.673216
1.361572 10.435014 1.679575 46.413770
1.253546 9.693012 1.378487 42.839187
1.000000 7.969558 0.697246 34.564103
1.000000 7.969558 0.697246 34.564103
1.000000 7.969558 0.697246 34.564103
1.556020 11.232858 2.507920 52.089680
1.556020 11.232859 2.507921 52.089688
1.000000 7.969558 0.697246 34.564103
1.000000 7.969558 0.697246 34.564103
1.000000 7.969558 0.697246 34.564103
1.000000 7.969558 0.697246 34.564103
1.000000 7.969558 0.697246 34.564103
1.000000 7.969558 0.697246 34.564103
0.099215 0.408793 -0.268021 2.551897
0.060127 0.261936 -0.184558 1.582837
0.136618 0.684918 -0.318732 3.771729
0.154105 0.790399 -0.360131 4.298537
0.009158 0.038602 -0.039308 0.223450
1.142139 8.993113 1.031430 39.304429
1.000000 7.969558 0.697246 34.564103
1.172605 9.176919 1.133970 40.255840
1.172605 9.176920 1.133970 40.255844
0.089509 0.470472 -0.180229 2.371523
0.124890 0.634406 -0.268978 3.356129
0.579113 3.234422 -0.119869 17.708184
0.716380 3.862321 0.083201 21.697511
0.481473 2.590043 -0.162928 14.298623
0.173969 0.923978 -0.229523 4.791574
0.134507 0.740993 -0.081403 3.604429
0.058439 0.336704 -0.091254 1.572785
0.424315 2.316165 -0.283759 12.661699
0.215821 1.126975 -0.323385 6.006905
0.205075 1.077075 -0.325384 5.743674
0.156485 0.778343 -0.286375 4.162690
0.066754 0.314270 -0.214308 1.817263
0.530425 2.846860 0.709241 15.970501
0.078353 0.496671 0.012042 2.216883
0.561696 2.967502 0.178391 16.682666
0.056996 0.329145 -0.089480 1.535122
1.093540 6.111276 1.292150 34.135784
1.954529 10.261406 4.375988 61.107632
2.634902 15.464924 6.830760 84.224171
2.784682 15.269589 7.380258 87.116480
1.861511 9.349767 3.683794 57.442251
1.452809 7.744802 2.340844 45.314311
2.722264 12.862624 7.070998 83.641512
1.460151 10.372265 2.158293 48.018026
3.216513 15.476268 9.075185 98.748906
1.465315 10.354904 2.147832 47.969363
3.680962 13.782123 10.273545 111.000402
2.625480 14.459301 6.280668 80.435422
2.006293 12.659680 4.190079 63.923193
3.506709 14.564130 8.889006 103.520762
3.146248 12.891513 8.491467 96.521292
3.373571 14.606599 9.282980 102.107098
1.417147 7.051427 2.077654 43.425503
1.611065 8.097996 2.618821 49.672675
1.610740 8.108656 2.646470 49.558303
2.582844 11.635602 6.308274 79.325112
2.158638 9.468816 4.670464 66.212708
0.228281 1.202325 -0.379826 6.470779
0.201769 1.055319 -0.217142 5.474135
0.102673 0.530164 -0.198539 2.705145
0.471647 2.756852 -0.283126 14.702378
0.891335 5.062279 0.585320 27.838519
0.462950 2.642232 -0.297886 14.270124
0.624203 3.586245 -0.044027 19.379518
0.735488 4.178840 0.166012 22.733521
0.886126 4.907363 0.550812 27.539434
0.715224 3.872520 0.103269 21.623521
0.362949 2.012104 -0.343696 10.942433
0.142272 0.776742 -0.074921 3.782267
0.381481 1.184950 -0.092141 9.661992
0.176614 0.666473 -0.166513 4.430465
0.447084 1.423126 0.218297 11.740572
0.167055 0.681971 0.497248 4.508732
0.271422 1.545344 -0.418270 8.285160
0.246277 1.265909 -0.403983 7.094405
0.335115 1.313029 -0.089083 8.912453
0.504576 1.822144 0.168183 13.615809
0.375230 1.381898 -0.053071 9.855057
0.485794 1.724929 0.232439 13.022793
0.508654 1.930337 0.223503 13.853277
0.331856 1.554589 0.628990 9.445648
0.554472 2.540551 0.208636 15.876110
1.565440 11.418163 2.551853 52.724273
0.592708 3.684886 0.308351 18.643287
0.597030 3.736575 0.320753 18.817047
0.722190 4.610758 0.607360 23.162242
1.414098 9.108497 2.559705 45.976678
1.414098 9.108497 2.559705 45.976679
0.756277 4.992670 0.799264 24.467758
1.196530 8.271685 1.836347 39.552714
0.863653 5.731924 1.036700 28.052279
0.016193 0.065171 -0.059364 0.382846
0.054099 0.157370 -0.148544 1.288314
0.068908 0.303718 -0.213239 1.809978
0.229431 0.915706 0.507250 6.219788
0.155783 0.796856 -0.360271 4.335355
0.142180 0.714026 -0.341410 3.940684
0.161630 0.834095 -0.388141 4.559882
0.539630 2.711316 0.070081 15.794654
0.511746 2.345824 0.113931 14.632922
0.526639 2.323179 0.103599 14.920738
0.464962 2.241434 0.424457 13.359993
0.561695 2.650967 0.202141 16.221350
0.530425 3.125457 0.531713 16.444631
0.552468 2.793321 0.224179 16.273390
0.763665 3.822505 0.599916 22.226955
0.427645 2.345126 -0.080131 12.886928
1.407260 7.000832 2.071568 43.217256
2.075255 9.275305 4.471813 64.084407
1.477295 6.861020 2.097624 44.125123
1.302884 6.353657 1.687085 39.595053
0.441208 2.536512 -0.318226 13.676556
1.843462 9.259040 3.602425 57.274996
0.620998 3.575362 -0.043369 19.323081
0.880136 4.883778 0.540077 27.384452
0.582944 3.238757 -0.127705 17.797729
0.472804 2.760867 -0.283221 14.720932
4.327270 12.268909 11.630683 127.125788
3.629545 13.345979 10.178246 109.433582
4.092682 14.402120 12.076397 122.869820
0.149043 0.874991 0.020135 4.118561
0.809223 4.266064 0.251751 24.251070
0.572608 3.009353 0.165132 16.943200
0.403925 2.220198 -0.253529 12.153413
3.335594 9.957346 8.047930 98.637551
2.794641 9.641218 6.868289 84.430356
1.392226 6.532592 2.006082 42.251032
3.208543 11.404214 8.170380 95.881926
3.070428 12.005089 5.127915 83.669384
4.534481 14.396788 12.300149 131.838777
2.516591 12.817763 5.461218 75.608480
0.238481 1.286940 -0.417217 6.936836
0.371034 2.061033 -0.357587 11.167073
0.160001 0.823888 -0.382447 4.506688
0.222234 1.206198 -0.427054 6.507302
0.163309 0.842667 -0.385032 4.596652
0.223169 1.178553 -0.380450 6.344535
0.145495 0.729489 -0.281411 3.911746
0.159103 0.797331 -0.335978 4.341299
0.124890 0.634406 -0.268978 3.356130
0.231459 0.976424 0.531474 6.361316
0.300650 0.881276 -0.005901 7.467123
0.257820 1.006762 -0.257589 6.640820
0.099826 0.447388 -0.276329 2.648414
0.109202 0.433677 0.135579 2.627998
0.345046 1.961382 -0.406495 10.538215
0.331467 1.860894 -0.390266 10.057981
0.301706 1.720425 -0.428264 9.245346
0.193879 1.044553 -0.419142 5.668539
0.301706 1.720426 -0.428264 9.245347
0.205886 1.138025 -0.432523 6.155732
0.137320 0.688148 -0.337600 3.813868
0.375104 1.586795 -0.175626 10.186085
0.146413 0.743338 -0.363252 4.101559
0.423868 1.671609 0.382555 11.519250
0.335538 1.965017 -0.414939 10.430734
1.449884 10.062760 2.475357 48.088532
1.562491 11.375845 2.543816 52.548493
1.525960 11.208293 2.370666 51.378234
0.580704 3.120288 0.232242 17.429047
0.575171 3.223758 0.293791 17.505291
0.577223 3.404311 0.267176 17.846908
0.569094 3.568019 0.194393 17.946084
0.760745 4.846492 0.694380 24.357895
0.569063 3.560483 0.174741 17.987316
0.564890 3.144762 0.181146 17.129646
0.569605 3.562376 0.175690 18.000453
0.557193 3.052370 0.082555 16.761134
0.543738 3.321520 0.074149 17.040272
0.535741 3.300263 0.061746 16.861997
0.555891 2.655713 0.198002 16.105464
0.551941 2.843483 0.229452 16.343656
0.550858 3.120369 0.115996 16.791043
0.901897 5.594900 1.017205 28.886740
0.915568 5.362275 0.928174 28.521314
0.742087 4.468185 0.503879 23.325994
1.420839 8.416445 2.584757 45.322073
0.452529 1.989308 0.437235 12.637013
0.549949 2.493304 0.275377 15.622504
0.456938 2.443416 0.576543 13.599589
0.403818 2.286844 0.656737 12.339961
0.517885 3.099217 0.576907 16.298379
0.540681 2.538750 0.267229 15.534028
0.504792 2.077229 0.076352 13.987531
0.415055 2.346673 -0.220066 12.547509
0.431858 1.705602 -0.080935 11.633881
0.491878 2.202551 0.026556 13.985642
0.363507 1.772635 -0.266784 10.410994
0.551642 3.085896 0.202151 16.741130
0.527485 3.170377 0.493309 16.435801
0.514182 3.086457 0.552074 16.092375
0.681507 4.240704 0.312934 21.763545
0.740050 5.020842 0.121480 24.020349
0.694527 4.605080 0.142342 22.389340
0.875020 6.018874 0.037269 28.544600
1.088531 7.634043 -0.239309 35.914831
0.530247 3.101476 0.293019 16.322760
0.554613 3.175685 0.182951 16.959096
0.527595 2.976331 0.212408 16.059349
0.526580 2.919917 0.235829 15.951911
0.668633 4.368593 0.146559 21.461736
0.217506 1.176865 -0.417517 6.361458
0.335538 1.965016 -0.414939 10.430732
0.356827 2.115823 -0.409473 11.118590
1.182572 6.427816 1.361452 36.728583
1.174714 6.405366 1.329100 36.722455
0.733535 4.172602 0.160868 22.722197
0.567620 3.304388 -0.139113 17.649792
0.892333 5.063588 0.590598 27.832506
0.911698 5.032435 0.559821 28.035459
0.923503 5.707213 1.068929 29.504848
0.742087 4.468185 0.503879 23.325991
0.896035 5.198318 0.829698 28.088200
0.659039 3.871611 0.101694 20.464944
0.483304 2.885761 -0.129495 14.976333
0.588451 3.590885 0.264761 18.382690
0.573965 3.174389 0.293188 17.387282
0.592996 3.584412 0.361452 18.471659
2.394196 12.094265 5.979093 74.385317
2.399878 13.993292 5.977283 76.789191
1.420839 8.416446 2.584757 45.322074
1.825264 12.323345 3.551027 59.951861
1.000000 7.969558 0.697246 34.564103
1.825265 12.323347 3.551029 59.951872
0.920776 5.774136 1.103321 29.393787
1.585112 11.002079 2.837449 52.573441
1.000000 7.969558 0.697246 34.564103
2.341032 11.499209 5.669681 72.538258
2.763359 14.958648 7.259694 86.311052
3.177323 15.316392 8.910779 97.697168
3.305834 14.707450 9.098476 99.986816
2.273886 10.248524 4.902680 69.242384
1.965349 10.475285 4.484654 61.585132
1.460166 7.782469 2.395684 45.294533
2.499888 14.490249 6.335001 79.693891
1.537934 8.561839 3.009912 48.614680
1.699587 9.836658 3.491230 53.902515
1.100087 6.169644 1.370183 34.145400
0.567660 3.304299 -0.140832 17.658636
0.483305 2.885762 -0.129495 14.976338
0.540299 3.226432 -0.113614 16.906966
0.559942 3.342492 -0.084415 17.501179
0.652152 3.843992 0.048080 20.463580
0.505763 2.996322 -0.224689 15.912259
0.435407 2.284775 -0.311797 12.874493
0.370859 2.112765 -0.364007 11.332477
0.353699 1.778583 -0.257040 10.247682
0.416756 2.336640 -0.230862 12.581797
1.672752 10.677566 3.342042 54.258625
1.000000 7.969558 0.697246 34.564103
1.000000 7.969558 0.697246 34.564103
1.000000 7.969558 0.697246 34.564103
1.000000 7.969558 0.697246 34.564103
1.000000 7.969558 0.697246 34.564103
1.000000 7.969558 0.697246 34.564103
1.000000 7.969558 0.697246 34.564103
1.000000 7.969558 0.697246 34.564103
1.000000 7.969558 0.697246 34.564103
0.529630 2.707915 0.416171 15.540873
0.250329 1.272327 -0.412555 7.179502
0.448735 2.479701 0.555904 13.535090
1.561128 10.971557 -0.967639 51.633032
1.677379 12.460333 -0.681593 56.362834
1.561128 10.971557 -0.967640 51.633033
1.677359 12.022092 -1.056915 55.825827
1.496018 10.699779 -0.777807 49.720468
0.554613 3.175686 0.182952 16.959104
0.514219 3.036794 0.168123 15.880165
0.501316 2.990930 0.257814 15.523405
0.761963 4.900926 0.141533 24.578563
0.856756 5.728812 0.023796 27.875484
0.520464 2.772638 0.397551 15.504655
0.525636 3.080446 0.430852 16.199231
0.572378 2.896268 0.259357 16.816643
0.668738 3.843510 0.477386 20.804473
1.860581 10.639054 -2.198446 58.564693
1.278429 7.210719 -0.610473 39.850471
2.221887 12.368816 -3.210862 69.407249
1.473729 9.372840 -1.192717 47.453947
1.072399 6.486624 -0.246451 33.950286
2.174069 14.226609 -2.478640 70.127088
1.304189 7.384383 -0.674011 40.362488
1.528903 10.384740 -1.074093 49.980543
2.034935 12.743301 -2.553492 65.448592
1.996005 12.238054 -2.462026 63.719627
2.135389 14.578638 -2.245809 70.041444
1.000000 7.969558 0.697246 34.564103
1.055513 8.362103 0.620713 36.315431
1.085987 8.509125 0.556689 37.068663
1.085987 8.509126 0.556689 37.068668
2.103356 14.626681 -1.998913 69.159612
1.099172 7.099839 -0.425401 35.550715
1.520741 10.334087 -1.058969 49.737314
0.856756 5.728812 0.023796 27.875485
1.650537 12.026884 -0.785697 55.035127
0.561674 2.894775 0.249296 16.608976
0.529140 3.089290 0.439226 16.285172
0.568288 3.167482 0.316813 17.188912
0.594516 3.761858 0.301154 18.971714
0.653695 4.309291 0.237162 21.152034
0.555605 3.143068 0.292190 16.906170
0.761963 4.900926 0.141533 24.578562
0.594516 3.761859 0.301154 18.971718
0.934992 6.348633 -0.040790 30.453620
1.478826 10.073626 -0.983729 48.479684
0.878064 6.041273 0.034188 28.641353
0.577698 3.518912 0.256154 18.098029
0.652315 4.288021 0.237031 21.080016
0.587563 3.674196 0.238379 18.594519
0.533992 2.849561 0.214670 15.975229
0.589513 3.609844 0.211393 18.481449
0.589513 3.609845 0.211393 18.481457
0.711235 4.268953 0.366862 22.433620
0.748420 4.636707 0.232831 23.807391
0.507385 3.011762 0.578511 15.906018
0.618950 3.908028 0.509870 19.638957
0.605894 3.866879 0.494265 19.288419
0.816459 5.526415 0.930162 26.654934
1.261896 8.836507 1.981018 41.895140
0.564399 3.076021 0.229173 16.965370
0.580674 3.426646 0.282004 17.959192
0.516412 2.768229 0.393860 15.422760
0.563509 2.882151 0.239157 16.639354
0.547951 2.746495 0.101793 16.034663
0.551197 2.779808 0.220588 16.230364
0.574740 3.169302 0.166128 17.361528
1.200813 8.299824 1.847360 39.686581
0.375667 1.165439 0.358126 9.740302
0.267767 1.081059 0.528727 7.194013
0.330760 1.633135 0.728702 9.523648
0.329122 1.537965 0.653158 9.498543
0.478161 2.226034 0.427105 13.569014
0.516627 2.085469 0.359012 14.199034
0.371725 1.972937 0.692666 11.040827
0.387772 2.071344 0.768467 11.647451
0.406279 2.275311 0.675402 12.393186
0.380957 2.080816 0.733861 11.501578
0.456742 2.584918 0.673609 14.003222
0.312525 1.466255 0.736161 8.827363
0.324794 1.619650 0.739624 9.377612
0.326706 1.033297 0.646701 8.420485
0.303616 1.458252 0.674698 8.747924
0.331072 1.271349 0.372777 8.899048
0.296004 1.395536 0.648423 8.524572
0.358634 1.557000 0.760837 9.935768
0.271671 1.315265 0.735432 7.835735
0.339000 1.540631 0.718171 9.525687
0.417234 2.131096 0.792223 12.294477
0.362322 1.672174 0.662632 10.327241
0.516599 2.903237 0.667137 15.813388
0.383886 2.083780 0.753014 11.605108
0.335467 1.728550 0.704045 9.864269
0.329029 1.697470 0.728018 9.687023
0.538376 2.994555 0.687902 16.484644
0.390361 2.123084 0.754370 11.800165
0.384766 1.998159 0.774968 11.357404
0.330492 1.631429 0.728457 9.517199
0.343496 1.545492 0.647583 9.664793
0.321525 1.532707 0.660960 9.248641
0.524997 2.862236 0.712070 15.998401
0.323130 1.513039 0.660063 9.269652
0.582747 3.630983 0.441329 18.380207
0.756853 4.996557 0.800631 24.485777
1.449884 10.062760 2.475357 48.088533
0.958811 6.366389 1.265254 31.189674
1.583916 10.976807 2.829891 52.475329
1.347694 10.197024 1.735571 45.779847
1.347694 10.197023 1.735570 45.779841
1.218688 9.465160 1.285539 41.758122
1.000000 7.969558 0.697246 34.564103
0.592996 3.584411 0.361452 18.471651
0.684052 4.405015 0.625415 21.908113
0.745142 4.752811 0.657974 23.880639
0.537516 3.223551 -0.058189 16.699615
0.863653 5.731924 1.036700 28.052277
0.930974 6.098937 1.180919 30.224160
0.683416 4.397475 0.622852 21.889107
0.930974 6.098937 1.180919 30.224159
0.522846 2.963104 0.219167 15.943830
0.554885 3.288549 0.333546 17.168249
0.532290 2.928664 0.226841 16.081690
0.560198 3.225918 0.179026 17.165447
0.538771 2.936920 0.241906 16.233238
0.567492 3.164029 0.301440 17.247769
0.546063 2.864462 0.243040 16.257629
0.549305 3.038493 0.198200 16.604818
0.552898 2.853543 0.229890 16.378029
0.555400 2.871344 0.228888 16.458101
0.618955 3.910605 0.511148 19.641779
0.560162 3.296106 0.323232 17.283062
0.525266 3.122795 0.314441 16.260261
0.581575 3.591424 0.125450 18.240566
1.205852 8.551535 -0.372420 39.940077
0.807337 5.446478 0.091666 26.255572
1.130944 7.924694 -0.299156 37.256080
1.608718 11.287486 -1.050254 53.117937
1.130944 7.924694 -0.299156 37.256080
1.384558 9.934873 -0.598014 46.075593
0.931496 6.533615 -0.051009 30.672812
1.205852 8.551534 -0.372420 39.940076
0.758289 5.179347 0.056317 24.688240
0.694698 4.608704 0.142491 22.399671
0.631019 4.078280 0.114456 20.107864
0.931495 6.533615 -0.051009 30.672811
0.631019 4.078281 0.114456 20.107869
0.583275 3.607344 0.123061 18.301068
0.807337 5.446478 0.091666 26.255573
1.496018 10.699778 -0.777807 49.720468
1.056968 8.377396 0.633959 36.360244
1.016631 8.096705 0.685162 35.116422
1.000000 7.969558 0.697246 34.564103
1.150167 9.073591 0.536648 39.434484
1.715975 12.793853 -0.725553 57.785974
1.567262 11.509026 -0.679453 52.525883
1.530168 11.020549 -0.804201 51.010396
1.140510 8.978815 0.530565 39.032159
1.692999 12.547279 -0.721012 56.814256
1.432828 11.060997 0.030169 48.728332
1.051172 8.346787 0.648273 36.216328
1.000000 7.969558 0.697246 34.564103
1.114994 7.954603 -0.239664 36.983482
0.073960 0.326696 0.255790 1.972637
0.126180 0.499274 0.360240 3.253821
0.753289 3.967122 0.522029 22.537176
0.544571 3.370806 0.142324 17.081112
0.517940 3.053253 0.162559 15.980373
0.740050 5.020842 0.121479 24.020354
5.762557 6.903810 -8.475866 166.474901
3.099893 16.205676 -6.193214 96.837551
1.247711 9.447786 0.226162 41.680386
2.935026 16.728272 -5.306920 92.133129
1.247817 9.560606 0.263336 41.971053
1.000000 7.969558 0.697246 34.564103
1.000000 7.969558 0.697246 34.564103
2.174068 14.226605 -2.478638 70.127062
1.000000 7.969558 0.697246 34.564103
0.750356 4.624122 0.266355 23.926303
0.806760 4.942038 0.200646 25.592215
0.714545 4.285514 0.363684 22.522564
0.843467 5.006640 0.184760 26.445985
0.562319 3.282502 0.548920 17.478951
1.201383 7.206092 -0.489959 37.883776
1.099172 7.099840 -0.425401 35.550717
1.473729 9.372839 -1.192716 47.453943
1.940405 13.305062 -1.795707 63.577022
1.666207 11.726340 -0.864523 54.086574
1.071491 6.491816 -0.256927 33.908518
0.838503 4.961292 0.203099 26.381593
1.791231 10.337986 -2.045813 56.697743
1.060993 6.161600 -0.181477 33.171043
1.060993 6.161600 -0.181478 33.171042
0.314340 1.544583 0.738855 9.025119
2.838792 16.234671 -5.005519 89.369766
0.373105 1.843676 0.690816 10.744472
0.458456 1.728040 0.349904 12.348252
0.338284 1.701088 0.709632 9.849278
0.669212 3.859630 0.460289 20.756309
0.368118 1.967029 0.682103 10.953716
0.561227 3.263950 0.562804 17.497630
0.500409 2.935667 0.592632 15.633728
1.000000 7.969558 0.697246 34.564103
1.000000 7.969558 0.697246 34.564103
1.000000 7.969558 0.697246 34.564103
1.000000 7.969558 0.697246 34.564103
1.000000 7.969558 0.697246 34.564103
1.000000 7.969558 0.697246 34.564103
1.000000 7.969558 0.697246 34.564103
1.000000 7.969558 0.697246 34.564103
1.000000 7.969558 0.697246 34.564103
1.000000 7.969558 0.697246 34.564103
1.000000 7.969558 0.697246 34.564103
1.000000 7.969558 0.697246 34.564103
1.000000 7.969558 0.697246 34.564103
1.000000 7.969558 0.697246 34.564103
1.000000 7.969558 0.697246 34.564103
1.000000 7.969558 0.697246 34.564103
2.906504 10.967775 -1.193186 81.100086
1.729335 10.241796 -0.647687 51.759838
1.000000 7.969558 0.697246 34.564103
1.000000 7.969558 0.697246 34.564103
1.000000 7.969558 0.697246 34.564103
1.000000 7.969558 0.697246 34.564103
1.000000 7.969558 0.697246 34.564103
1.384558 9.934873 -0.598014 46.075592
1.709498 12.818423 -0.658530 57.701889
1.000000 7.969558 0.697246 34.564103
1.015748 8.088817 0.684287 35.082660
1.000000 7.969558 0.697246 34.564103
1.000000 7.969558 0.697246 34.564103
1.000000 7.969558 0.697246 34.564103
1.000000 7.969558 0.697246 34.564103
1.000000 7.969558 0.697246 34.564103
1.000000 7.969558 0.697246 34.564103
1.000000 7.969558 0.697246 34.564103
1.000000 7.969558 0.697246 34.564103
1.000000 7.969558 0.697246 34.564103
1.000000 7.969558 0.697246 34.564103
1.000000 7.969558 0.697246 34.564103
1.000000 7.969558 0.697246 34.564103
1.000000 7.969558 0.697246 34.564103
1.000000 7.969558 0.697246 34.564103
1.000000 7.969558 0.697246 34.564103
1.000000 7.969558 0.697246 34.564103
1.000000 7.969558 0.697246 34.564103
1.000000 7.969558 0.697246 34.564103
1.000000 7.969558 0.697246 34.564103
4.486513 14.569674 -8.292613 126.970694
2.624752 14.608318 -3.796897 80.052494
2.404080 10.555760 -3.775084 72.800119
3.391338 16.303575 -6.063655 101.002319
3.041773 16.508515 -5.672447 93.772358
2.673613 9.338308 -5.169403 81.589936
0.814001 3.486745 -0.745558 22.153483
2.862180 8.434224 -6.228643 87.216607
1.000000 7.969558 0.697246 34.564103
1.000000 7.969558 0.697246 34.564103
1.000000 7.969558 0.697246 34.564103
1.000000 7.969558 0.697246 34.564103
1.686132 11.560083 -0.820138 53.708307
3.343282 17.139938 -6.964489 103.554616
3.242458 14.840718 -6.233111 99.310119
4.210307 10.282518 -8.772220 123.723155
1.270589 9.556201 0.201878 42.223875
4.043713 14.922883 -8.469945 118.400802
2.128661 11.882018 -2.168272 63.629921
5.344725 9.844848 -9.074071 152.987123
3.395186 9.813291 -6.182665 100.744460
5.022983 8.280196 -9.733081 147.360443
1.000000 7.969558 0.697246 34.564103
1.056970 8.376732 0.621148 36.379394
1.940405 13.305064 -1.795708 63.577032
2.191613 14.667660 -2.471914 71.423270
1.000000 7.969558 0.697246 34.564103
1.000000 7.969558 0.697246 34.564103
1.000000 7.969558 0.697246 34.564103
1.013504 8.071915 0.688279 35.004657
1.000000 7.969558 0.697246 34.564103
1.000000 7.969558 0.697246 34.564103
1.715974 12.793852 -0.725552 57.785966
1.013215 8.069115 0.688131 34.991993
1.001159 7.978491 0.696736 34.602327
1.000000 7.969558 0.697246 34.564103
1.000000 7.969558 0.697246 34.564103
1.000000 7.969558 0.697246 34.564103
1.000000 7.969558 0.697246 34.564103
1.000000 7.969558 0.697246 34.564103
1.000000 7.969558 0.697246 34.564103
1.000000 7.969558 0.697246 34.564103
1.000000 7.969558 0.697246 34.564103
1.000000 7.969558 0.697246 34.564103
1.000000 7.969558 0.697246 34.564103
1.000000 7.969558 0.697246 34.564103
1.000000 7.969558 0.697246 34.564103
1.000000 7.969558 0.697246 34.564103
1.000000 7.969558 0.697246 34.564103
1.000000 7.969558 0.697246 34.564103
1.000000 7.969558 0.697246 34.564103
1.000000 7.969558 0.697246 34.564103
1.000000 7.969558 0.697246 34.564103
1.000000 7.969558 0.697246 34.564103
1.000000 7.969558 0.697246 34.564103
1.000000 7.969558 0.697246 34.564103
1.000000 7.969558 0.697246 34.564103
1.000000 7.969558 0.697246 34.564103
1.000000 7.969558 0.697246 34.564103
1.000000 7.969558 0.697246 34.564103
1.000000 7.969558 0.697246 34.564103
1.000000 7.969558 0.697246 34.564103
1.000000 7.969558 0.697246 34.564103
1.000000 7.969558 0.697246 34.564103
1.000000 7.969558 0.697246 34.564103
1.000000 7.969558 0.697246 34.564103
1.000000 7.969558 0.697246 34.564103
1.000000 7.969558 0.697246 34.564103
1.000000 7.969558 0.697246 34.564103
1.000000 7.969558 0.697246 34.564103
1.000000 7.969558 0.697246 34.564103
1.000000 7.969558 0.697246 34.564103
1.000000 7.969558 0.697246 34.564103
1.000000 7.969558 0.697246 34.564103
1.000000 7.969558 0.697246 34.564103
0.139669 0.694487 0.324324 3.787399
0.515391 2.553975 -0.125481 14.701932
1.483818 6.333972 -1.182142 43.623963
2.475123 9.705504 -4.491803 75.666840
1.536509 6.833718 -1.230301 45.538653
0.204259 1.092601 0.191305 5.600134
0.820002 3.875600 0.231662 23.736683
0.785209 3.778406 0.286735 22.888210
0.112460 0.605203 0.230992 3.101130
0.460858 2.291153 0.691326 13.393248
2.996098 10.471192 -5.517580 89.404978
0.910359 4.509151 0.199803 27.070186
1.447468 6.617036 -1.090571 43.321846
0.976927 4.789325 0.219732 28.775190
0.153336 0.715087 0.370890 4.113455
0.460858 2.291154 0.691326 13.393253
0.236097 1.099806 0.652753 6.704231
0.290345 1.405522 0.738234 8.400995
0.272017 1.342172 0.702965 8.008998
0.429432 2.168278 0.795397 12.638459
0.409663 2.114433 0.788650 12.068922
0.300611 1.427936 0.733592 8.544107
0.432576 2.225217 0.788266 12.680327
0.450984 2.284805 0.791813 13.168312
0.850295 4.376104 0.387585 25.368996
0.743474 3.316121 -0.787552 20.536164
0.101445 0.510251 0.277029 2.781772
0.531456 2.652173 0.779798 15.417442
0.225577 1.157071 0.248689 6.098529
0.813444 4.147965 0.449724 24.384618
4.260768 14.018003 -9.016292 125.429544
0.656118 3.525502 0.605668 19.815996
0.657114 3.521163 0.617093 19.874187
1.431980 7.022768 -0.881582 43.152242
2.326478 11.331998 -3.224372 71.401735
2.132365 11.230244 -2.930581 66.160733
3.815998 11.634427 -8.340619 113.042412
3.644080 14.394075 -7.975149 110.216360
1.634069 7.445583 -1.167510 48.496545
2.818756 10.940744 -4.560083 84.134446
3.647184 13.258951 -7.648495 109.341578
3.088365 13.184668 -6.333686 94.972468
1.387680 6.681435 -0.673983 41.883791
2.333396 9.977671 -3.474106 71.182508
2.014905 9.500149 -2.769851 62.177235
2.082059 11.050228 -2.808329 64.840087
0.332223 1.585153 0.668199 9.582309
0.324000 1.578090 0.734953 9.270117
0.367248 1.642760 0.666892 10.487555
0.464312 1.983428 0.720435 12.806534
0.532227 2.894891 0.709617 16.186227
0.391211 2.088857 0.768651 11.740422
0.409942 2.126569 0.775553 12.052843
1.245564 6.353069 -0.500162 38.067224
0.458641 2.586684 0.692335 14.101168
0.517271 2.890699 0.697543 15.908377
1.351400 6.972328 -0.595354 41.000962
1.138083 6.069545 -0.179628 34.960078
1.126498 6.054028 -0.205657 34.634556
0.798440 4.454449 0.388138 24.712742
0.721308 3.804834 0.533696 21.815664
0.758967 4.271545 0.430037 23.634807
0.761675 4.326889 0.371364 23.523068
0.236097 1.099806 0.652753 6.704229
1.000000 7.969558 0.697246 34.564103
2.888604 16.560655 -5.224379 90.951821
1.000000 7.969558 0.697246 34.564103
1.360391 9.766366 0.068917 43.901488
1.000000 7.969558 0.697246 34.564103
1.000000 7.969558 0.697246 34.564103
1.000000 7.969558 0.697246 34.564103
2.272319 11.941975 -2.283853 65.658030
2.272319 11.941975 -2.283853 65.658030
2.272319 11.941975 -2.283853 65.658030
2.393120 11.855687 -1.443753 68.252401
2.393120 11.855687 -1.443753 68.252401
2.393120 11.855687 -1.443753 68.252401
1.000000 7.969558 0.697246 34.564103
1.000000 7.969558 0.697246 34.564103
1.650537 12.026882 -0.785696 55.035116
1.650537 12.026882 -0.785696 55.035116
1.650537 12.026882 -0.785696 55.035116
1.225295 9.521427 0.362317 41.603935
1.225295 9.521427 0.362317 41.603935
1.225295 9.521427 0.362317 41.603935
5.396420 11.982292 -8.850896 152.317189
5.783997 6.789416 -5.967304 164.674520
1.000000 7.969558 0.697246 34.564103
1.000000 7.969558 0.697246 34.564103
1.000000 7.969558 0.697246 34.564103
1.000000 7.969558 0.697246 34.564103
1.000000 7.969558 0.697246 34.564103
1.000000 7.969558 0.697246 34.564103
1.000000 7.969558 0.697246 34.564103
1.436937 9.375005 0.561645 44.251787
1.436937 9.375005 0.561645 44.251787
1.436937 9.375005 0.561645 44.251787
6.424792 4.704466 -1.355103 182.227611
4.781866 9.248317 -4.206847 133.412087
4.781866 9.248317 -4.206847 133.412087
1.000000 7.969558 0.697246 34.564103
1.000000 7.969558 0.697246 34.564103
1.000000 7.969558 0.697246 34.564103
1.000000 7.969558 0.697246 34.564103
1.000000 7.969558 0.697246 34.564103
1.000000 7.969558 0.697246 34.564103
1.000000 7.969558 0.697246 34.564103
5.343801 10.102876 -6.984486 150.547317
5.343801 10.102876 -6.984486 150.547317
3.186120 11.776782 -0.751261 87.206852
3.186120 11.776782 -0.751261 87.206852
3.186120 11.776782 -0.751261 87.206852
4.655192 12.992879 -5.182432 126.359911
4.655192 12.992879 -5.182432 126.359911
4.655192 12.992879 -5.182432 126.359911
5.506370 9.409605 -5.741481 155.991060
5.506370 9.409605 -5.741481 155.991060
5.506370 9.409605 -5.741481 155.991060
3.996826 13.005894 -6.327552 111.883003
3.996826 13.005894 -6.327552 111.883003
3.996826 13.005894 -6.327552 111.883003
6.144613 5.538443 -2.597639 172.967889
6.161637 4.752203 1.541864 173.207545
6.161637 4.752203 1.541864 173.207545
1.000000 7.969558 0.697246 34.564103
4.537506 9.129747 3.955788 124.100893
4.537506 9.129747 3.955788 124.100893
4.398435 10.963814 -0.158521 117.524830
4.398435 10.963814 -0.158521 117.524830
4.398435 10.963814 -0.158521 117.524830
5.158361 8.399082 -1.152439 140.990473
5.158361 8.399082 -1.152439 140.990473
5.158361 8.399082 -1.152439 140.990473
1.000000 7.969558 0.697246 34.564103
1.000000 7.969558 0.697246 34.564103
1.000000 7.969558 0.697246 34.564103
1.000000 7.969558 0.697246 34.564103
1.000000 7.969558 0.697246 34.564103
1.000000 7.969558 0.697246 34.564103
1.000000 7.969558 0.697246 34.564103
1.000000 7.969558 0.697246 34.564103
5.386984 9.407094 0.085385 147.601926
5.386984 9.407094 0.085385 147.601926
5.386984 9.407094 0.085385 147.601926
1.000000 7.969558 0.697246 34.564103
1.000000 7.969558 0.697246 34.564103
1.000000 7.969558 0.697246 34.564103
1.000000 7.969558 0.697246 34.564103
1.000000 7.969558 0.697246 34.564103
1.000000 7.969558 0.697246 34.564103
1.000000 7.969558 0.697246 34.564103
1.000000 7.969558 0.697246 34.564103
1.000000 7.969558 0.697246 34.564103
1.000000 7.969558 0.697246 34.564103
1.000000 7.969558 0.697246 34.564103
1.211706 8.758692 0.884398 39.319623
1.211706 8.758692 0.884398 39.319623
1.211706 8.758692 0.884398 39.319623
1.318931 9.754309 1.610288 43.805802
1.318931 9.754309 1.610288 43.805802
1.318931 9.754309 1.610288 43.805802
1.190110 9.186892 1.210859 40.464900
1.190110 9.186892 1.210859 40.464900
1.190110 9.186892 1.210859 40.464900
1.000000 7.969558 0.697246 34.564103
1.000000 7.969558 0.697246 34.564103
1.836986 11.214486 2.964340 56.143423
4.163160 14.615300 11.573452 121.538579
2.569759 12.947389 5.444477 76.688391
2.569759 12.947389 5.444477 76.688391
2.569759 12.947389 5.444477 76.688391
1.000000 7.969558 0.697246 34.564103
1.000000 7.969558 0.697246 34.564103
1.000000 7.969558 0.697246 34.564103
1.149174 8.829713 1.088490 38.786708
1.149174 8.829713 1.088490 38.786708
1.149174 8.829713 1.088490 38.786708
1.000000 7.969558 0.697246 34.564103
1.000000 7.969558 0.697246 34.564103
1.000000 7.969558 0.697246 34.564103
1.000000 7.969558 0.697246 34.564103
1.000000 7.969558 0.697246 34.564103
2.492177 14.361869 6.190240 78.562516
1.130587 8.805398 1.066464 38.644312
1.130587 8.805398 1.066464 38.644312
1.130587 8.805398 1.066464 38.644312
1.191598 8.980148 1.189494 39.687241
1.191598 8.980148 1.189494 39.687241
1.191598 8.980148 1.189494 39.687241
4.066011 11.282471 0.137558 108.253669
4.066011 11.282471 0.137558 108.253669
4.066011 11.282471 0.137558 108.253669
6.313758 6.032976 -0.055432 177.712515
6.313758 6.032976 -0.055432 177.712515
6.313758 6.032976 -0.055432 177.712515
4.762111 7.839606 1.454256 128.967390
4.762111 7.839606 1.454256 128.967390
4.762111 7.839606 1.454256 128.967390
3.911179 11.313075 3.558860 104.821865
2.221293 10.356838 1.784577 62.731996
2.221293 10.356838 1.784577 62.731996
2.221293 10.356838 1.784577 62.731996
1.447538 9.598555 1.761335 45.065324
1.447538 9.598555 1.761335 45.065324
1.447538 9.598555 1.761335 45.065324
1.000000 7.969558 0.697246 34.564103
1.000000 7.969558 0.697246 34.564103
1.000000 7.969558 0.697246 34.564103
1.000000 7.969558 0.697246 34.564103
1.000000 7.969558 0.697246 34.564103
1.000000 7.969558 0.697246 34.564103
1.000000 7.969558 0.697246 34.564103
1.000000 7.969558 0.697246 34.564103
1.000000 7.969558 0.697246 34.564103
1.000000 7.969558 0.697246 34.564103
1.000000 7.969558 0.697246 34.564103
1.000000 7.969558 0.697246 34.564103
1.000000 7.969558 0.697246 34.564103
1.000000 7.969558 0.697246 34.564103
1.551978 11.482747 2.400824 52.435318
1.551978 11.482747 2.400824 52.435318
1.551978 11.482747 2.400824 52.435318
1.000000 7.969558 0.697246 34.564103
1.000000 7.969558 0.697246 34.564103
1.000000 7.969558 0.697246 34.564103
1.000000 7.969558 0.697246 34.564103
1.000000 7.969558 0.697246 34.564103
1.000000 7.969558 0.697246 34.564103
1.000000 7.969558 0.697246 34.564103
1.000000 7.969558 0.697246 34.564103
1.000000 7.969558 0.697246 34.564103
1.000000 7.969558 0.697246 34.564103
1.565793 11.407139 2.549651 52.673216
1.565793 11.407139 2.549651 52.673216
1.565793 11.407139 2.549651 52.673216
1.361572 10.435014 1.679575 46.413770
1.361572 10.435014 1.679575 46.413770
1.361572 10.435014 1.679575 46.413770
1.253546 9.693012 1.378487 42.839187
1.253546 9.693012 1.378487 42.839187
1.253546 9.693012 1.378487 42.839187
1.000000 7.969558 0.697246 34.564103
1.000000 7.969558 0.697246 34.564103
1.000000 7.969558 0.697246 34.564103
1.000000 7.969558 0.697246 34.564103
1.000000 7.969558 0.697246 34.564103
1.000000 7.969558 0.697246 34.564103
1.000000 7.969558 0.697246 34.564103
1.000000 7.969558 0.697246 34.564103
1.000000 7.969558 0.697246 34.564103
1.556020 11.232858 2.507920 52.089680
1.556020 11.232858 2.507920 52.089680
1.556020 11.232858 2.507920 52.089680
1.556020 11.232859 2.507921 52.089688
1.556020 11.232859 2.507921 52.089688
1.556020 11.232859 2.507921 52.089688
1.000000 7.969558 0.697246 34.564103
1.000000 7.969558 0.697246 34.564103
1.000000 7.969558 0.697246 34.564103
1.000000 7.969558 0.697246 34.564103
1.000000 7.969558 0.697246 34.564103
1.000000 7.969558 0.697246 34.564103
1.142139 8.993113 1.031430 39.304429
1.142139 8.993113 1.031430 39.304429
1.142139 8.993113 1.031430 39.304429
1.000000 7.969558 0.697246 34.564103
1.000000 7.969558 0.697246 34.564103
1.000000 7.969558 0.697246 34.564103
1.172605 9.176919 1.133970 40.255840
1.172605 9.176919 1.133970 40.255840
1.172605 9.176919 1.133970 40.255840
1.172605 9.176920 1.133970 40.255844
1.172605 9.176920 1.133970 40.255844
1.172605 9.176920 1.133970 40.255844
2.634902 15.464924 6.830760 84.224171
2.634902 15.464924 6.830760 84.224171
2.634902 15.464924 6.830760 84.224171
2.784682 15.269589 7.380258 87.116480
2.784682 15.269589 7.380258 87.116480
1.460151 10.372265 2.158293 48.018026
1.460151 10.372265 2.158293 48.018026
1.460151 10.372265 2.158293 48.018026
1.465315 10.354904 2.147832 47.969363
1.465315 10.354904 2.147832 47.969363
1.465315 10.354904 2.147832 47.969363
2.625480 14.459301 6.280668 80.435422
2.006293 12.659680 4.190079 63.923193
2.006293 12.659680 4.190079 63.923193
2.006293 12.659680 4.190079 63.923193
3.506709 14.564130 8.889006 103.520762
1.565440 11.418163 2.551853 52.724273
1.565440 11.418163 2.551853 52.724273
1.565440 11.418163 2.551853 52.724273
0.722190 4.610758 0.607360 23.162242
1.414098 9.108497 2.559705 45.976678
1.414098 9.108497 2.559705 45.976678
1.414098 9.108497 2.559705 45.976678
1.414098 9.108497 2.559705 45.976679
1.414098 9.108497 2.559705 45.976679
1.414098 9.108497 2.559705 45.976679
1.196530 8.271685 1.836347 39.552714
4.327270 12.268909 11.630683 127.125788
3.629545 13.345979 10.178246 109.433582
4.092682 14.402120 12.076397 122.869820
4.092682 14.402120 12.076397 122.869820
4.092682 14.402120 12.076397 122.869820
4.534481 14.396788 12.300149 131.838777
4.534481 14.396788 12.300149 131.838777
4.534481 14.396788 12.300149 131.838777
2.516591 12.817763 5.461218 75.608480
2.516591 12.817763 5.461218 75.608480
2.516591 12.817763 5.461218 75.608480
1.449884 10.062760 2.475357 48.088532
1.449884 10.062760 2.475357 48.088532
1.562491 11.375845 2.543816 52.548493
1.562491 11.375845 2.543816 52.548493
1.562491 11.375845 2.543816 52.548493
1.525960 11.208293 2.370666 51.378234
1.525960 11.208293 2.370666 51.378234
1.525960 11.208293 2.370666 51.378234
0.760745 4.846492 0.694380 24.357895
0.901897 5.594900 1.017205 28.886740
1.420839 8.416445 2.584757 45.322073
2.394196 12.094265 5.979093 74.385317
2.399878 13.993292 5.977283 76.789191
2.399878 13.993292 5.977283 76.789191
2.399878 13.993292 5.977283 76.789191
1.420839 8.416446 2.584757 45.322074
1.825264 12.323345 3.551027 59.951861
1.825264 12.323345 3.551027 59.951861
1.825264 12.323345 3.551027 59.951861
1.000000 7.969558 0.697246 34.564103
1.000000 7.969558 0.697246 34.564103
1.000000 7.969558 0.697246 34.564103
1.825265 12.323347 3.551029 59.951872
1.825265 12.323347 3.551029 59.951872
1.825265 12.323347 3.551029 59.951872
0.920776 5.774136 1.103321 29.393787
0.920776 5.774136 1.103321 29.393787
0.920776 5.774136 1.103321 29.393787
1.585112 11.002079 2.837449 52.573441
1.585112 11.002079 2.837449 52.573441
1.585112 11.002079 2.837449 52.573441
1.000000 7.969558 0.697246 34.564103
2.763359 14.958648 7.259694 86.311052
2.763359 14.958648 7.259694 86.311052
2.763359 14.958648 7.259694 86.311052
1.965349 10.475285 4.484654 61.585132
2.499888 14.490249 6.335001 79.693891
2.499888 14.490249 6.335001 79.693891
2.499888 14.490249 6.335001 79.693891
1.537934 8.561839 3.009912 48.614680
1.699587 9.836658 3.491230 53.902515
1.699587 9.836658 3.491230 53.902515
1.699587 9.836658 3.491230 53.902515
1.672752 10.677566 3.342042 54.258625
1.672752 10.677566 3.342042 54.258625
1.672752 10.677566 3.342042 54.258625
1.000000 7.969558 0.697246 34.564103
1.000000 7.969558 0.697246 34.564103
1.000000 7.969558 0.697246 34.564103
1.000000 7.969558 0.697246 34.564103
1.000000 7.969558 0.697246 34.564103
1.000000 7.969558 0.697246 34.564103
1.561128 10.971557 -0.967639 51.633032
1.677379 12.460333 -0.681593 56.362834
1.677379 12.460333 -0.681593 56.362834
1.677379 12.460333 -0.681593 56.362834
1.677359 12.022092 -1.056915 55.825827
2.221887 12.368816 -3.210862 69.407249
2.174069 14.226609 -2.478640 70.127088
2.174069 14.226609 -2.478640 70.127088
1.528903 10.384740 -1.074093 49.980543
2.034935 12.743301 -2.553492 65.448592
2.135389 14.578638 -2.245809 70.041444
2.135389 14.578638 -2.245809 70.041444
2.135389 14.578638 -2.245809 70.041444
1.055513 8.362103 0.620713 36.315431
1.055513 8.362103 0.620713 36.315431
1.085987 8.509125 0.556689 37.068663
1.085987 8.509125 0.556689 37.068663
1.085987 8.509125 0.556689 37.068663
1.085987 8.509126 0.556689 37.068668
1.085987 8.509126 0.556689 37.068668
1.085987 8.509126 0.556689 37.068668
2.103356 14.626681 -1.998913 69.159612
2.103356 14.626681 -1.998913 69.159612
2.103356 14.626681 -1.998913 69.159612
1.650537 12.026884 -0.785697 55.035127
1.650537 12.026884 -0.785697 55.035127
1.650537 12.026884 -0.785697 55.035127
1.478826 10.073626 -0.983729 48.479684
1.261896 8.836507 1.981018 41.895140
1.261896 8.836507 1.981018 41.895140
1.261896 8.836507 1.981018 41.895140
1.200813 8.299824 1.847360 39.686581
1.449884 10.062760 2.475357 48.088533
1.449884 10.062760 2.475357 48.088533
1.449884 10.062760 2.475357 48.088533
1.583916 10.976807 2.829891 52.475329
1.583916 10.976807 2.829891 52.475329
1.583916 10.976807 2.829891 52.475329
1.347694 10.197024 1.735571 45.779847
1.347694 10.197024 1.735571 45.779847
1.347694 10.197024 1.735571 45.779847
1.347694 10.197023 1.735570 45.779841
1.347694 10.197023 1.735570 45.779841
1.347694 10.197023 1.735570 45.779841
1.218688 9.465160 1.285539 41.758122
1.218688 9.465160 1.285539 41.758122
1.218688 9.465160 1.285539 41.758122
1.000000 7.969558 0.697246 34.564103
1.000000 7.969558 0.697246 34.564103
1.000000 7.969558 0.697246 34.564103
0.930974 6.098937 1.180919 30.224160
0.930974 6.098937 1.180919 30.224159
0.930974 6.098937 1.180919 30.224159
0.930974 6.098937 1.180919 30.224159
1.608718 11.287486 -1.050254 53.117937
1.608718 11.287486 -1.050254 53.117937
1.608718 11.287486 -1.050254 53.117937
1.384558 9.934873 -0.598014 46.075593
1.056968 8.377396 0.633959 36.360244
1.056968 8.377396 0.633959 36.360244
1.056968 8.377396 0.633959 36.360244
1.016631 8.096705 0.685162 35.116422
1.016631 8.096705 0.685162 35.116422
1.016631 8.096705 0.685162 35.116422
1.000000 7.969558 0.697246 34.564103
1.150167 9.073591 0.536648 39.434484
1.150167 9.073591 0.536648 39.434484
1.150167 9.073591 0.536648 39.434484
1.715975 12.793853 -0.725553 57.785974
1.715975 12.793853 -0.725553 57.785974
1.715975 12.793853 -0.725553 57.785974
1.567262 11.509026 -0.679453 52.525883
1.567262 11.509026 -0.679453 52.525883
1.567262 11.509026 -0.679453 52.525883
1.530168 11.020549 -0.804201 51.010396
1.140510 8.978815 0.530565 39.032159
1.140510 8.978815 0.530565 39.032159
1.140510 8.978815 0.530565 39.032159
1.692999 12.547279 -0.721012 56.814256
1.692999 12.547279 -0.721012 56.814256
1.692999 12.547279 -0.721012 56.814256
1.432828 11.060997 0.030169 48.728332
1.432828 11.060997 0.030169 48.728332
1.432828 11.060997 0.030169 48.728332
1.051172 8.346787 0.648273 36.216328
1.051172 8.346787 0.648273 36.216328
1.051172 8.346787 0.648273 36.216328
1.000000 7.969558 0.697246 34.564103
1.114994 7.954603 -0.239664 36.983482
1.247711 9.447786 0.226162 41.680386
2.935026 16.728272 -5.306920 92.133129
2.935026 16.728272 -5.306920 92.133129
1.247817 9.560606 0.263336 41.971053
1.247817 9.560606 0.263336 41.971053
1.247817 9.560606 0.263336 41.971053
2.174068 14.226605 -2.478638 70.127062
2.174068 14.226605 -2.478638 70.127062
2.174068 14.226605 -2.478638 70.127062
1.000000 7.969558 0.697246 34.564103
1.000000 7.969558 0.697246 34.564103
1.000000 7.969558 0.697246 34.564103
1.473729 9.372839 -1.192716 47.453943
1.940405 13.305062 -1.795707 63.577022
1.940405 13.305062 -1.795707 63.577022
1.940405 13.305062 -1.795707 63.577022
1.666207 11.726340 -0.864523 54.086574
1.666207 11.726340 -0.864523 54.086574
1.666207 11.726340 -0.864523 54.086574
2.838792 16.234671 -5.005519 89.369766
2.838792 16.234671 -5.005519 89.369766
2.838792 16.234671 -5.005519 89.369766
1.000000 7.969558 0.697246 34.564103
1.000000 7.969558 0.697246 34.564103
1.000000 7.969558 0.697246 34.564103
1.000000 7.969558 0.697246 34.564103
1.000000 7.969558 0.697246 34.564103
1.000000 7.969558 0.697246 34.564103
2.906504 10.967775 -1.193186 81.100086
2.906504 10.967775 -1.193186 81.100086
2.906504 10.967775 -1.193186 81.100086
1.729335 10.241796 -0.647687 51.759838
1.729335 10.241796 -0.647687 51.759838
1.729335 10.241796 -0.647687 51.759838
1.000000 7.969558 0.697246 34.564103
1.000000 7.969558 0.697246 34.564103
1.000000 7.969558 0.697246 34.564103
1.000000 7.969558 0.697246 34.564103
1.000000 7.969558 0.697246 34.564103
1.000000 7.969558 0.697246 34.564103
1.000000 7.969558 0.697246 34.564103
1.000000 7.969558 0.697246 34.564103
1.000000 7.969558 0.697246 34.564103
1.000000 7.969558 0.697246 34.564103
1.000000 7.969558 0.697246 34.564103
1.000000 7.969558 0.697246 34.564103
1.384558 9.934873 -0.598014 46.075592
1.384558 9.934873 -0.598014 46.075592
1.384558 9.934873 -0.598014 46.075592
1.709498 12.818423 -0.658530 57.701889
1.709498 12.818423 -0.658530 57.701889
1.709498 12.818423 -0.658530 57.701889
1.000000 7.969558 0.697246 34.564103
1.000000 7.969558 0.697246 34.564103
1.000000 7.969558 0.697246 34.564103
1.015748 8.088817 0.684287 35.082660
1.015748 8.088817 0.684287 35.082660
1.015748 8.088817 0.684287 35.082660
4.486513 14.569674 -8.292613 126.970694
1.000000 7.969558 0.697246 34.564103
1.000000 7.969558 0.697246 34.564103
1.000000 7.969558 0.697246 34.564103
1.000000 7.969558 0.697246 34.564103
1.000000 7.969558 0.697246 34.564103
1.000000 7.969558 0.697246 34.564103
1.000000 7.969558 0.697246 34.564103
1.000000 7.969558 0.697246 34.564103
1.000000 7.969558 0.697246 34.564103
1.000000 7.969558 0.697246 34.564103
1.686132 11.560083 -0.820138 53.708307
1.686132 11.560083 -0.820138 53.708307
1.686132 11.560083 -0.820138 53.708307
2.128661 11.882018 -2.168272 63.629921
2.128661 11.882018 -2.168272 63.629921
2.128661 11.882018 -2.168272 63.629921
1.056970 8.376732 0.621148 36.379394
1.056970 8.376732 0.621148 36.379394
1.056970 8.376732 0.621148 36.379394
1.940405 13.305064 -1.795708 63.577032
1.940405 13.305064 -1.795708 63.577032
1.940405 13.305064 -1.795708 63.577032
2.191613 14.667660 -2.471914 71.423270
2.191613 14.667660 -2.471914 71.423270
2.191613 14.667660 -2.471914 71.423270
1.013504 8.071915 0.688279 35.004657
1.000000 7.969558 0.697246 34.564103
1.000000 7.969558 0.697246 34.564103
1.000000 7.969558 0.697246 34.564103
1.715974 12.793852 -0.725552 57.785966
1.715974 12.793852 -0.725552 57.785966
1.715974 12.793852 -0.725552 57.785966
1.013215 8.069115 0.688131 34.991993
1.013215 8.069115 0.688131 34.991993
1.013215 8.069115 0.688131 34.991993
