35.621780 -0.011779 -0.018064 -0.004148
28.889115 -0.021341 -0.028043 -0.006827
21.816342 -0.029997 -0.036255 -0.009053
20.058133 -0.037868 -0.043114 -0.011004
19.869650 -0.044699 -0.048790 -0.012645
19.254476 -0.050438 -0.053477 -0.013959
18.507174 -0.055203 -0.057356 -0.014985
17.905860 -0.059117 -0.060548 -0.015777
17.420469 -0.062259 -0.063078 -0.016393
16.985488 -0.064666 -0.064918 -0.016871
16.565729 -0.066347 -0.066044 -0.017225
16.205730 -0.067321 -0.066463 -0.017459
15.854818 -0.067647 -0.066241 -0.017578
15.458663 -0.067438 -0.065503 -0.017603
15.013804 -0.066823 -0.064421 -0.017557
14.540505 -0.065922 -0.063148 -0.017463
14.079281 -0.064850 -0.061794 -0.017351
13.691013 -0.063693 -0.060439 -0.017237
13.373081 -0.062482 -0.059132 -0.017108
13.102586 -0.061221 -0.057908 -0.016938
12.869075 -0.059922 -0.056789 -0.016714
12.665809 -0.058611 -0.055779 -0.016443
12.464045 -0.057320 -0.054871 -0.016138
12.225923 -0.056077 -0.054051 -0.015818
11.932814 -0.054908 -0.053304 -0.015499
11.602698 -0.053832 -0.052619 -0.015195
11.244082 -0.052859 -0.051989 -0.014917
10.882736 -0.051992 -0.051414 -0.014669
10.553967 -0.051230 -0.050886 -0.014452
10.265884 -0.050544 -0.050324 -0.014242
10.024156 -0.049599 -0.048825 -0.013763
9.829099 -0.047651 -0.044019 -0.012281
9.672117 -0.044817 -0.033418 -0.009060
9.548199 -0.041578 -0.013283 -0.002922
9.463049 -0.038094 0.020376 0.007352
9.418924 -0.032471 0.072578 0.022213
9.401973 -0.024559 0.149282 0.042137
9.389059 -0.015170 0.254694 0.067069
9.344782 -0.002943 0.391201 0.095597
9.250127 0.012525 0.559558 0.125638
9.104848 0.030409 0.758712 0.154931
8.897445 0.050301 0.985334 0.181534
8.649644 0.071658 1.234141 0.203549
8.405328 0.092054 1.496589 0.218732
8.191998 0.110557 1.765012 0.225618
8.002999 0.125429 2.028561 0.223165
7.858293 0.135497 2.278560 0.212342
7.763882 0.143291 2.507091 0.195259
7.711292 0.148533 2.708617 0.174107
7.672701 0.154632 2.879312 0.152173
7.633284 0.167748 3.016102 0.133964
7.585740 0.192442 3.113602 0.122955
7.527274 0.229004 3.170883 0.120402
7.444125 0.272712 3.188823 0.125157
7.338076 0.318901 3.171049 0.136086
7.232767 0.361572 3.121951 0.151163
7.138309 0.401148 3.044807 0.170133
7.074808 0.436485 2.945171 0.191538
7.018776 0.467866 2.828416 0.214453
6.950832 0.495407 2.702706 0.237764
6.871221 0.518061 2.576294 0.259854
6.799107 0.534814 2.455404 0.279383
6.727555 0.544892 2.344935 0.295278
6.641024 0.548570 2.247567 0.307083
6.509151 0.546525 2.164063 0.314703
6.324117 0.539634 2.093530 0.318164
6.111179 0.528581 2.034921 0.317520
5.889126 0.514442 1.986701 0.313304
5.663781 0.498227 1.947298 0.306200
5.437715 0.480495 1.915229 0.296695
5.210858 0.461719 1.889309 0.285257
4.981827 0.442359 1.868532 0.272377
4.747320 0.422797 1.851932 0.258508
4.512352 0.403494 1.838572 0.244154
4.281420 0.384805 1.827660 0.229723
4.067077 0.367007 1.818412 0.215507
3.869945 0.350127 1.810015 0.201666
3.687444 0.334231 1.801775 0.188368
3.519837 0.319305 1.792991 0.175691
3.369446 0.305240 1.782926 0.163618
3.224888 0.291858 1.770695 0.152105
3.088449 0.278900 1.755253 0.141090
2.960686 0.266245 1.735605 0.130451
2.839875 0.253795 1.710868 0.120095
2.722931 0.241486 1.680479 0.109966
2.632238 0.229314 1.644328 0.100064
2.551635 0.217329 1.602780 0.090430
2.474769 0.205644 1.556587 0.081154
2.405189 0.194427 1.506770 0.072358
2.343537 0.183852 1.454488 0.064174
2.291569 0.174111 1.400894 0.056740
2.246543 0.165370 1.347109 0.050173
2.206722 0.157756 1.294153 0.044568
2.173385 0.151374 1.242953 0.039995
2.147932 0.146281 1.194314 0.036497
2.127106 0.142485 1.148898 0.034079
2.112221 0.139912 1.107208 0.032704
2.101852 0.138467 1.069616 0.032299
2.094610 0.138024 1.036387 0.032764
2.090214 0.138442 1.007667 0.033975
2.089640 0.139559 0.983502 0.035798
2.094840 0.141206 0.963847 0.038094
2.107294 0.143217 0.948599 0.040728
2.125060 0.145438 0.937597 0.043575
2.144290 0.147734 0.930634 0.046520
2.161387 0.149981 0.927467 0.049459
2.179867 0.152079 0.927804 0.052304
2.187319 0.153940 0.931313 0.054978
2.189910 0.155498 0.937630 0.057419
2.191741 0.156710 0.946365 0.059579
2.191174 0.157545 0.957128 0.061425
2.178756 0.158004 0.969538 0.062941
2.158554 0.158108 0.983236 0.064126
2.135385 0.157895 0.997888 0.064993
2.111271 0.157411 1.013194 0.065566
2.086484 0.156711 1.028888 0.065880
2.054774 0.155862 1.044751 0.065971
2.022581 0.154938 1.060604 0.065886
1.992623 0.154000 1.076298 0.065670
1.964352 0.153103 1.091721 0.065371
1.935634 0.152297 1.106796 0.065038
1.904780 0.151631 1.121475 0.064713
1.871004 0.151143 1.135736 0.064440
1.834495 0.150868 1.149577 0.064252
1.794733 0.150826 1.162999 0.064179
1.752808 0.151025 1.176001 0.064238
1.709461 0.151459 1.188580 0.064437
1.665807 0.152111 1.200733 0.064778
1.622805 0.152954 1.212470 0.065257
1.581537 0.153955 1.223811 0.065867
1.542351 0.155086 1.234792 0.066596
1.504313 0.156318 1.245466 0.067434
1.468408 0.157621 1.255893 0.068369
1.434704 0.158969 1.266142 0.069386
1.402862 0.160331 1.276288 0.070473
1.373157 0.161681 1.286406 0.071613
1.344716 0.162994 1.296565 0.072787
1.315781 0.164242 1.306829 0.073975
1.286121 0.165399 1.317254 0.075154
1.257047 0.166439 1.327891 0.076299
1.227993 0.167336 1.338788 0.077386
1.199479 0.168062 1.349983 0.078391
1.172504 0.168593 1.361498 0.079287
1.146158 0.168903 1.373323 0.080053
1.120399 0.168972 1.385402 0.080668
1.095899 0.168785 1.397615 0.081117
1.072385 0.168331 1.409775 0.081390
1.049690 0.167601 1.421637 0.081474
1.027954 0.166588 1.432931 0.081363
1.007198 0.165290 1.443407 0.081053
0.987610 0.163712 1.452867 0.080546
0.969940 0.161866 1.461189 0.079849
0.955590 0.159774 1.468323 0.078974
0.946069 0.157457 1.474268 0.077937
0.938044 0.154942 1.479059 0.076756
0.928893 0.152295 1.482739 0.075445
0.919652 0.149549 1.485410 0.074030
0.910355 0.146725 1.487215 0.072539
0.900386 0.143852 1.488314 0.071002
0.889318 0.140962 1.488880 0.069446
0.876824 0.138086 1.489089 0.067895
0.862669 0.135252 1.489105 0.066370
0.847220 0.132482 1.489072 0.064888
0.831375 0.129797 1.489104 0.063462
0.814369 0.127212 1.489272 0.062102
0.796683 0.124737 1.489604 0.060815
0.778959 0.122379 1.490071 0.059603
0.761276 0.120135 1.490601 0.058465
0.743922 0.118003 1.491105 0.057398
0.727506 0.115980 1.491504 0.056400
0.710381 0.114064 1.491741 0.055470
0.692325 0.112254 1.491795 0.054608
0.673570 0.110551 1.491675 0.053815
0.654471 0.108957 1.491416 0.053092
0.635359 0.107471 1.491067 0.052437
0.616493 0.106089 1.490681 0.051850
0.598089 0.104803 1.490302 0.051323
0.580402 0.103601 1.489961 0.050850
0.563472 0.102469 1.489674 0.050421
0.547096 0.101393 1.489448 0.050026
0.531453 0.100355 1.489279 0.049659
0.516584 0.099345 1.489164 0.049315
0.502279 0.098361 1.489108 0.048989
0.488552 0.097401 1.489112 0.048679
0.475482 0.096461 1.489184 0.048383
0.463139 0.095545 1.489331 0.048104
0.451441 0.094660 1.489554 0.047841
0.440144 0.093815 1.489855 0.047596
0.429465 0.093024 1.490220 0.047371
0.420043 0.092325 1.490612 0.047165
0.411114 0.091700 1.491027 0.046979
0.402541 0.091135 1.491456 0.046813
0.393847 0.090617 1.491891 0.046666
0.385820 0.090137 1.492325 0.046537
0.378367 0.089690 1.492758 0.046425
0.371438 0.089269 1.493193 0.046330
0.364966 0.088869 1.493636 0.046249
0.358919 0.088482 1.494090 0.046178
0.353287 0.088100 1.494548 0.046114
0.348053 0.087714 1.495000 0.046050
0.343197 0.087316 1.495428 0.045979
0.338740 0.086896 1.495817 0.045897
0.334652 0.086453 1.496159 0.045799
0.331047 0.085985 1.496455 0.045686
0.328885 0.085498 1.496717 0.045560
0.327120 0.084997 1.496960 0.045425
0.325074 0.084489 1.497202 0.045283
0.322770 0.083982 1.497461 0.045141
0.320524 0.083483 1.497755 0.045002
0.318400 0.082988 1.498088 0.044869
0.316425 0.082494 1.498463 0.044745
0.314480 0.082011 1.498893 0.044631
0.312513 0.081551 1.499385 0.044528
0.310492 0.081119 1.499941 0.044436
0.308407 0.080716 1.500559 0.044356
0.306249 0.080341 1.501234 0.044286
0.304025 0.079992 1.501961 0.044227
0.302272 0.079667 1.502733 0.044176
0.301324 0.079363 1.503544 0.044133
0.300239 0.079077 1.504390 0.044095
0.298718 0.078806 1.505266 0.044062
0.296715 0.078549 1.506166 0.044033
0.294358 0.078297 1.507091 0.044006
0.291821 0.078047 1.508038 0.043979
0.289187 0.077803 1.508982 0.043943
0.286511 0.077572 1.509922 0.043901
0.283805 0.077362 1.510856 0.043858
0.281090 0.077177 1.511782 0.043815
0.278405 0.077016 1.512701 0.043773
0.275746 0.076877 1.513614 0.043733
0.273104 0.076757 1.514520 0.043694
0.270474 0.076653 1.515421 0.043656
0.267848 0.076561 1.516317 0.043619
0.265243 0.076478 1.517210 0.043581
0.262648 0.076398 1.518101 0.043541
0.260064 0.076313 1.518991 0.043497
0.257490 0.076221 1.519882 0.043445
0.254925 0.076116 1.520774 0.043386
0.252371 0.075997 1.521670 0.043318
0.249827 0.075862 1.522570 0.043240
0.247295 0.075715 1.523475 0.043153
0.244788 0.075558 1.524384 0.043060
0.242467 0.075394 1.525297 0.042961
0.240186 0.075227 1.526215 0.042859
0.237839 0.075057 1.527138 0.042755
0.235416 0.074891 1.528067 0.042649
0.232926 0.074731 1.529003 0.042544
0.230403 0.074579 1.529948 0.042440
0.227895 0.074437 1.530899 0.042338
0.225332 0.074302 1.531857 0.042240
0.222871 0.074171 1.532822 0.042144
0.220479 0.074044 1.533793 0.042051
0.218104 0.073924 1.534767 0.041962
0.215688 0.073812 1.535743 0.041879
0.213215 0.073710 1.536718 0.041803
0.211153 0.073619 1.537690 0.041734
0.209318 0.073540 1.538654 0.041673
0.207359 0.073472 1.539608 0.041622
0.205687 0.073417 1.540551 0.041580
0.204026 0.073377 1.541482 0.041549
0.202116 0.073354 1.542401 0.041529
0.199865 0.073349 1.543309 0.041520
0.197772 0.073363 1.544208 0.041524
0.195505 0.073397 1.545101 0.041539
0.193167 0.073448 1.545979 0.041564
0.190792 0.073515 1.546823 0.041599
0.188379 0.073593 1.547603 0.041639
0.186034 0.073677 1.548289 0.041681
0.183944 0.073765 1.548863 0.041724
0.181835 0.073852 1.549319 0.041765
0.179462 0.073931 1.549666 0.041800
0.176854 0.073983 1.549929 0.041820
0.174133 0.074017 1.550129 0.041829
0.171400 0.074038 1.550290 0.041831
0.168801 0.074052 1.550423 0.041826
0.166302 0.074058 1.550525 0.041815
0.163848 0.074057 1.550583 0.041796
0.161444 0.074049 1.550588 0.041770
0.159100 0.074035 1.550535 0.041738
0.156775 0.074018 1.550427 0.041699
0.154485 0.073999 1.550275 0.041657
0.152253 0.073983 1.550095 0.041614
0.150153 0.073974 1.549900 0.041573
0.148058 0.073976 1.549701 0.041536
0.145957 0.073993 1.549508 0.041506
0.143884 0.074029 1.549324 0.041487
0.141880 0.074085 1.549156 0.041478
0.139957 0.074164 1.549006 0.041482
0.138108 0.074267 1.548877 0.041499
0.136320 0.074389 1.548768 0.041529
0.134580 0.074528 1.548683 0.041569
0.132891 0.074682 1.548622 0.041618
0.131333 0.074847 1.548588 0.041674
0.129809 0.075021 1.548581 0.041736
0.128296 0.075202 1.548599 0.041801
0.127034 0.075385 1.548633 0.041874
0.125620 0.075568 1.548685 0.041949
0.124151 0.075750 1.548755 0.042026
0.122673 0.075931 1.548845 0.042104
0.121204 0.076111 1.548951 0.042183
0.119758 0.076289 1.549075 0.042259
0.118340 0.076461 1.549213 0.042332
0.116952 0.076630 1.549365 0.042403
0.115597 0.076799 1.549527 0.042474
0.114280 0.076968 1.549697 0.042543
0.112996 0.077139 1.549873 0.042613
0.111723 0.077312 1.550052 0.042684
0.110493 0.077489 1.550234 0.042756
0.109342 0.077670 1.550415 0.042830
0.108209 0.077854 1.550594 0.042906
0.107063 0.078044 1.550770 0.042985
0.105911 0.078238 1.550942 0.043066
0.104758 0.078436 1.551107 0.043149
0.103611 0.078638 1.551265 0.043235
0.102480 0.078843 1.551413 0.043323
0.101378 0.079050 1.551550 0.043412
0.100300 0.079257 1.551672 0.043501
0.099253 0.079452 1.551778 0.043586
0.098237 0.079639 1.551867 0.043670
0.097250 0.079823 1.551941 0.043752
0.096294 0.080005 1.552001 0.043835
0.095367 0.080186 1.552048 0.043918
0.094467 0.080370 1.552085 0.044003
0.093591 0.080556 1.552112 0.044090
0.092767 0.080745 1.552131 0.044179
0.091999 0.080938 1.552143 0.044270
0.091252 0.081143 1.552152 0.044366
0.090498 0.081373 1.552161 0.044475
0.089732 0.081619 1.552170 0.044591
0.088952 0.081873 1.552177 0.044711
0.088161 0.082129 1.552181 0.044832
0.087366 0.082384 1.552183 0.044953
0.086568 0.082631 1.552177 0.045069
0.085768 0.082868 1.552166 0.045180
0.084966 0.083094 1.552152 0.045285
0.084163 0.083308 1.552135 0.045385
0.083358 0.083510 1.552115 0.045479
0.082544 0.083698 1.552093 0.045566
0.081728 0.083860 1.552065 0.045642
0.081244 0.083999 1.552032 0.045707
0.080856 0.084118 1.551996 0.045764
0.080299 0.084224 1.551958 0.045815
0.079641 0.084321 1.551919 0.045863
0.078936 0.084414 1.551882 0.045910
0.078208 0.084506 1.551847 0.045958
0.077468 0.084600 1.551815 0.046008
0.076719 0.084698 1.551788 0.046061
0.075961 0.084803 1.551766 0.046118
0.075186 0.084917 1.551749 0.046181
0.074391 0.085040 1.551739 0.046251
0.073587 0.085173 1.551734 0.046327
0.072779 0.085318 1.551734 0.046410
0.071979 0.085476 1.551742 0.046502
0.071190 0.085651 1.551757 0.046605
0.070413 0.085841 1.551779 0.046716
0.069649 0.086042 1.551807 0.046834
0.068894 0.086252 1.551840 0.046958
0.068144 0.086467 1.551878 0.047086
0.067397 0.086687 1.551920 0.047216
0.066656 0.086910 1.551964 0.047349
0.065925 0.087136 1.552011 0.047484
0.065204 0.087362 1.552059 0.047620
0.064494 0.087589 1.552108 0.047757
0.063794 0.087813 1.552158 0.047892
0.063104 0.088033 1.552207 0.048024
0.062425 0.088248 1.552256 0.048153
0.061757 0.088457 1.552304 0.048278
0.061102 0.088661 1.552350 0.048399
0.060460 0.088858 1.552394 0.048516
0.059832 0.089050 1.552435 0.048629
0.059246 0.089236 1.552474 0.048739
0.058692 0.089417 1.552511 0.048846
0.058122 0.089594 1.552545 0.048949
0.057529 0.089766 1.552576 0.049050
0.056918 0.089935 1.552606 0.049148
0.056299 0.090089 1.552630 0.049238
0.055683 0.090230 1.552650 0.049321
0.055078 0.090362 1.552667 0.049397
0.054485 0.090494 1.552684 0.049475
0.053908 0.090626 1.552702 0.049552
0.053344 0.090754 1.552719 0.049627
0.052790 0.090880 1.552735 0.049701
0.052248 0.091001 1.552749 0.049774
0.051714 0.091119 1.552762 0.049844
0.051190 0.091234 1.552774 0.049914
0.050670 0.091345 1.552784 0.049983
0.050156 0.091452 1.552793 0.050049
0.049648 0.091556 1.552798 0.050114
0.049147 0.091656 1.552802 0.050177
0.048654 0.091753 1.552802 0.050238
0.048168 0.091845 1.552798 0.050297
0.047691 0.091934 1.552791 0.050354
0.047220 0.092020 1.552781 0.050409
0.046757 0.092103 1.552767 0.050463
0.046301 0.092185 1.552750 0.050516
0.045851 0.092264 1.552729 0.050568
0.045406 0.092342 1.552707 0.050619
0.044965 0.092419 1.552682 0.050670
0.044529 0.092495 1.552655 0.050720
0.044094 0.092571 1.552627 0.050771
0.043662 0.092647 1.552598 0.050821
0.043234 0.092722 1.552568 0.050871
0.042808 0.092796 1.552537 0.050921
0.042383 0.092870 1.552505 0.050971
0.041962 0.092944 1.552473 0.051021
0.041549 0.093017 1.552441 0.051071
0.041144 0.093089 1.552409 0.051120
0.040734 0.093161 1.552376 0.051168
0.040317 0.093233 1.552344 0.051217
0.039895 0.093304 1.552312 0.051266
0.039470 0.093375 1.552280 0.051315
0.039043 0.093447 1.552249 0.051364
0.038620 0.093518 1.552218 0.051414
0.038200 0.093589 1.552187 0.051463
0.037785 0.093660 1.552157 0.051512
0.037374 0.093730 1.552127 0.051560
0.036969 0.093799 1.552097 0.051609
0.036572 0.093867 1.552068 0.051656
0.036178 0.093935 1.552038 0.051703
0.035790 0.094001 1.552009 0.051750
0.035406 0.094066 1.551979 0.051796
0.035029 0.094130 1.551949 0.051840
0.034658 0.094192 1.551919 0.051884
0.034293 0.094252 1.551888 0.051927
0.033937 0.094311 1.551857 0.051968
0.033588 0.094367 1.551826 0.052008
0.033246 0.094422 1.551793 0.052047
0.032911 0.094475 1.551760 0.052085
0.032583 0.094526 1.551726 0.052121
0.032263 0.094575 1.551691 0.052157
0.031950 0.094623 1.551654 0.052191
0.031644 0.094669 1.551616 0.052224
0.031344 0.094714 1.551576 0.052257
0.031051 0.094757 1.551534 0.052288
0.030764 0.094799 1.551491 0.052318
0.030480 0.094839 1.551446 0.052348
0.030201 0.094879 1.551401 0.052377
0.029944 0.094917 1.551354 0.052405
0.029700 0.094954 1.551305 0.052432
0.029454 0.094989 1.551256 0.052458
0.029198 0.095023 1.551204 0.052483
0.028934 0.095054 1.551152 0.052507
0.028666 0.095084 1.551098 0.052529
0.028397 0.095113 1.551044 0.052552
0.028129 0.095141 1.550989 0.052573
0.027864 0.095167 1.550936 0.052594
0.027602 0.095192 1.550884 0.052614
0.027345 0.095215 1.550834 0.052633
0.027092 0.095237 1.550786 0.052651
0.026843 0.095259 1.550740 0.052669
0.026598 0.095279 1.550697 0.052685
0.026358 0.095298 1.550655 0.052702
0.026121 0.095317 1.550616 0.052718
0.025888 0.095336 1.550578 0.052733
0.025657 0.095354 1.550542 0.052749
0.025430 0.095372 1.550508 0.052764
0.025205 0.095390 1.550475 0.052780
0.024983 0.095408 1.550444 0.052795
0.024763 0.095426 1.550414 0.052810
0.024545 0.095444 1.550385 0.052825
0.024329 0.095463 1.550358 0.052841
0.024115 0.095481 1.550332 0.052856
0.023903 0.095499 1.550307 0.052872
0.023693 0.095518 1.550283 0.052887
0.023485 0.095537 1.550260 0.052903
0.023279 0.095555 1.550237 0.052918
0.023076 0.095574 1.550216 0.052934
0.022874 0.095593 1.550196 0.052950
0.022674 0.095612 1.550176 0.052965
0.022477 0.095631 1.550157 0.052981
0.022282 0.095650 1.550138 0.052997
0.022090 0.095669 1.550121 0.053013
0.021899 0.095688 1.550103 0.053028
0.021711 0.095706 1.550086 0.053044
0.021525 0.095725 1.550070 0.053060
0.021341 0.095744 1.550053 0.053075
0.021158 0.095763 1.550037 0.053091
0.020978 0.095781 1.550021 0.053106
0.020799 0.095800 1.550006 0.053122
0.020622 0.095818 1.549990 0.053137
0.020446 0.095836 1.549975 0.053152
0.020272 0.095854 1.549959 0.053167
0.020099 0.095872 1.549944 0.053183
0.019928 0.095891 1.549929 0.053198
0.019758 0.095909 1.549914 0.053213
0.019589 0.095927 1.549898 0.053228
0.019422 0.095946 1.549881 0.053245
0.019255 0.095966 1.549863 0.053261
0.019090 0.095985 1.549846 0.053278
0.018926 0.096005 1.549829 0.053295
0.018763 0.096025 1.549812 0.053311
0.018610 0.096044 1.549795 0.053328
0.018472 0.096064 1.549779 0.053345
0.018329 0.096084 1.549762 0.053362
0.018180 0.096103 1.549746 0.053378
0.018025 0.096122 1.549730 0.053395
0.017868 0.096142 1.549714 0.053411
0.017709 0.096161 1.549698 0.053427
0.017549 0.096180 1.549683 0.053444
0.017391 0.096200 1.549667 0.053460
0.017233 0.096219 1.549651 0.053476
0.017077 0.096239 1.549636 0.053493
0.016923 0.096258 1.549621 0.053509
0.016770 0.096277 1.549605 0.053525
0.016619 0.096296 1.549590 0.053541
0.016470 0.096315 1.549575 0.053557
0.016322 0.096333 1.549560 0.053573
0.016177 0.096352 1.549545 0.053589
0.016033 0.096370 1.549531 0.053604
0.015891 0.096389 1.549517 0.053620
0.015751 0.096407 1.549503 0.053636
0.015613 0.096426 1.549489 0.053652
0.015476 0.096444 1.549476 0.053667
0.015340 0.096463 1.549463 0.053683
0.015206 0.096481 1.549450 0.053698
0.015073 0.096499 1.549437 0.053714
0.014942 0.096518 1.549424 0.053730
0.014812 0.096536 1.549411 0.053745
0.014684 0.096554 1.549398 0.053761
0.014557 0.096573 1.549386 0.053776
0.014431 0.096591 1.549374 0.053792
0.014306 0.096609 1.549362 0.053807
0.014183 0.096628 1.549350 0.053823
0.014061 0.096646 1.549339 0.053838
0.013941 0.096665 1.549327 0.053854
0.013827 0.096683 1.549316 0.053870
0.013711 0.096702 1.549306 0.053885
0.013592 0.096720 1.549295 0.053901
0.013472 0.096741 1.549285 0.053918
0.013353 0.096765 1.549277 0.053938
0.013235 0.096790 1.549269 0.053959
0.013117 0.096816 1.549261 0.053980
0.013001 0.096842 1.549253 0.054002
0.012887 0.096868 1.549244 0.054023
0.012773 0.096894 1.549234 0.054045
0.012661 0.096920 1.549224 0.054065
0.012550 0.096945 1.549212 0.054086
0.012440 0.096970 1.549199 0.054106
0.012331 0.096995 1.549184 0.054126
0.012222 0.097019 1.549170 0.054146
0.012114 0.097042 1.549154 0.054165
0.012007 0.097066 1.549139 0.054184
0.011901 0.097088 1.549124 0.054202
0.011796 0.097110 1.549109 0.054220
0.011691 0.097132 1.549095 0.054237
0.011587 0.097152 1.549081 0.054254
0.011484 0.097172 1.549068 0.054270
0.011382 0.097191 1.549057 0.054285
0.011281 0.097210 1.549046 0.054300
0.011180 0.097227 1.549035 0.054315
0.011081 0.097244 1.549026 0.054328
0.010982 0.097261 1.549017 0.054342
0.010884 0.097276 1.549009 0.054354
0.010787 0.097291 1.549002 0.054367
0.010691 0.097305 1.548995 0.054378
0.010596 0.097319 1.548988 0.054390
0.010501 0.097332 1.548982 0.054401
0.010408 0.097345 1.548976 0.054411
0.010315 0.097357 1.548970 0.054421
0.010223 0.097369 1.548965 0.054431
0.010132 0.097380 1.548960 0.054440
0.010042 0.097390 1.548955 0.054449
0.009953 0.097401 1.548951 0.054458
0.009864 0.097410 1.548947 0.054466
0.009776 0.097420 1.548943 0.054474
0.009689 0.097429 1.548939 0.054482
0.009603 0.097438 1.548935 0.054489
0.009517 0.097446 1.548932 0.054496
0.009432 0.097454 1.548928 0.054503
0.009348 0.097462 1.548925 0.054510
0.009264 0.097469 1.548923 0.054516
0.009181 0.097476 1.548920 0.054522
0.009098 0.097483 1.548917 0.054528
0.009016 0.097490 1.548915 0.054534
0.008935 0.097496 1.548913 0.054539
0.008853 0.097502 1.548911 0.054545
0.008773 0.097508 1.548909 0.054550
0.008692 0.097514 1.548907 0.054555
0.008612 0.097519 1.548905 0.054560
0.008533 0.097524 1.548904 0.054564
0.008454 0.097529 1.548903 0.054569
0.008375 0.097534 1.548901 0.054573
0.008297 0.097539 1.548900 0.054577
0.008220 0.097543 1.548899 0.054581
0.008143 0.097547 1.548898 0.054585
0.008066 0.097552 1.548897 0.054589
0.007990 0.097556 1.548896 0.054592
0.007914 0.097559 1.548895 0.054596
0.007839 0.097563 1.548894 0.054599
0.007765 0.097567 1.548893 0.054602
0.007691 0.097570 1.548893 0.054606
0.007617 0.097574 1.548892 0.054609
0.007544 0.097577 1.548891 0.054612
0.007472 0.097580 1.548891 0.054615
0.007400 0.097583 1.548890 0.054617
0.007329 0.097586 1.548889 0.054620
0.007258 0.097589 1.548889 0.054623
0.007187 0.097592 1.548888 0.054625
0.007122 0.097594 1.548888 0.054628
0.007056 0.097597 1.548887 0.054630
0.006989 0.097599 1.548887 0.054633
0.006919 0.097602 1.548887 0.054635
0.006847 0.097604 1.548886 0.054637
0.006776 0.097607 1.548886 0.054640
0.006704 0.097609 1.548885 0.054642
0.006633 0.097611 1.548885 0.054644
0.006564 0.097613 1.548885 0.054646
0.006495 0.097616 1.548884 0.054648
0.006428 0.097618 1.548884 0.054650
0.006362 0.097620 1.548883 0.054652
0.006297 0.097622 1.548883 0.054654
0.006234 0.097624 1.548882 0.054656
0.006171 0.097626 1.548882 0.054658
0.006110 0.097629 1.548881 0.054660
0.006049 0.097631 1.548880 0.054662
0.005990 0.097633 1.548879 0.054664
0.005931 0.097635 1.548878 0.054666
0.005873 0.097638 1.548877 0.054668
0.005816 0.097640 1.548875 0.054670
0.005760 0.097643 1.548874 0.054672
0.005705 0.097645 1.548873 0.054674
0.005650 0.097648 1.548871 0.054676
0.005596 0.097650 1.548870 0.054678
0.005544 0.097653 1.548868 0.054680
0.005494 0.097655 1.548867 0.054682
0.005443 0.097658 1.548866 0.054684
0.005390 0.097660 1.548864 0.054686
0.005337 0.097663 1.548863 0.054688
0.005284 0.097665 1.548861 0.054690
0.005231 0.097667 1.548860 0.054691
0.005179 0.097669 1.548857 0.054693
0.005128 0.097671 1.548854 0.054695
0.005077 0.097673 1.548850 0.054696
0.005026 0.097675 1.548844 0.054697
0.004976 0.097676 1.548838 0.054699
0.004927 0.097678 1.548831 0.054700
0.004877 0.097679 1.548823 0.054701
0.004829 0.097680 1.548816 0.054702
0.004780 0.097682 1.548809 0.054703
0.004732 0.097683 1.548802 0.054704
0.004685 0.097684 1.548796 0.054705
0.004638 0.097685 1.548790 0.054706
0.004592 0.097686 1.548786 0.054707
0.004546 0.097688 1.548782 0.054708
0.004501 0.097689 1.548778 0.054709
0.004456 0.097690 1.548776 0.054710
0.004412 0.097692 1.548774 0.054711
0.004368 0.097693 1.548772 0.054712
0.004325 0.097694 1.548771 0.054713
0.004282 0.097696 1.548771 0.054715
0.004240 0.097697 1.548770 0.054716
0.004199 0.097698 1.548771 0.054717
0.004157 0.097699 1.548771 0.054717
0.004117 0.097700 1.548772 0.054718
0.004077 0.097702 1.548773 0.054719
0.004037 0.097703 1.548774 0.054720
0.003998 0.097704 1.548775 0.054721
0.003959 0.097705 1.548776 0.054722
0.003921 0.097706 1.548778 0.054723
0.003883 0.097707 1.548780 0.054723
0.003846 0.097707 1.548781 0.054724
0.003808 0.097708 1.548783 0.054725
0.003772 0.097709 1.548785 0.054726
0.003735 0.097710 1.548787 0.054726
0.003699 0.097711 1.548788 0.054727
0.003663 0.097712 1.548790 0.054728
0.003628 0.097712 1.548792 0.054728
0.003593 0.097713 1.548794 0.054729
0.003558 0.097714 1.548796 0.054730
0.003523 0.097715 1.548798 0.054730
0.003488 0.097715 1.548800 0.054731
0.003454 0.097716 1.548802 0.054731
0.003420 0.097716 1.548804 0.054732
0.003386 0.097717 1.548806 0.054732
0.003352 0.097718 1.548808 0.054733
0.003319 0.097718 1.548810 0.054733
0.003285 0.097719 1.548812 0.054734
0.003252 0.097719 1.548813 0.054734
0.003219 0.097719 1.548815 0.054735
0.003186 0.097720 1.548817 0.054735
0.003154 0.097720 1.548819 0.054736
0.003121 0.097721 1.548821 0.054736
0.003089 0.097721 1.548823 0.054736
0.003057 0.097721 1.548824 0.054737
0.003025 0.097722 1.548826 0.054737
0.002993 0.097722 1.548828 0.054738
0.002962 0.097722 1.548830 0.054738
0.002931 0.097723 1.548831 0.054738
0.002899 0.097723 1.548833 0.054739
0.002869 0.097723 1.548835 0.054739
0.002838 0.097724 1.548836 0.054739
0.002807 0.097724 1.548838 0.054739
0.002777 0.097724 1.548840 0.054740
0.002747 0.097724 1.548842 0.054740
0.002717 0.097725 1.548843 0.054740
0.002687 0.097725 1.548845 0.054741
0.002658 0.097725 1.548846 0.054741
0.002629 0.097725 1.548848 0.054741
0.002600 0.097725 1.548850 0.054741
0.002571 0.097726 1.548851 0.054742
0.002542 0.097726 1.548853 0.054742
0.002514 0.097726 1.548855 0.054742
0.002486 0.097726 1.548856 0.054742
0.002459 0.097726 1.548858 0.054743
0.002431 0.097727 1.548859 0.054743
0.002404 0.097727 1.548861 0.054743
0.002377 0.097727 1.548863 0.054743
0.002351 0.097727 1.548864 0.054744
0.002324 0.097727 1.548866 0.054744
0.002298 0.097727 1.548867 0.054744
0.002273 0.097728 1.548869 0.054744
0.002247 0.097728 1.548871 0.054744
0.002222 0.097728 1.548872 0.054745
0.002197 0.097728 1.548874 0.054745
0.002172 0.097728 1.548875 0.054745
0.002148 0.097728 1.548877 0.054745
0.002124 0.097728 1.548878 0.054745
0.002100 0.097728 1.548880 0.054745
0.002077 0.097728 1.548881 0.054746
0.002053 0.097729 1.548883 0.054746
0.002030 0.097729 1.548884 0.054746
0.002008 0.097729 1.548886 0.054746
0.001985 0.097729 1.548887 0.054746
0.001963 0.097729 1.548889 0.054746
0.001941 0.097729 1.548890 0.054746
0.001919 0.097729 1.548892 0.054747
0.001897 0.097729 1.548893 0.054747
0.001876 0.097729 1.548895 0.054747
0.001855 0.097729 1.548896 0.054747
0.001834 0.097729 1.548897 0.054747
0.001813 0.097729 1.548899 0.054747
0.001793 0.097729 1.548900 0.054747
0.001773 0.097729 1.548902 0.054747
0.001753 0.097729 1.548903 0.054748
0.001733 0.097729 1.548904 0.054748
0.001714 0.097729 1.548906 0.054748
0.001694 0.097729 1.548907 0.054748
0.001675 0.097729 1.548908 0.054748
0.001656 0.097729 1.548910 0.054748
0.001638 0.097729 1.548911 0.054748
0.001619 0.097729 1.548912 0.054748
0.001601 0.097729 1.548914 0.054748
0.001583 0.097729 1.548915 0.054748
0.001565 0.097729 1.548916 0.054748
0.001547 0.097729 1.548917 0.054748
0.001530 0.097729 1.548919 0.054749
0.001512 0.097729 1.548920 0.054749
0.001495 0.097729 1.548921 0.054749
0.001478 0.097729 1.548922 0.054749
0.001461 0.097729 1.548923 0.054749
0.001445 0.097729 1.548925 0.054749
0.001428 0.097729 1.548926 0.054749
0.001412 0.097729 1.548927 0.054749
0.001396 0.097729 1.548928 0.054749
0.001380 0.097729 1.548929 0.054749
0.001364 0.097729 1.548930 0.054749
0.001349 0.097729 1.548932 0.054749
0.001333 0.097729 1.548933 0.054749
0.001318 0.097729 1.548934 0.054749
0.001303 0.097729 1.548935 0.054749
0.001288 0.097729 1.548936 0.054749
0.001273 0.097729 1.548937 0.054749
0.001259 0.097729 1.548938 0.054749
0.001244 0.097729 1.548939 0.054749
0.001230 0.097729 1.548940 0.054750
0.001216 0.097729 1.548941 0.054750
0.001202 0.097728 1.548942 0.054750
0.001188 0.097728 1.548943 0.054750
0.001175 0.097728 1.548944 0.054750
0.001161 0.097728 1.548945 0.054750
0.001148 0.097728 1.548946 0.054750
0.001135 0.097728 1.548947 0.054750
0.001121 0.097728 1.548948 0.054750
0.001109 0.097728 1.548949 0.054750
0.001096 0.097728 1.548950 0.054750
0.001083 0.097728 1.548951 0.054750
0.001071 0.097728 1.548952 0.054750
0.001058 0.097728 1.548953 0.054750
0.001046 0.097728 1.548954 0.054750
0.001034 0.097728 1.548955 0.054750
0.001022 0.097728 1.548956 0.054750
0.001010 0.097728 1.548957 0.054750
0.000998 0.097728 1.548957 0.054750
0.000987 0.097727 1.548958 0.054750
0.000975 0.097727 1.548959 0.054750
0.000964 0.097727 1.548960 0.054750
0.000954 0.097727 1.548961 0.054750
0.000944 0.097727 1.548962 0.054750
0.000934 0.097727 1.548963 0.054750
0.000924 0.097727 1.548963 0.054750
0.000913 0.097727 1.548964 0.054750
0.000902 0.097727 1.548965 0.054750
0.000891 0.097727 1.548966 0.054750
0.000880 0.097727 1.548967 0.054750
0.000868 0.097727 1.548967 0.054750
0.000857 0.097727 1.548968 0.054750
0.000846 0.097727 1.548969 0.054750
0.000835 0.097726 1.548970 0.054750
0.000824 0.097726 1.548970 0.054750
0.000813 0.097726 1.548971 0.054750
0.000803 0.097726 1.548972 0.054750
0.000793 0.097726 1.548973 0.054750
0.000783 0.097726 1.548973 0.054750
0.000773 0.097726 1.548974 0.054750
0.000763 0.097726 1.548975 0.054750
0.000753 0.097726 1.548975 0.054750
0.000744 0.097726 1.548976 0.054750
0.000735 0.097726 1.548977 0.054750
0.000726 0.097726 1.548977 0.054750
0.000717 0.097726 1.548978 0.054750
0.000708 0.097726 1.548979 0.054750
0.000700 0.097726 1.548979 0.054750
0.000691 0.097725 1.548980 0.054750
0.000683 0.097725 1.548981 0.054750
0.000675 0.097725 1.548981 0.054750
0.000667 0.097725 1.548982 0.054750
0.000659 0.097725 1.548983 0.054750
0.000651 0.097725 1.548983 0.054750
0.000643 0.097725 1.548984 0.054750
0.000636 0.097725 1.548984 0.054750
0.000629 0.097725 1.548985 0.054750
0.000621 0.097725 1.548986 0.054750
0.000614 0.097725 1.548986 0.054750
0.000607 0.097725 1.548987 0.054750
0.000600 0.097725 1.548987 0.054750
0.000593 0.097725 1.548988 0.054750
0.000586 0.097725 1.548988 0.054750
0.000580 0.097724 1.548989 0.054750
0.000573 0.097724 1.548990 0.054750
0.000566 0.097724 1.548990 0.054750
0.000560 0.097724 1.548991 0.054750
0.000554 0.097724 1.548991 0.054750
0.000547 0.097724 1.548992 0.054750
0.000541 0.097724 1.548992 0.054750
0.000535 0.097724 1.548993 0.054750
0.000528 0.097724 1.548993 0.054750
0.000522 0.097724 1.548994 0.054750
0.000516 0.097724 1.548994 0.054750
0.000510 0.097724 1.548995 0.054750
0.000504 0.097724 1.548995 0.054750
0.000498 0.097724 1.548996 0.054750
0.000493 0.097724 1.548996 0.054750
0.000487 0.097724 1.548997 0.054750
0.000481 0.097723 1.548997 0.054750
0.000475 0.097723 1.548997 0.054750
0.000470 0.097723 1.548998 0.054750
0.000464 0.097723 1.548998 0.054750
0.000459 0.097723 1.548999 0.054750
0.000453 0.097723 1.548999 0.054750
0.000448 0.097723 1.549000 0.054750
0.000443 0.097723 1.549000 0.054750
0.000438 0.097723 1.549001 0.054750
0.000432 0.097723 1.549001 0.054750
0.000427 0.097723 1.549001 0.054750
0.000422 0.097723 1.549002 0.054750
0.000417 0.097723 1.549002 0.054750
0.000412 0.097723 1.549003 0.054750
0.000407 0.097723 1.549003 0.054750
0.000403 0.097723 1.549003 0.054750
0.000398 0.097723 1.549004 0.054750
0.000393 0.097723 1.549004 0.054750
0.000388 0.097723 1.549005 0.054750
0.000384 0.097722 1.549005 0.054750
0.000379 0.097722 1.549005 0.054750
0.000375 0.097722 1.549006 0.054750
0.000370 0.097722 1.549006 0.054750
0.000366 0.097722 1.549006 0.054750
0.000362 0.097722 1.549007 0.054750
0.000357 0.097722 1.549007 0.054750
0.000353 0.097722 1.549007 0.054750
0.000349 0.097722 1.549008 0.054750
0.000345 0.097722 1.549008 0.054750
0.000341 0.097722 1.549008 0.054750
0.000337 0.097722 1.549009 0.054750
0.000333 0.097722 1.549009 0.054750
0.000329 0.097722 1.549009 0.054750
0.000325 0.097722 1.549010 0.054750
0.000321 0.097722 1.549010 0.054750
0.000317 0.097722 1.549010 0.054750
0.000314 0.097722 1.549011 0.054750
0.000310 0.097722 1.549011 0.054750
0.000306 0.097722 1.549011 0.054750
0.000303 0.097722 1.549012 0.054750
0.000299 0.097721 1.549012 0.054750
0.000295 0.097721 1.549012 0.054750
0.000292 0.097721 1.549012 0.054750
0.000289 0.097721 1.549013 0.054750
0.000285 0.097721 1.549013 0.054750
0.000282 0.097721 1.549013 0.054750
0.000278 0.097721 1.549014 0.054750
0.000275 0.097721 1.549014 0.054750
0.000272 0.097721 1.549014 0.054750
0.000269 0.097721 1.549014 0.054750
0.000266 0.097721 1.549015 0.054750
0.000262 0.097721 1.549015 0.054750
0.000259 0.097721 1.549015 0.054750
0.000256 0.097721 1.549015 0.054750
0.000253 0.097721 1.549016 0.054750
0.000250 0.097721 1.549016 0.054750
0.000247 0.097721 1.549016 0.054750
0.000244 0.097721 1.549016 0.054750
0.000242 0.097721 1.549017 0.054750
0.000239 0.097721 1.549017 0.054750
0.000236 0.097721 1.549017 0.054750
0.000233 0.097721 1.549017 0.054750
0.000230 0.097721 1.549018 0.054750
0.000228 0.097721 1.549018 0.054750
0.000225 0.097721 1.549018 0.054750
0.000222 0.097721 1.549018 0.054750
0.000220 0.097721 1.549018 0.054750
0.000217 0.097721 1.549019 0.054750
0.000215 0.097720 1.549019 0.054750
0.000212 0.097720 1.549019 0.054750
0.000209 0.097720 1.549019 0.054750
0.000207 0.097720 1.549019 0.054750
0.000205 0.097720 1.549020 0.054750
0.000202 0.097720 1.549020 0.054750
0.000200 0.097720 1.549020 0.054750
0.000197 0.097720 1.549020 0.054750
0.000195 0.097720 1.549020 0.054750
0.000193 0.097720 1.549021 0.054750
0.000191 0.097720 1.549021 0.054750
0.000188 0.097720 1.549021 0.054750
0.000186 0.097720 1.549021 0.054750
0.000184 0.097720 1.549021 0.054750
0.000182 0.097720 1.549022 0.054750
0.000180 0.097720 1.549022 0.054750
0.000177 0.097720 1.549022 0.054750
0.000175 0.097720 1.549022 0.054750
0.000173 0.097720 1.549022 0.054750
0.000171 0.097720 1.549022 0.054750
0.000169 0.097720 1.549023 0.054750
0.000167 0.097720 1.549023 0.054750
0.000165 0.097720 1.549023 0.054750
0.000163 0.097720 1.549023 0.054750
0.000161 0.097720 1.549023 0.054750
0.000159 0.097720 1.549023 0.054750
0.000158 0.097720 1.549024 0.054750
0.000156 0.097720 1.549024 0.054750
0.000154 0.097720 1.549024 0.054750
0.000152 0.097720 1.549024 0.054750
0.000150 0.097720 1.549024 0.054750
0.000149 0.097720 1.549024 0.054750
0.000147 0.097720 1.549025 0.054750
0.000145 0.097720 1.549025 0.054750
0.000143 0.097720 1.549025 0.054750
0.000142 0.097720 1.549025 0.054750
0.000140 0.097720 1.549025 0.054750
0.000138 0.097720 1.549025 0.054750
0.000137 0.097720 1.549025 0.054750
0.000135 0.097719 1.549026 0.054750
0.000133 0.097719 1.549026 0.054750
0.000132 0.097719 1.549026 0.054750
0.000130 0.097719 1.549026 0.054750
0.000129 0.097719 1.549026 0.054750
0.000127 0.097719 1.549026 0.054750
0.000126 0.097719 1.549026 0.054750
0.000124 0.097719 1.549026 0.054750
0.000123 0.097719 1.549027 0.054750
0.000121 0.097719 1.549027 0.054750
0.000120 0.097719 1.549027 0.054750
0.000119 0.097719 1.549027 0.054750
0.000117 0.097719 1.549027 0.054750
0.000116 0.097719 1.549027 0.054750
0.000114 0.097719 1.549027 0.054750
0.000113 0.097719 1.549027 0.054750
0.000112 0.097719 1.549028 0.054750
0.000110 0.097719 1.549028 0.054750
0.000109 0.097719 1.549028 0.054750
0.000108 0.097719 1.549028 0.054750
0.000107 0.097719 1.549028 0.054750
0.000105 0.097719 1.549028 0.054750
0.000104 0.097719 1.549028 0.054750
0.000103 0.097719 1.549028 0.054750
0.000102 0.097719 1.549028 0.054750
0.000100 0.097719 1.549028 0.054750
0.000099 0.097719 1.549029 0.054750
0.000098 0.097719 1.549029 0.054750
0.000097 0.097719 1.549029 0.054750
0.000096 0.097719 1.549029 0.054750
0.000095 0.097719 1.549029 0.054750
0.000094 0.097719 1.549029 0.054750
0.000092 0.097719 1.549029 0.054750
0.000091 0.097719 1.549029 0.054750
0.000090 0.097719 1.549029 0.054750
0.000089 0.097719 1.549029 0.054750
0.000088 0.097719 1.549030 0.054750
0.000087 0.097719 1.549030 0.054750
0.000086 0.097719 1.549030 0.054750
0.000085 0.097719 1.549030 0.054750
0.000084 0.097719 1.549030 0.054750
0.000083 0.097719 1.549030 0.054750
0.000082 0.097719 1.549030 0.054750
0.000081 0.097719 1.549030 0.054750
0.000080 0.097719 1.549030 0.054750
0.000079 0.097719 1.549030 0.054750
0.000078 0.097719 1.549030 0.054750
0.000077 0.097719 1.549030 0.054750
0.000076 0.097719 1.549031 0.054750
0.000076 0.097719 1.549031 0.054749
0.000075 0.097719 1.549031 0.054749
0.000074 0.097719 1.549031 0.054749
0.000073 0.097719 1.549031 0.054749
0.000072 0.097719 1.549031 0.054749
0.000071 0.097719 1.549031 0.054749
0.000070 0.097719 1.549031 0.054749
0.000070 0.097719 1.549031 0.054749
0.000069 0.097719 1.549031 0.054749
0.000068 0.097719 1.549031 0.054749
0.000067 0.097719 1.549031 0.054749
0.000066 0.097719 1.549031 0.054749
0.000066 0.097719 1.549031 0.054749
0.000065 0.097719 1.549032 0.054749
0.000064 0.097719 1.549032 0.054749
0.000063 0.097719 1.549032 0.054749
0.000062 0.097719 1.549032 0.054749
0.000062 0.097719 1.549032 0.054749
0.000061 0.097719 1.549032 0.054749
0.000060 0.097719 1.549032 0.054749
0.000060 0.097719 1.549032 0.054749
0.000059 0.097719 1.549032 0.054749
0.000058 0.097719 1.549032 0.054749
0.000057 0.097718 1.549032 0.054749
0.000057 0.097718 1.549032 0.054749
0.000056 0.097718 1.549032 0.054749
0.000055 0.097718 1.549032 0.054749
0.000055 0.097718 1.549032 0.054749
0.000054 0.097718 1.549032 0.054749
0.000054 0.097718 1.549032 0.054749
0.000053 0.097718 1.549033 0.054749
0.000052 0.097718 1.549033 0.054749
0.000052 0.097718 1.549033 0.054749
0.000051 0.097718 1.549033 0.054749
0.000050 0.097718 1.549033 0.054749
0.000050 0.097718 1.549033 0.054749
0.000049 0.097718 1.549033 0.054749
0.000049 0.097718 1.549033 0.054749
0.000048 0.097718 1.549033 0.054749
0.000048 0.097718 1.549033 0.054749
0.000047 0.097718 1.549033 0.054749
0.000046 0.097718 1.549033 0.054749
0.000046 0.097718 1.549033 0.054749
0.000045 0.097718 1.549033 0.054749
0.000045 0.097718 1.549033 0.054749
0.000044 0.097718 1.549033 0.054749
0.000044 0.097718 1.549033 0.054749
0.000043 0.097718 1.549033 0.054749
0.000043 0.097718 1.549033 0.054749
0.000042 0.097718 1.549033 0.054749
0.000042 0.097718 1.549033 0.054749
0.000041 0.097718 1.549034 0.054749
0.000041 0.097718 1.549034 0.054749
0.000040 0.097718 1.549034 0.054749
0.000040 0.097718 1.549034 0.054749
0.000039 0.097718 1.549034 0.054749
0.000039 0.097718 1.549034 0.054749
0.000038 0.097718 1.549034 0.054749
0.000038 0.097718 1.549034 0.054749
0.000038 0.097718 1.549034 0.054749
0.000037 0.097718 1.549034 0.054749
0.000037 0.097718 1.549034 0.054749
0.000036 0.097718 1.549034 0.054749
0.000036 0.097718 1.549034 0.054749
0.000035 0.097718 1.549034 0.054749
0.000035 0.097718 1.549034 0.054749
0.000035 0.097718 1.549034 0.054749
0.000034 0.097718 1.549034 0.054749
0.000034 0.097718 1.549034 0.054749
0.000033 0.097718 1.549034 0.054749
0.000033 0.097718 1.549034 0.054749
0.000033 0.097718 1.549034 0.054749
0.000032 0.097718 1.549034 0.054749
0.000032 0.097718 1.549034 0.054749
0.000031 0.097718 1.549034 0.054749
0.000031 0.097718 1.549034 0.054749
0.000031 0.097718 1.549034 0.054749
0.000030 0.097718 1.549034 0.054749
0.000030 0.097718 1.549035 0.054749
0.000030 0.097718 1.549035 0.054749
0.000029 0.097718 1.549035 0.054749
0.000029 0.097718 1.549035 0.054749
0.000029 0.097718 1.549035 0.054749
0.000028 0.097718 1.549035 0.054749
0.000028 0.097718 1.549035 0.054749
0.000028 0.097718 1.549035 0.054749
0.000027 0.097718 1.549035 0.054749
0.000027 0.097718 1.549035 0.054749
0.000027 0.097718 1.549035 0.054749
0.000026 0.097718 1.549035 0.054749
0.000026 0.097718 1.549035 0.054749
0.000026 0.097718 1.549035 0.054749
0.000025 0.097718 1.549035 0.054749
0.000025 0.097718 1.549035 0.054749
0.000025 0.097718 1.549035 0.054749
0.000024 0.097718 1.549035 0.054749
0.000024 0.097718 1.549035 0.054749
0.000024 0.097718 1.549035 0.054749
0.000024 0.097718 1.549035 0.054749
0.000023 0.097718 1.549035 0.054749
0.000023 0.097718 1.549035 0.054749
0.000023 0.097718 1.549035 0.054749
0.000023 0.097718 1.549035 0.054749
0.000022 0.097718 1.549035 0.054749
0.000022 0.097718 1.549035 0.054749
0.000022 0.097718 1.549035 0.054749
0.000021 0.097718 1.549035 0.054749
0.000021 0.097718 1.549035 0.054749
0.000021 0.097718 1.549035 0.054749
0.000021 0.097718 1.549035 0.054749
0.000020 0.097718 1.549035 0.054749
0.000020 0.097718 1.549035 0.054749
0.000020 0.097718 1.549035 0.054749
0.000020 0.097718 1.549035 0.054749
0.000020 0.097718 1.549035 0.054749
0.000019 0.097718 1.549035 0.054749
0.000019 0.097718 1.549035 0.054749
0.000019 0.097718 1.549035 0.054749
0.000019 0.097718 1.549035 0.054749
0.000018 0.097718 1.549036 0.054749
0.000018 0.097718 1.549036 0.054749
0.000018 0.097718 1.549036 0.054749
0.000018 0.097718 1.549036 0.054749
0.000018 0.097718 1.549036 0.054749
0.000017 0.097718 1.549036 0.054749
0.000017 0.097718 1.549036 0.054749
0.000017 0.097718 1.549036 0.054749
0.000017 0.097718 1.549036 0.054749
0.000017 0.097718 1.549036 0.054749
0.000016 0.097718 1.549036 0.054749
0.000016 0.097718 1.549036 0.054749
0.000016 0.097718 1.549036 0.054749
0.000016 0.097718 1.549036 0.054749
0.000016 0.097718 1.549036 0.054749
0.000015 0.097718 1.549036 0.054749
0.000015 0.097718 1.549036 0.054749
0.000015 0.097718 1.549036 0.054749
0.000015 0.097718 1.549036 0.054749
0.000015 0.097718 1.549036 0.054749
0.000015 0.097718 1.549036 0.054749
0.000014 0.097718 1.549036 0.054749
0.000014 0.097718 1.549036 0.054749
0.000014 0.097718 1.549036 0.054749
0.000014 0.097718 1.549036 0.054749
0.000014 0.097718 1.549036 0.054749
0.000014 0.097718 1.549036 0.054749
0.000013 0.097718 1.549036 0.054749
0.000013 0.097718 1.549036 0.054749
0.000013 0.097718 1.549036 0.054749
0.000013 0.097718 1.549036 0.054749
0.000013 0.097718 1.549036 0.054749
0.000013 0.097718 1.549036 0.054749
0.000012 0.097718 1.549036 0.054749
0.000012 0.097718 1.549036 0.054749
0.000012 0.097718 1.549036 0.054749
0.000012 0.097718 1.549036 0.054749
0.000012 0.097718 1.549036 0.054749
0.000012 0.097718 1.549036 0.054749
0.000012 0.097718 1.549036 0.054749
0.000011 0.097718 1.549036 0.054749
0.000011 0.097718 1.549036 0.054749
0.000011 0.097718 1.549036 0.054749
0.000011 0.097718 1.549036 0.054749
0.000011 0.097718 1.549036 0.054749
0.000011 0.097718 1.549036 0.054749
0.000011 0.097718 1.549036 0.054749
0.000011 0.097718 1.549036 0.054749
0.000010 0.097718 1.549036 0.054749
0.000010 0.097718 1.549036 0.054749
0.000010 0.097718 1.549036 0.054749
0.000010 0.097718 1.549036 0.054749
0.000010 0.097718 1.549036 0.054749
