0.370341 0.010692 1.635847 0.007219
0.276564 0.010840 1.636461 0.007084
0.208364 0.011006 1.636851 0.006986
0.165777 0.011198 1.637012 0.006965
0.140629 0.011385 1.637110 0.006962
0.120504 0.011517 1.636984 0.006950
0.104046 0.011611 1.636688 0.006940
0.091506 0.011690 1.636277 0.006935
0.082226 0.011770 1.635797 0.006939
0.075030 0.011863 1.635249 0.006956
0.069241 0.011968 1.634633 0.006986
0.064664 0.012069 1.633991 0.007017
0.061043 0.012155 1.633407 0.007042
0.058075 0.012222 1.632992 0.007059
0.055544 0.012277 1.632875 0.007072
0.053346 0.012334 1.633188 0.007088
0.051429 0.012402 1.634066 0.007112
0.049761 0.012485 1.635631 0.007147
0.048294 0.012583 1.637984 0.007192
0.046955 0.012693 1.641185 0.007246
0.045722 0.012811 1.645245 0.007306
0.044620 0.012932 1.650114 0.007367
0.043628 0.013050 1.655681 0.007426
0.042685 0.013161 1.661779 0.007480
0.041726 0.013262 1.668202 0.007528
0.040725 0.013350 1.674723 0.007569
0.039668 0.013427 1.681119 0.007604
0.038566 0.013495 1.687175 0.007634
0.037459 0.013554 1.692706 0.007661
0.036371 0.013603 1.697556 0.007685
0.035334 0.013638 1.701612 0.007703
0.034355 0.013654 1.704800 0.007712
0.033435 0.013645 1.707091 0.007709
0.032575 0.013607 1.708497 0.007690
0.031774 0.013533 1.709065 0.007652
0.031030 0.013422 1.708869 0.007593
0.030338 0.013272 1.708003 0.007513
0.029700 0.013081 1.706566 0.007410
0.029112 0.012854 1.704664 0.007286
0.028556 0.012594 1.702397 0.007145
0.028020 0.012307 1.699858 0.006988
0.027499 0.011997 1.697129 0.006821
0.026992 0.011670 1.694281 0.006645
0.026501 0.011332 1.691374 0.006464
0.026026 0.010988 1.688456 0.006281
0.025568 0.010643 1.685563 0.006099
0.025123 0.010301 1.682723 0.005919
0.024687 0.009965 1.679954 0.005745
0.024254 0.009640 1.677267 0.005577
0.023818 0.009329 1.674670 0.005417
0.023375 0.009032 1.672164 0.005266
0.022922 0.008753 1.669751 0.005125
0.022459 0.008493 1.667430 0.004994
0.021986 0.008254 1.665200 0.004875
0.021497 0.008035 1.663061 0.004766
0.021011 0.007838 1.661014 0.004669
0.020533 0.007662 1.659060 0.004583
0.020069 0.007508 1.657201 0.004508
0.019621 0.007375 1.655440 0.004445
0.019192 0.007263 1.653778 0.004392
0.018784 0.007172 1.652219 0.004351
0.018399 0.007100 1.650764 0.004319
0.018036 0.007046 1.649415 0.004298
0.017693 0.007009 1.648171 0.004285
0.017371 0.006987 1.647031 0.004280
0.017068 0.006979 1.645992 0.004283
0.016784 0.006984 1.645051 0.004292
0.016519 0.006998 1.644201 0.004306
0.016268 0.007022 1.643438 0.004325
0.016030 0.007053 1.642754 0.004347
0.015800 0.007090 1.642141 0.004373
0.015579 0.007132 1.641592 0.004400
0.015362 0.007178 1.641101 0.004430
0.015149 0.007228 1.640658 0.004461
0.014938 0.007281 1.640258 0.004493
0.014729 0.007337 1.639893 0.004526
0.014521 0.007395 1.639558 0.004560
0.014313 0.007457 1.639247 0.004595
0.014106 0.007521 1.638957 0.004632
0.013898 0.007588 1.638682 0.004669
0.013690 0.007659 1.638420 0.004708
0.013481 0.007732 1.638168 0.004748
0.013271 0.007808 1.637925 0.004789
0.013061 0.007888 1.637689 0.004832
0.012851 0.007970 1.637460 0.004876
0.012643 0.008055 1.637237 0.004921
0.012436 0.008142 1.637021 0.004967
0.012232 0.008230 1.636812 0.005013
0.012031 0.008321 1.636609 0.005061
0.011832 0.008412 1.636414 0.005108
0.011637 0.008503 1.636226 0.005155
0.011449 0.008593 1.636046 0.005202
0.011274 0.008683 1.635875 0.005248
0.011098 0.008771 1.635713 0.005293
0.010915 0.008856 1.635560 0.005336
0.010726 0.008938 1.635417 0.005378
0.010537 0.009017 1.635283 0.005417
0.010350 0.009092 1.635161 0.005455
0.010168 0.009163 1.635048 0.005489
0.009992 0.009229 1.634947 0.005522
0.009820 0.009290 1.634856 0.005551
0.009654 0.009347 1.634777 0.005578
0.009494 0.009398 1.634708 0.005602
0.009340 0.009445 1.634649 0.005623
0.009192 0.009487 1.634602 0.005642
0.009049 0.009524 1.634564 0.005658
0.008911 0.009557 1.634536 0.005672
0.008777 0.009585 1.634517 0.005683
0.008647 0.009609 1.634507 0.005692
0.008520 0.009628 1.634506 0.005699
0.008396 0.009644 1.634513 0.005703
0.008275 0.009656 1.634527 0.005706
0.008157 0.009664 1.634548 0.005707
0.008042 0.009669 1.634575 0.005706
0.007929 0.009671 1.634608 0.005703
0.007819 0.009670 1.634647 0.005699
0.007713 0.009666 1.634690 0.005694
0.007610 0.009660 1.634738 0.005687
0.007511 0.009651 1.634789 0.005679
0.007414 0.009640 1.634844 0.005669
0.007322 0.009627 1.634902 0.005659
0.007234 0.009613 1.634962 0.005648
0.007150 0.009596 1.635024 0.005635
0.007070 0.009578 1.635089 0.005622
0.006993 0.009558 1.635155 0.005608
0.006920 0.009536 1.635222 0.005593
0.006849 0.009514 1.635291 0.005578
0.006780 0.009490 1.635361 0.005561
0.006713 0.009464 1.635431 0.005544
0.006647 0.009438 1.635501 0.005526
0.006581 0.009410 1.635572 0.005508
0.006515 0.009381 1.635642 0.005489
0.006450 0.009351 1.635711 0.005469
0.006384 0.009320 1.635780 0.005449
0.006318 0.009288 1.635847 0.005429
0.006252 0.009255 1.635913 0.005408
0.006185 0.009222 1.635977 0.005386
0.006118 0.009188 1.636039 0.005365
0.006051 0.009153 1.636100 0.005343
0.005984 0.009118 1.636160 0.005320
0.005917 0.009082 1.636218 0.005298
0.005851 0.009047 1.636275 0.005276
0.005786 0.009011 1.636331 0.005254
0.005722 0.008976 1.636387 0.005232
0.005659 0.008940 1.636443 0.005210
0.005598 0.008905 1.636498 0.005189
0.005539 0.008870 1.636554 0.005168
0.005484 0.008836 1.636611 0.005147
0.005431 0.008802 1.636668 0.005127
0.005380 0.008768 1.636726 0.005107
0.005332 0.008735 1.636785 0.005088
0.005288 0.008703 1.636845 0.005069
0.005246 0.008672 1.636905 0.005051
0.005206 0.008641 1.636967 0.005033
0.005169 0.008611 1.637029 0.005016
0.005134 0.008582 1.637091 0.004999
0.005101 0.008553 1.637154 0.004983
0.005070 0.008525 1.637216 0.004968
0.005040 0.008497 1.637278 0.004952
0.005011 0.008471 1.637338 0.004938
0.004983 0.008444 1.637398 0.004924
0.004956 0.008419 1.637456 0.004910
0.004928 0.008394 1.637513 0.004897
0.004901 0.008370 1.637568 0.004884
0.004874 0.008346 1.637620 0.004871
0.004847 0.008323 1.637670 0.004859
0.004820 0.008300 1.637718 0.004847
0.004793 0.008278 1.637763 0.004836
0.004766 0.008257 1.637806 0.004825
0.004740 0.008237 1.637845 0.004815
0.004714 0.008217 1.637882 0.004805
0.004688 0.008198 1.637916 0.004796
0.004664 0.008180 1.637948 0.004787
0.004640 0.008163 1.637977 0.004778
0.004618 0.008146 1.638003 0.004770
0.004597 0.008130 1.638028 0.004763
0.004576 0.008115 1.638051 0.004755
0.004557 0.008100 1.638073 0.004749
0.004538 0.008087 1.638093 0.004742
0.004520 0.008074 1.638112 0.004736
0.004503 0.008061 1.638129 0.004731
0.004486 0.008050 1.638146 0.004726
0.004468 0.008038 1.638161 0.004721
0.004451 0.008028 1.638176 0.004716
0.004433 0.008018 1.638189 0.004712
0.004414 0.008008 1.638202 0.004708
0.004395 0.007999 1.638213 0.004704
0.004375 0.007990 1.638223 0.004701
0.004355 0.007982 1.638231 0.004697
0.004334 0.007973 1.638239 0.004694
0.004313 0.007966 1.638245 0.004691
0.004292 0.007958 1.638251 0.004688
0.004271 0.007951 1.638255 0.004685
0.004250 0.007945 1.638259 0.004683
0.004230 0.007938 1.638261 0.004680
0.004210 0.007932 1.638263 0.004678
0.004190 0.007926 1.638264 0.004676
0.004172 0.007920 1.638265 0.004674
0.004155 0.007915 1.638266 0.004672
0.004139 0.007909 1.638266 0.004670
0.004124 0.007904 1.638266 0.004668
0.004111 0.007899 1.638266 0.004667
0.004098 0.007894 1.638265 0.004665
0.004087 0.007890 1.638265 0.004663
0.004077 0.007885 1.638265 0.004662
0.004068 0.007881 1.638265 0.004660
0.004060 0.007876 1.638264 0.004659
0.004053 0.007872 1.638264 0.004657
0.004047 0.007867 1.638264 0.004656
0.004041 0.007863 1.638264 0.004654
0.004035 0.007858 1.638263 0.004653
0.004028 0.007854 1.638263 0.004651
0.004021 0.007850 1.638263 0.004650
0.004014 0.007845 1.638262 0.004648
0.004006 0.007841 1.638262 0.004646
0.003998 0.007837 1.638261 0.004645
0.003989 0.007832 1.638261 0.004643
0.003980 0.007828 1.638261 0.004642
0.003971 0.007824 1.638260 0.004640
0.003961 0.007820 1.638259 0.004638
0.003952 0.007815 1.638259 0.004637
0.003942 0.007811 1.638258 0.004635
0.003932 0.007807 1.638258 0.004634
0.003923 0.007803 1.638257 0.004632
0.003914 0.007798 1.638257 0.004630
0.003905 0.007794 1.638256 0.004629
0.003897 0.007790 1.638256 0.004627
0.003891 0.007785 1.638256 0.004625
0.003884 0.007781 1.638256 0.004623
0.003879 0.007776 1.638256 0.004621
0.003875 0.007772 1.638256 0.004619
0.003872 0.007768 1.638257 0.004618
0.003870 0.007763 1.638257 0.004616
0.003869 0.007758 1.638258 0.004614
0.003868 0.007754 1.638259 0.004612
0.003869 0.007749 1.638260 0.004610
0.003870 0.007745 1.638261 0.004607
0.003872 0.007740 1.638262 0.004605
0.003874 0.007735 1.638264 0.004603
0.003877 0.007731 1.638266 0.004601
0.003879 0.007726 1.638268 0.004599
0.003882 0.007721 1.638270 0.004597
0.003885 0.007716 1.638272 0.004594
0.003888 0.007712 1.638275 0.004592
0.003890 0.007707 1.638277 0.004590
0.003892 0.007702 1.638280 0.004588
0.003894 0.007698 1.638283 0.004585
0.003895 0.007693 1.638286 0.004583
0.003896 0.007688 1.638289 0.004581
0.003896 0.007684 1.638292 0.004579
0.003895 0.007679 1.638296 0.004576
0.003894 0.007674 1.638299 0.004574
0.003892 0.007670 1.638303 0.004572
0.003890 0.007665 1.638307 0.004569
0.003887 0.007661 1.638310 0.004567
0.003883 0.007657 1.638314 0.004565
0.003879 0.007652 1.638318 0.004563
0.003875 0.007648 1.638322 0.004561
0.003870 0.007644 1.638326 0.004559
0.003866 0.007640 1.638330 0.004557
0.003861 0.007636 1.638334 0.004555
0.003856 0.007632 1.638339 0.004552
0.003851 0.007628 1.638343 0.004551
0.003846 0.007625 1.638347 0.004549
0.003841 0.007621 1.638351 0.004547
0.003836 0.007617 1.638356 0.004545
0.003832 0.007614 1.638360 0.004543
0.003828 0.007611 1.638364 0.004541
0.003824 0.007607 1.638368 0.004539
0.003820 0.007604 1.638373 0.004538
0.003817 0.007601 1.638377 0.004536
0.003814 0.007598 1.638381 0.004535
0.003811 0.007595 1.638385 0.004533
0.003809 0.007593 1.638389 0.004532
0.003808 0.007590 1.638394 0.004530
0.003807 0.007588 1.638398 0.004529
0.003806 0.007585 1.638402 0.004527
0.003806 0.007583 1.638406 0.004526
0.003806 0.007581 1.638410 0.004525
0.003806 0.007578 1.638414 0.004524
0.003807 0.007576 1.638417 0.004523
0.003808 0.007574 1.638421 0.004521
0.003810 0.007573 1.638425 0.004520
0.003812 0.007571 1.638429 0.004519
0.003814 0.007569 1.638432 0.004519
0.003816 0.007568 1.638436 0.004518
0.003819 0.007566 1.638439 0.004517
0.003822 0.007565 1.638443 0.004516
0.003826 0.007564 1.638446 0.004515
0.003829 0.007563 1.638450 0.004515
0.003833 0.007561 1.638453 0.004514
0.003836 0.007560 1.638456 0.004513
0.003840 0.007560 1.638459 0.004513
0.003844 0.007559 1.638462 0.004512
0.003848 0.007558 1.638465 0.004512
0.003852 0.007557 1.638468 0.004511
0.003856 0.007557 1.638471 0.004511
0.003860 0.007556 1.638474 0.004510
0.003863 0.007556 1.638477 0.004510
0.003867 0.007555 1.638480 0.004510
0.003871 0.007555 1.638483 0.004510
0.003874 0.007555 1.638485 0.004509
0.003877 0.007555 1.638488 0.004509
0.003879 0.007555 1.638490 0.004509
0.003880 0.007555 1.638493 0.004509
0.003882 0.007555 1.638495 0.004509
0.003883 0.007555 1.638498 0.004509
0.003884 0.007555 1.638500 0.004509
0.003885 0.007555 1.638502 0.004509
0.003885 0.007555 1.638504 0.004509
0.003885 0.007556 1.638507 0.004509
0.003885 0.007556 1.638509 0.004509
0.003884 0.007556 1.638511 0.004509
0.003883 0.007557 1.638513 0.004509
0.003881 0.007557 1.638515 0.004509
0.003879 0.007558 1.638517 0.004510
0.003876 0.007558 1.638519 0.004510
0.003873 0.007559 1.638520 0.004510
0.003870 0.007560 1.638522 0.004510
0.003866 0.007560 1.638524 0.004510
0.003861 0.007561 1.638525 0.004511
0.003856 0.007562 1.638527 0.004511
0.003851 0.007562 1.638529 0.004511
0.003845 0.007563 1.638530 0.004511
0.003839 0.007564 1.638532 0.004512
0.003832 0.007565 1.638533 0.004512
0.003825 0.007565 1.638534 0.004512
0.003818 0.007566 1.638536 0.004513
0.003811 0.007567 1.638537 0.004513
0.003803 0.007568 1.638538 0.004513
0.003795 0.007569 1.638539 0.004514
0.003786 0.007570 1.638541 0.004514
0.003778 0.007570 1.638542 0.004514
0.003769 0.007571 1.638543 0.004515
0.003760 0.007572 1.638544 0.004515
0.003752 0.007573 1.638545 0.004515
0.003743 0.007574 1.638546 0.004516
0.003734 0.007575 1.638548 0.004516
0.003725 0.007576 1.638549 0.004517
0.003715 0.007577 1.638550 0.004517
0.003706 0.007578 1.638551 0.004517
0.003697 0.007579 1.638552 0.004518
0.003689 0.007580 1.638553 0.004518
0.003680 0.007581 1.638554 0.004519
0.003671 0.007582 1.638555 0.004519
0.003662 0.007583 1.638556 0.004519
0.003653 0.007584 1.638557 0.004520
0.003645 0.007585 1.638558 0.004520
0.003637 0.007586 1.638559 0.004520
0.003628 0.007586 1.638560 0.004521
0.003620 0.007587 1.638562 0.004521
0.003612 0.007588 1.638563 0.004522
0.003605 0.007589 1.638564 0.004522
0.003597 0.007590 1.638565 0.004522
0.003590 0.007591 1.638566 0.004523
0.003582 0.007592 1.638567 0.004523
0.003575 0.007593 1.638568 0.004523
0.003568 0.007594 1.638569 0.004524
0.003562 0.007594 1.638570 0.004524
0.003555 0.007595 1.638571 0.004524
0.003549 0.007596 1.638572 0.004525
0.003543 0.007597 1.638573 0.004525
0.003537 0.007598 1.638574 0.004525
0.003532 0.007598 1.638575 0.004526
0.003526 0.007599 1.638576 0.004526
0.003521 0.007600 1.638577 0.004526
0.003517 0.007601 1.638578 0.004526
0.003512 0.007601 1.638579 0.004527
0.003508 0.007602 1.638580 0.004527
0.003504 0.007603 1.638581 0.004527
0.003500 0.007603 1.638582 0.004527
0.003497 0.007604 1.638583 0.004527
0.003494 0.007604 1.638584 0.004528
0.003491 0.007605 1.638585 0.004528
0.003489 0.007605 1.638586 0.004528
0.003487 0.007606 1.638587 0.004528
0.003485 0.007606 1.638588 0.004528
0.003484 0.007607 1.638589 0.004528
0.003482 0.007607 1.638590 0.004528
0.003481 0.007608 1.638591 0.004529
0.003480 0.007608 1.638592 0.004529
0.003480 0.007609 1.638593 0.004529
0.003479 0.007609 1.638594 0.004529
0.003478 0.007609 1.638595 0.004529
0.003478 0.007610 1.638596 0.004529
0.003477 0.007610 1.638596 0.004529
0.003477 0.007610 1.638597 0.004529
0.003477 0.007611 1.638598 0.004529
0.003476 0.007611 1.638599 0.004529
0.003476 0.007611 1.638600 0.004529
0.003475 0.007612 1.638601 0.004529
0.003475 0.007612 1.638602 0.004529
0.003474 0.007612 1.638603 0.004529
0.003473 0.007612 1.638604 0.004529
0.003472 0.007612 1.638605 0.004529
0.003471 0.007613 1.638606 0.004529
0.003469 0.007613 1.638607 0.004529
0.003468 0.007613 1.638608 0.004529
0.003465 0.007613 1.638609 0.004529
0.003463 0.007613 1.638610 0.004529
0.003460 0.007613 1.638611 0.004529
0.003457 0.007613 1.638612 0.004529
0.003454 0.007613 1.638613 0.004529
0.003450 0.007613 1.638614 0.004529
0.003446 0.007614 1.638615 0.004529
0.003441 0.007614 1.638616 0.004528
0.003436 0.007614 1.638616 0.004528
0.003431 0.007614 1.638617 0.004528
0.003425 0.007614 1.638618 0.004528
0.003419 0.007614 1.638619 0.004528
0.003412 0.007614 1.638620 0.004528
0.003405 0.007614 1.638621 0.004528
0.003397 0.007613 1.638622 0.004528
0.003389 0.007613 1.638623 0.004528
0.003381 0.007613 1.638624 0.004527
0.003372 0.007613 1.638625 0.004527
0.003363 0.007613 1.638626 0.004527
0.003354 0.007613 1.638626 0.004527
0.003344 0.007613 1.638627 0.004527
0.003334 0.007613 1.638628 0.004527
0.003323 0.007613 1.638629 0.004527
0.003312 0.007613 1.638630 0.004526
0.003301 0.007613 1.638631 0.004526
0.003289 0.007612 1.638632 0.004526
0.003277 0.007612 1.638632 0.004526
0.003264 0.007612 1.638633 0.004526
0.003251 0.007612 1.638634 0.004526
0.003238 0.007612 1.638635 0.004525
0.003225 0.007612 1.638636 0.004525
0.003211 0.007611 1.638636 0.004525
0.003197 0.007611 1.638637 0.004525
0.003182 0.007611 1.638638 0.004525
0.003168 0.007611 1.638639 0.004524
0.003153 0.007611 1.638639 0.004524
0.003138 0.007610 1.638640 0.004524
0.003122 0.007610 1.638641 0.004524
0.003107 0.007610 1.638642 0.004524
0.003091 0.007610 1.638642 0.004523
0.003075 0.007610 1.638643 0.004523
0.003060 0.007609 1.638644 0.004523
0.003044 0.007609 1.638645 0.004523
0.003027 0.007609 1.638645 0.004523
0.003011 0.007609 1.638646 0.004522
0.002995 0.007608 1.638647 0.004522
0.002979 0.007608 1.638647 0.004522
0.002962 0.007608 1.638648 0.004522
0.002946 0.007608 1.638649 0.004522
0.002929 0.007607 1.638649 0.004521
0.002913 0.007607 1.638650 0.004521
0.002897 0.007607 1.638651 0.004521
0.002880 0.007607 1.638651 0.004521
0.002864 0.007606 1.638652 0.004521
0.002847 0.007606 1.638653 0.004520
0.002831 0.007606 1.638653 0.004520
0.002815 0.007606 1.638654 0.004520
0.002799 0.007605 1.638655 0.004520
0.002783 0.007605 1.638655 0.004520
0.002767 0.007605 1.638656 0.004519
0.002751 0.007605 1.638656 0.004519
0.002736 0.007604 1.638657 0.004519
0.002721 0.007604 1.638657 0.004519
0.002705 0.007604 1.638658 0.004519
0.002690 0.007603 1.638659 0.004518
0.002676 0.007603 1.638659 0.004518
0.002661 0.007603 1.638660 0.004518
0.002647 0.007603 1.638660 0.004518
0.002632 0.007602 1.638661 0.004518
0.002619 0.007602 1.638661 0.004517
0.002605 0.007602 1.638662 0.004517
0.002591 0.007601 1.638662 0.004517
0.002578 0.007601 1.638663 0.004517
0.002565 0.007601 1.638663 0.004517
0.002553 0.007600 1.638664 0.004516
0.002540 0.007600 1.638664 0.004516
0.002528 0.007600 1.638665 0.004516
0.002516 0.007600 1.638665 0.004516
0.002505 0.007599 1.638666 0.004515
0.002493 0.007599 1.638666 0.004515
0.002482 0.007599 1.638667 0.004515
0.002472 0.007598 1.638667 0.004515
0.002461 0.007598 1.638668 0.004515
0.002451 0.007598 1.638668 0.004514
0.002441 0.007597 1.638668 0.004514
0.002431 0.007597 1.638669 0.004514
0.002422 0.007597 1.638669 0.004514
0.002412 0.007596 1.638670 0.004514
0.002403 0.007596 1.638670 0.004513
0.002395 0.007596 1.638670 0.004513
0.002386 0.007595 1.638671 0.004513
0.002378 0.007595 1.638671 0.004513
0.002370 0.007595 1.638672 0.004513
0.002362 0.007594 1.638672 0.004512
0.002354 0.007594 1.638672 0.004512
0.002346 0.007594 1.638673 0.004512
0.002339 0.007593 1.638673 0.004512
0.002332 0.007593 1.638673 0.004511
0.002324 0.007593 1.638673 0.004511
0.002317 0.007592 1.638674 0.004511
0.002311 0.007592 1.638674 0.004511
0.002304 0.007592 1.638674 0.004511
0.002297 0.007591 1.638675 0.004510
0.002291 0.007591 1.638675 0.004510
0.002285 0.007591 1.638675 0.004510
0.002278 0.007590 1.638675 0.004510
0.002272 0.007590 1.638676 0.004510
0.002266 0.007590 1.638676 0.004509
0.002260 0.007589 1.638676 0.004509
0.002255 0.007589 1.638676 0.004509
0.002249 0.007588 1.638676 0.004509
0.002243 0.007588 1.638676 0.004509
0.002238 0.007588 1.638676 0.004508
0.002232 0.007587 1.638676 0.004508
0.002227 0.007587 1.638676 0.004508
0.002222 0.007587 1.638676 0.004508
0.002217 0.007586 1.638676 0.004507
0.002212 0.007586 1.638676 0.004507
0.002207 0.007585 1.638676 0.004507
0.002202 0.007585 1.638676 0.004507
0.002198 0.007585 1.638676 0.004507
0.002193 0.007584 1.638676 0.004506
0.002189 0.007584 1.638676 0.004506
0.002185 0.007584 1.638676 0.004506
0.002180 0.007583 1.638676 0.004506
0.002176 0.007583 1.638676 0.004505
0.002172 0.007583 1.638676 0.004505
0.002168 0.007582 1.638676 0.004505
0.002164 0.007582 1.638676 0.004505
0.002160 0.007581 1.638676 0.004505
0.002156 0.007581 1.638677 0.004504
0.002153 0.007581 1.638677 0.004504
0.002149 0.007580 1.638677 0.004504
0.002145 0.007580 1.638677 0.004504
0.002142 0.007580 1.638678 0.004504
0.002138 0.007579 1.638678 0.004503
0.002135 0.007579 1.638678 0.004503
0.002131 0.007578 1.638679 0.004503
0.002128 0.007578 1.638679 0.004503
0.002124 0.007578 1.638679 0.004502
0.002121 0.007577 1.638680 0.004502
0.002118 0.007577 1.638680 0.004502
0.002115 0.007576 1.638680 0.004502
0.002112 0.007576 1.638680 0.004502
0.002108 0.007576 1.638681 0.004501
0.002105 0.007575 1.638681 0.004501
0.002102 0.007575 1.638681 0.004501
0.002099 0.007575 1.638681 0.004501
0.002096 0.007574 1.638682 0.004500
0.002093 0.007574 1.638682 0.004500
0.002090 0.007573 1.638682 0.004500
0.002087 0.007573 1.638682 0.004500
0.002084 0.007573 1.638683 0.004500
0.002081 0.007572 1.638683 0.004499
0.002078 0.007572 1.638683 0.004499
0.002075 0.007571 1.638683 0.004499
0.002072 0.007571 1.638684 0.004499
0.002069 0.007571 1.638684 0.004499
0.002066 0.007570 1.638684 0.004498
0.002063 0.007570 1.638684 0.004498
0.002060 0.007569 1.638684 0.004498
0.002057 0.007569 1.638685 0.004498
0.002054 0.007569 1.638685 0.004497
0.002052 0.007568 1.638685 0.004497
0.002049 0.007568 1.638685 0.004497
0.002046 0.007567 1.638685 0.004497
0.002044 0.007567 1.638686 0.004497
0.002041 0.007567 1.638686 0.004496
0.002039 0.007566 1.638686 0.004496
0.002036 0.007566 1.638686 0.004496
0.002034 0.007565 1.638686 0.004496
0.002032 0.007565 1.638687 0.004495
0.002029 0.007565 1.638687 0.004495
0.002027 0.007564 1.638687 0.004495
0.002025 0.007564 1.638687 0.004495
0.002023 0.007564 1.638687 0.004495
0.002021 0.007563 1.638688 0.004494
0.002020 0.007563 1.638688 0.004494
0.002018 0.007562 1.638688 0.004494
0.002016 0.007562 1.638688 0.004494
0.002014 0.007562 1.638688 0.004494
0.002013 0.007561 1.638689 0.004493
0.002011 0.007561 1.638689 0.004493
0.002009 0.007560 1.638689 0.004493
0.002008 0.007560 1.638689 0.004493
0.002006 0.007560 1.638689 0.004492
0.002005 0.007559 1.638689 0.004492
0.002003 0.007559 1.638690 0.004492
0.002002 0.007558 1.638690 0.004492
0.002001 0.007558 1.638690 0.004492
0.001999 0.007558 1.638690 0.004491
0.001998 0.007557 1.638690 0.004491
0.001997 0.007557 1.638690 0.004491
0.001996 0.007556 1.638691 0.004491
0.001995 0.007556 1.638691 0.004491
0.001994 0.007556 1.638691 0.004490
0.001993 0.007555 1.638691 0.004490
0.001992 0.007555 1.638691 0.004490
0.001991 0.007555 1.638691 0.004490
0.001990 0.007554 1.638691 0.004489
0.001989 0.007554 1.638692 0.004489
0.001988 0.007553 1.638692 0.004489
0.001987 0.007553 1.638692 0.004489
0.001987 0.007553 1.638692 0.004489
0.001986 0.007552 1.638692 0.004488
0.001984 0.007552 1.638692 0.004488
0.001983 0.007552 1.638692 0.004488
0.001982 0.007551 1.638692 0.004488
0.001981 0.007551 1.638693 0.004488
0.001980 0.007550 1.638693 0.004487
0.001979 0.007550 1.638693 0.004487
0.001978 0.007550 1.638693 0.004487
0.001977 0.007549 1.638693 0.004487
0.001976 0.007549 1.638693 0.004487
0.001975 0.007549 1.638693 0.004486
0.001974 0.007548 1.638693 0.004486
0.001973 0.007548 1.638693 0.004486
0.001973 0.007548 1.638694 0.004486
0.001972 0.007547 1.638694 0.004486
0.001971 0.007547 1.638694 0.004485
0.001970 0.007547 1.638694 0.004485
0.001969 0.007546 1.638694 0.004485
0.001968 0.007546 1.638694 0.004485
0.001968 0.007545 1.638694 0.004485
0.001967 0.007545 1.638694 0.004485
0.001966 0.007545 1.638694 0.004484
0.001965 0.007544 1.638694 0.004484
0.001964 0.007544 1.638694 0.004484
0.001963 0.007544 1.638695 0.004484
0.001963 0.007543 1.638695 0.004484
0.001962 0.007543 1.638695 0.004483
0.001961 0.007543 1.638695 0.004483
0.001960 0.007542 1.638695 0.004483
0.001959 0.007542 1.638695 0.004483
0.001958 0.007542 1.638695 0.004483
0.001957 0.007542 1.638695 0.004483
0.001956 0.007541 1.638695 0.004482
0.001955 0.007541 1.638695 0.004482
0.001954 0.007541 1.638695 0.004482
0.001953 0.007540 1.638695 0.004482
0.001952 0.007540 1.638695 0.004482
0.001951 0.007540 1.638695 0.004482
0.001950 0.007539 1.638695 0.004481
0.001949 0.007539 1.638695 0.004481
0.001948 0.007539 1.638695 0.004481
0.001947 0.007538 1.638695 0.004481
0.001946 0.007538 1.638695 0.004481
0.001945 0.007538 1.638695 0.004481
0.001944 0.007538 1.638695 0.004481
0.001943 0.007537 1.638695 0.004480
0.001942 0.007537 1.638695 0.004480
0.001941 0.007537 1.638695 0.004480
0.001940 0.007536 1.638695 0.004480
0.001939 0.007536 1.638695 0.004480
0.001938 0.007536 1.638695 0.004480
0.001937 0.007535 1.638695 0.004479
0.001936 0.007535 1.638695 0.004479
0.001935 0.007535 1.638695 0.004479
0.001934 0.007535 1.638696 0.004479
0.001933 0.007534 1.638696 0.004479
0.001932 0.007534 1.638696 0.004479
0.001931 0.007534 1.638696 0.004478
0.001931 0.007533 1.638696 0.004478
0.001930 0.007533 1.638696 0.004478
0.001929 0.007533 1.638696 0.004478
0.001928 0.007532 1.638696 0.004478
0.001928 0.007532 1.638696 0.004478
0.001927 0.007532 1.638696 0.004477
0.001926 0.007532 1.638696 0.004477
0.001926 0.007531 1.638696 0.004477
0.001925 0.007531 1.638696 0.004477
0.001924 0.007531 1.638696 0.004477
0.001924 0.007530 1.638696 0.004477
0.001923 0.007530 1.638696 0.004476
0.001922 0.007530 1.638696 0.004476
0.001922 0.007529 1.638696 0.004476
0.001921 0.007529 1.638696 0.004476
0.001921 0.007529 1.638696 0.004476
0.001920 0.007529 1.638696 0.004476
0.001920 0.007528 1.638696 0.004475
0.001919 0.007528 1.638696 0.004475
0.001919 0.007528 1.638697 0.004475
0.001918 0.007527 1.638697 0.004475
0.001918 0.007527 1.638697 0.004475
0.001918 0.007527 1.638697 0.004475
0.001917 0.007526 1.638697 0.004474
0.001917 0.007526 1.638697 0.004474
0.001917 0.007526 1.638697 0.004474
0.001917 0.007526 1.638697 0.004474
0.001916 0.007525 1.638697 0.004474
0.001916 0.007525 1.638697 0.004474
0.001916 0.007525 1.638697 0.004474
0.001916 0.007524 1.638697 0.004473
0.001916 0.007524 1.638697 0.004473
0.001916 0.007524 1.638697 0.004473
0.001916 0.007523 1.638697 0.004473
0.001916 0.007523 1.638697 0.004473
0.001917 0.007523 1.638697 0.004473
0.001917 0.007523 1.638698 0.004472
0.001917 0.007522 1.638698 0.004472
0.001917 0.007522 1.638698 0.004472
0.001918 0.007522 1.638698 0.004472
0.001918 0.007521 1.638698 0.004472
0.001919 0.007521 1.638698 0.004472
0.001919 0.007521 1.638698 0.004471
0.001920 0.007521 1.638698 0.004471
0.001920 0.007520 1.638698 0.004471
0.001921 0.007520 1.638698 0.004471
0.001922 0.007520 1.638698 0.004471
0.001922 0.007519 1.638698 0.004471
0.001923 0.007519 1.638698 0.004470
0.001924 0.007519 1.638698 0.004470
0.001924 0.007519 1.638698 0.004470
0.001925 0.007518 1.638699 0.004470
0.001926 0.007518 1.638699 0.004470
0.001927 0.007518 1.638699 0.004470
0.001928 0.007517 1.638699 0.004470
0.001929 0.007517 1.638699 0.004469
0.001930 0.007517 1.638699 0.004469
0.001932 0.007517 1.638699 0.004469
0.001933 0.007516 1.638699 0.004469
0.001934 0.007516 1.638699 0.004469
0.001935 0.007516 1.638699 0.004469
0.001937 0.007515 1.638699 0.004468
0.001938 0.007515 1.638699 0.004468
0.001939 0.007515 1.638699 0.004468
0.001941 0.007515 1.638699 0.004468
0.001942 0.007514 1.638700 0.004468
0.001944 0.007514 1.638700 0.004468
0.001945 0.007514 1.638700 0.004468
0.001947 0.007514 1.638700 0.004467
0.001949 0.007513 1.638700 0.004467
0.001950 0.007513 1.638700 0.004467
0.001952 0.007513 1.638700 0.004467
0.001953 0.007512 1.638700 0.004467
0.001955 0.007512 1.638700 0.004467
0.001957 0.007512 1.638700 0.004467
0.001959 0.007512 1.638700 0.004466
0.001960 0.007511 1.638700 0.004466
0.001962 0.007511 1.638700 0.004466
0.001964 0.007511 1.638700 0.004466
0.001965 0.007511 1.638700 0.004466
0.001967 0.007510 1.638701 0.004466
0.001969 0.007510 1.638701 0.004466
0.001971 0.007510 1.638701 0.004465
0.001972 0.007510 1.638701 0.004465
0.001974 0.007509 1.638701 0.004465
0.001976 0.007509 1.638701 0.004465
0.001977 0.007509 1.638701 0.004465
0.001979 0.007508 1.638701 0.004465
0.001981 0.007508 1.638701 0.004465
0.001982 0.007508 1.638701 0.004464
0.001984 0.007508 1.638701 0.004464
0.001985 0.007507 1.638701 0.004464
0.001987 0.007507 1.638701 0.004464
0.001988 0.007507 1.638701 0.004464
0.001990 0.007507 1.638701 0.004464
0.001991 0.007506 1.638701 0.004464
0.001992 0.007506 1.638702 0.004463
0.001994 0.007506 1.638702 0.004463
0.001995 0.007506 1.638702 0.004463
0.001996 0.007505 1.638702 0.004463
0.001997 0.007505 1.638702 0.004463
0.001998 0.007505 1.638702 0.004463
0.002000 0.007505 1.638702 0.004463
0.002001 0.007504 1.638702 0.004462
0.002002 0.007504 1.638702 0.004462
0.002002 0.007504 1.638702 0.004462
0.002003 0.007504 1.638702 0.004462
0.002004 0.007504 1.638702 0.004462
0.002004 0.007503 1.638702 0.004462
0.002005 0.007503 1.638702 0.004462
0.002005 0.007503 1.638702 0.004462
0.002005 0.007503 1.638702 0.004461
0.002006 0.007502 1.638702 0.004461
0.002006 0.007502 1.638703 0.004461
0.002006 0.007502 1.638703 0.004461
0.002006 0.007502 1.638703 0.004461
0.002005 0.007501 1.638703 0.004461
0.002005 0.007501 1.638703 0.004461
0.002005 0.007501 1.638703 0.004461
0.002004 0.007501 1.638703 0.004460
0.002004 0.007500 1.638703 0.004460
0.002003 0.007500 1.638703 0.004460
0.002002 0.007500 1.638703 0.004460
0.002001 0.007500 1.638703 0.004460
0.002000 0.007500 1.638703 0.004460
0.001999 0.007499 1.638703 0.004460
0.001998 0.007499 1.638703 0.004460
0.001996 0.007499 1.638703 0.004459
0.001995 0.007499 1.638703 0.004459
0.001993 0.007498 1.638703 0.004459
0.001992 0.007498 1.638703 0.004459
0.001990 0.007498 1.638703 0.004459
0.001988 0.007498 1.638704 0.004459
0.001986 0.007498 1.638704 0.004459
0.001984 0.007497 1.638704 0.004459
0.001982 0.007497 1.638704 0.004458
0.001979 0.007497 1.638704 0.004458
0.001977 0.007497 1.638704 0.004458
0.001974 0.007496 1.638704 0.004458
0.001972 0.007496 1.638704 0.004458
0.001969 0.007496 1.638704 0.004458
0.001966 0.007496 1.638704 0.004458
0.001963 0.007496 1.638704 0.004458
0.001960 0.007495 1.638704 0.004457
0.001957 0.007495 1.638704 0.004457
0.001954 0.007495 1.638704 0.004457
0.001951 0.007495 1.638704 0.004457
0.001947 0.007495 1.638704 0.004457
0.001944 0.007494 1.638704 0.004457
0.001940 0.007494 1.638704 0.004457
0.001936 0.007494 1.638704 0.004457
0.001933 0.007494 1.638704 0.004457
0.001929 0.007493 1.638704 0.004456
0.001925 0.007493 1.638705 0.004456
0.001921 0.007493 1.638705 0.004456
0.001916 0.007493 1.638705 0.004456
0.001912 0.007493 1.638705 0.004456
0.001908 0.007492 1.638705 0.004456
0.001903 0.007492 1.638705 0.004456
0.001899 0.007492 1.638705 0.004456
0.001894 0.007492 1.638705 0.004456
0.001890 0.007492 1.638705 0.004455
0.001885 0.007491 1.638705 0.004455
0.001880 0.007491 1.638705 0.004455
0.001875 0.007491 1.638705 0.004455
0.001870 0.007491 1.638705 0.004455
0.001865 0.007490 1.638705 0.004455
0.001860 0.007490 1.638706 0.004455
0.001855 0.007490 1.638706 0.004455
0.001850 0.007490 1.638706 0.004454
0.001845 0.007490 1.638706 0.004454
0.001840 0.007489 1.638706 0.004454
0.001835 0.007489 1.638706 0.004454
0.001829 0.007489 1.638706 0.004454
0.001824 0.007489 1.638706 0.004454
0.001819 0.007488 1.638706 0.004454
0.001813 0.007488 1.638706 0.004454
0.001808 0.007488 1.638707 0.004453
0.001803 0.007488 1.638707 0.004453
0.001797 0.007488 1.638707 0.004453
0.001792 0.007487 1.638707 0.004453
0.001786 0.007487 1.638707 0.004453
0.001781 0.007487 1.638707 0.004453
0.001775 0.007487 1.638707 0.004453
0.001769 0.007487 1.638707 0.004453
0.001764 0.007486 1.638707 0.004452
0.001758 0.007486 1.638707 0.004452
0.001753 0.007486 1.638708 0.004452
0.001747 0.007486 1.638708 0.004452
0.001742 0.007485 1.638708 0.004452
0.001736 0.007485 1.638708 0.004452
0.001730 0.007485 1.638708 0.004452
0.001725 0.007485 1.638708 0.004452
0.001719 0.007485 1.638708 0.004451
0.001714 0.007484 1.638708 0.004451
0.001708 0.007484 1.638708 0.004451
0.001702 0.007484 1.638709 0.004451
0.001697 0.007484 1.638709 0.004451
0.001691 0.007484 1.638709 0.004451
0.001686 0.007483 1.638709 0.004451
0.001680 0.007483 1.638709 0.004451
0.001675 0.007483 1.638709 0.004450
0.001669 0.007483 1.638709 0.004450
0.001664 0.007482 1.638709 0.004450
0.001658 0.007482 1.638709 0.004450
0.001653 0.007482 1.638710 0.004450
0.001648 0.007482 1.638710 0.004450
0.001643 0.007482 1.638710 0.004450
0.001637 0.007481 1.638710 0.004450
0.001632 0.007481 1.638710 0.004450
0.001627 0.007481 1.638710 0.004449
0.001621 0.007481 1.638710 0.004449
0.001616 0.007481 1.638710 0.004449
0.001611 0.007480 1.638710 0.004449
0.001605 0.007480 1.638711 0.004449
0.001600 0.007480 1.638711 0.004449
0.001595 0.007480 1.638711 0.004449
0.001589 0.007480 1.638711 0.004449
0.001584 0.007480 1.638711 0.004449
0.001579 0.007479 1.638711 0.004448
0.001573 0.007479 1.638711 0.004448
0.001568 0.007479 1.638711 0.004448
0.001563 0.007479 1.638711 0.004448
0.001558 0.007479 1.638712 0.004448
0.001552 0.007478 1.638712 0.004448
0.001547 0.007478 1.638712 0.004448
0.001542 0.007478 1.638712 0.004448
0.001537 0.007478 1.638712 0.004448
0.001531 0.007478 1.638712 0.004447
0.001526 0.007477 1.638712 0.004447
0.001521 0.007477 1.638712 0.004447
0.001516 0.007477 1.638712 0.004447
0.001511 0.007477 1.638712 0.004447
0.001506 0.007477 1.638713 0.004447
0.001501 0.007477 1.638713 0.004447
0.001495 0.007476 1.638713 0.004447
0.001490 0.007476 1.638713 0.004447
0.001485 0.007476 1.638713 0.004447
0.001480 0.007476 1.638713 0.004446
0.001475 0.007476 1.638713 0.004446
0.001470 0.007476 1.638713 0.004446
0.001465 0.007475 1.638713 0.004446
0.001461 0.007475 1.638713 0.004446
0.001456 0.007475 1.638713 0.004446
0.001451 0.007475 1.638713 0.004446
0.001446 0.007475 1.638714 0.004446
0.001441 0.007474 1.638714 0.004446
0.001436 0.007474 1.638714 0.004446
0.001431 0.007474 1.638714 0.004446
0.001427 0.007474 1.638714 0.004445
0.001422 0.007474 1.638714 0.004445
0.001417 0.007474 1.638714 0.004445
0.001413 0.007474 1.638714 0.004445
0.001408 0.007473 1.638714 0.004445
0.001403 0.007473 1.638714 0.004445
0.001399 0.007473 1.638714 0.004445
0.001394 0.007473 1.638714 0.004445
0.001390 0.007473 1.638714 0.004445
0.001386 0.007473 1.638715 0.004445
0.001381 0.007472 1.638715 0.004445
0.001377 0.007472 1.638715 0.004444
0.001373 0.007472 1.638715 0.004444
0.001369 0.007472 1.638715 0.004444
0.001364 0.007472 1.638715 0.004444
0.001360 0.007472 1.638715 0.004444
0.001356 0.007472 1.638715 0.004444
0.001352 0.007471 1.638715 0.004444
0.001348 0.007471 1.638715 0.004444
0.001344 0.007471 1.638715 0.004444
0.001340 0.007471 1.638715 0.004444
0.001337 0.007471 1.638715 0.004444
0.001333 0.007471 1.638715 0.004444
0.001329 0.007470 1.638715 0.004443
0.001326 0.007470 1.638715 0.004443
0.001322 0.007470 1.638716 0.004443
0.001319 0.007470 1.638716 0.004443
0.001315 0.007470 1.638716 0.004443
0.001312 0.007470 1.638716 0.004443
0.001309 0.007470 1.638716 0.004443
0.001305 0.007469 1.638716 0.004443
0.001302 0.007469 1.638716 0.004443
0.001299 0.007469 1.638716 0.004443
0.001296 0.007469 1.638716 0.004443
0.001294 0.007469 1.638716 0.004443
0.001291 0.007469 1.638716 0.004442
0.001288 0.007469 1.638716 0.004442
0.001286 0.007469 1.638716 0.004442
0.001283 0.007468 1.638716 0.004442
0.001281 0.007468 1.638716 0.004442
0.001279 0.007468 1.638716 0.004442
0.001276 0.007468 1.638716 0.004442
0.001274 0.007468 1.638716 0.004442
0.001272 0.007468 1.638716 0.004442
0.001271 0.007468 1.638716 0.004442
0.001269 0.007467 1.638717 0.004442
0.001267 0.007467 1.638717 0.004442
0.001265 0.007467 1.638717 0.004442
0.001264 0.007467 1.638717 0.004442
0.001263 0.007467 1.638717 0.004441
0.001261 0.007467 1.638717 0.004441
0.001260 0.007467 1.638717 0.004441
0.001259 0.007467 1.638717 0.004441
0.001258 0.007466 1.638717 0.004441
0.001257 0.007466 1.638717 0.004441
0.001256 0.007466 1.638717 0.004441
0.001255 0.007466 1.638717 0.004441
0.001254 0.007466 1.638717 0.004441
0.001254 0.007466 1.638717 0.004441
0.001253 0.007466 1.638717 0.004441
0.001253 0.007466 1.638717 0.004441
0.001252 0.007465 1.638717 0.004441
0.001252 0.007465 1.638717 0.004441
0.001252 0.007465 1.638717 0.004440
0.001252 0.007465 1.638717 0.004440
0.001251 0.007465 1.638717 0.004440
0.001251 0.007465 1.638717 0.004440
0.001251 0.007465 1.638717 0.004440
0.001252 0.007465 1.638717 0.004440
0.001252 0.007465 1.638717 0.004440
0.001252 0.007464 1.638718 0.004440
0.001252 0.007464 1.638718 0.004440
0.001252 0.007464 1.638718 0.004440
0.001253 0.007464 1.638718 0.004440
0.001253 0.007464 1.638718 0.004440
0.001254 0.007464 1.638718 0.004440
0.001254 0.007464 1.638718 0.004440
0.001255 0.007464 1.638718 0.004440
0.001255 0.007463 1.638718 0.004440
0.001256 0.007463 1.638718 0.004439
0.001256 0.007463 1.638718 0.004439
0.001257 0.007463 1.638718 0.004439
0.001257 0.007463 1.638718 0.004439
0.001258 0.007463 1.638718 0.004439
0.001259 0.007463 1.638718 0.004439
0.001259 0.007463 1.638718 0.004439
0.001260 0.007463 1.638718 0.004439
0.001260 0.007462 1.638718 0.004439
0.001261 0.007462 1.638718 0.004439
0.001262 0.007462 1.638718 0.004439
0.001262 0.007462 1.638718 0.004439
0.001263 0.007462 1.638718 0.004439
0.001263 0.007462 1.638718 0.004439
0.001264 0.007462 1.638718 0.004439
0.001264 0.007462 1.638718 0.004439
0.001265 0.007462 1.638718 0.004438
0.001265 0.007462 1.638718 0.004438
0.001265 0.007461 1.638718 0.004438
0.001266 0.007461 1.638718 0.004438
0.001266 0.007461 1.638718 0.004438
0.001266 0.007461 1.638718 0.004438
0.001266 0.007461 1.638718 0.004438
0.001266 0.007461 1.638719 0.004438
0.001267 0.007461 1.638719 0.004438
0.001266 0.007461 1.638719 0.004438
0.001266 0.007461 1.638719 0.004438
0.001266 0.007460 1.638719 0.004438
0.001266 0.007460 1.638719 0.004438
0.001266 0.007460 1.638719 0.004438
0.001265 0.007460 1.638719 0.004438
0.001265 0.007460 1.638719 0.004438
0.001264 0.007460 1.638719 0.004438
0.001263 0.007460 1.638719 0.004438
0.001263 0.007460 1.638719 0.004437
0.001262 0.007460 1.638719 0.004437
0.001261 0.007460 1.638719 0.004437
0.001260 0.007460 1.638719 0.004437
0.001259 0.007459 1.638719 0.004437
0.001257 0.007459 1.638719 0.004437
0.001256 0.007459 1.638719 0.004437
0.001255 0.007459 1.638719 0.004437
0.001253 0.007459 1.638719 0.004437
0.001251 0.007459 1.638719 0.004437
0.001250 0.007459 1.638719 0.004437
0.001248 0.007459 1.638719 0.004437
0.001246 0.007459 1.638719 0.004437
0.001244 0.007459 1.638719 0.004437
0.001242 0.007458 1.638719 0.004437
0.001239 0.007458 1.638719 0.004437
0.001237 0.007458 1.638719 0.004437
0.001234 0.007458 1.638719 0.004437
0.001232 0.007458 1.638719 0.004437
0.001229 0.007458 1.638719 0.004436
0.001226 0.007458 1.638719 0.004436
0.001223 0.007458 1.638719 0.004436
0.001220 0.007458 1.638719 0.004436
0.001217 0.007458 1.638719 0.004436
0.001214 0.007458 1.638719 0.004436
0.001210 0.007457 1.638719 0.004436
0.001207 0.007457 1.638719 0.004436
0.001203 0.007457 1.638719 0.004436
0.001199 0.007457 1.638719 0.004436
0.001196 0.007457 1.638719 0.004436
0.001192 0.007457 1.638720 0.004436
0.001188 0.007457 1.638720 0.004436
0.001184 0.007457 1.638720 0.004436
0.001179 0.007457 1.638720 0.004436
0.001175 0.007457 1.638720 0.004436
0.001171 0.007457 1.638720 0.004436
0.001166 0.007456 1.638720 0.004436
0.001161 0.007456 1.638720 0.004436
0.001157 0.007456 1.638720 0.004436
0.001152 0.007456 1.638720 0.004435
0.001147 0.007456 1.638720 0.004435
0.001142 0.007456 1.638720 0.004435
0.001137 0.007456 1.638720 0.004435
0.001132 0.007456 1.638720 0.004435
0.001126 0.007456 1.638720 0.004435
0.001121 0.007456 1.638720 0.004435
0.001116 0.007456 1.638720 0.004435
0.001110 0.007455 1.638720 0.004435
0.001105 0.007455 1.638720 0.004435
0.001099 0.007455 1.638720 0.004435
0.001093 0.007455 1.638720 0.004435
0.001088 0.007455 1.638720 0.004435
0.001082 0.007455 1.638720 0.004435
0.001076 0.007455 1.638720 0.004435
0.001070 0.007455 1.638720 0.004435
0.001064 0.007455 1.638720 0.004435
0.001058 0.007455 1.638720 0.004435
0.001052 0.007455 1.638720 0.004435
0.001046 0.007455 1.638720 0.004435
0.001039 0.007454 1.638720 0.004435
0.001033 0.007454 1.638720 0.004435
0.001027 0.007454 1.638720 0.004434
0.001020 0.007454 1.638720 0.004434
0.001014 0.007454 1.638720 0.004434
0.001008 0.007454 1.638720 0.004434
0.001001 0.007454 1.638720 0.004434
0.000995 0.007454 1.638720 0.004434
0.000988 0.007454 1.638720 0.004434
0.000982 0.007454 1.638720 0.004434
0.000975 0.007454 1.638720 0.004434
0.000969 0.007454 1.638720 0.004434
0.000962 0.007454 1.638720 0.004434
0.000955 0.007453 1.638720 0.004434
0.000949 0.007453 1.638720 0.004434
0.000942 0.007453 1.638720 0.004434
0.000935 0.007453 1.638720 0.004434
0.000929 0.007453 1.638720 0.004434
0.000922 0.007453 1.638720 0.004434
0.000915 0.007453 1.638720 0.004434
0.000909 0.007453 1.638720 0.004434
0.000902 0.007453 1.638720 0.004434
0.000895 0.007453 1.638720 0.004434
0.000889 0.007453 1.638720 0.004434
0.000882 0.007453 1.638720 0.004434
0.000875 0.007453 1.638720 0.004433
0.000869 0.007452 1.638720 0.004433
0.000862 0.007452 1.638721 0.004433
0.000856 0.007452 1.638721 0.004433
0.000849 0.007452 1.638721 0.004433
0.000842 0.007452 1.638721 0.004433
0.000836 0.007452 1.638721 0.004433
0.000829 0.007452 1.638721 0.004433
0.000823 0.007452 1.638721 0.004433
0.000816 0.007452 1.638721 0.004433
0.000810 0.007452 1.638721 0.004433
0.000804 0.007452 1.638721 0.004433
0.000797 0.007452 1.638721 0.004433
0.000791 0.007452 1.638721 0.004433
0.000785 0.007452 1.638721 0.004433
0.000778 0.007451 1.638721 0.004433
0.000772 0.007451 1.638721 0.004433
0.000766 0.007451 1.638721 0.004433
0.000760 0.007451 1.638721 0.004433
0.000754 0.007451 1.638721 0.004433
0.000748 0.007451 1.638721 0.004433
0.000742 0.007451 1.638721 0.004433
0.000736 0.007451 1.638721 0.004433
0.000730 0.007451 1.638721 0.004433
0.000724 0.007451 1.638721 0.004433
0.000718 0.007451 1.638721 0.004432
0.000712 0.007451 1.638721 0.004432
0.000706 0.007451 1.638721 0.004432
0.000701 0.007451 1.638721 0.004432
0.000695 0.007451 1.638721 0.004432
0.000689 0.007450 1.638721 0.004432
0.000684 0.007450 1.638721 0.004432
0.000678 0.007450 1.638721 0.004432
0.000673 0.007450 1.638721 0.004432
0.000667 0.007450 1.638721 0.004432
0.000662 0.007450 1.638721 0.004432
0.000657 0.007450 1.638721 0.004432
0.000651 0.007450 1.638721 0.004432
0.000646 0.007450 1.638721 0.004432
0.000641 0.007450 1.638721 0.004432
0.000636 0.007450 1.638721 0.004432
0.000631 0.007450 1.638721 0.004432
0.000626 0.007450 1.638721 0.004432
0.000621 0.007450 1.638721 0.004432
0.000616 0.007450 1.638721 0.004432
0.000611 0.007449 1.638721 0.004432
0.000606 0.007449 1.638721 0.004432
0.000602 0.007449 1.638721 0.004432
0.000597 0.007449 1.638721 0.004432
0.000592 0.007449 1.638721 0.004432
0.000588 0.007449 1.638721 0.004432
0.000583 0.007449 1.638721 0.004432
0.000579 0.007449 1.638721 0.004432
0.000574 0.007449 1.638721 0.004431
0.000570 0.007449 1.638721 0.004431
0.000565 0.007449 1.638721 0.004431
0.000561 0.007449 1.638721 0.004431
0.000557 0.007449 1.638721 0.004431
0.000553 0.007449 1.638721 0.004431
0.000549 0.007449 1.638721 0.004431
0.000545 0.007449 1.638721 0.004431
0.000541 0.007448 1.638721 0.004431
0.000537 0.007448 1.638721 0.004431
0.000533 0.007448 1.638721 0.004431
0.000529 0.007448 1.638721 0.004431
0.000525 0.007448 1.638721 0.004431
0.000521 0.007448 1.638721 0.004431
0.000517 0.007448 1.638721 0.004431
0.000514 0.007448 1.638721 0.004431
0.000510 0.007448 1.638721 0.004431
0.000506 0.007448 1.638721 0.004431
0.000503 0.007448 1.638721 0.004431
0.000499 0.007448 1.638721 0.004431
0.000496 0.007448 1.638721 0.004431
0.000492 0.007448 1.638721 0.004431
0.000489 0.007448 1.638721 0.004431
0.000486 0.007448 1.638721 0.004431
0.000482 0.007448 1.638721 0.004431
0.000479 0.007447 1.638721 0.004431
0.000476 0.007447 1.638721 0.004431
0.000473 0.007447 1.638721 0.004431
0.000469 0.007447 1.638721 0.004431
0.000466 0.007447 1.638721 0.004431
0.000463 0.007447 1.638721 0.004431
0.000460 0.007447 1.638721 0.004430
0.000457 0.007447 1.638722 0.004430
0.000454 0.007447 1.638722 0.004430
0.000451 0.007447 1.638722 0.004430
0.000448 0.007447 1.638722 0.004430
0.000445 0.007447 1.638722 0.004430
0.000443 0.007447 1.638722 0.004430
0.000440 0.007447 1.638722 0.004430
0.000437 0.007447 1.638722 0.004430
0.000434 0.007447 1.638722 0.004430
0.000431 0.007447 1.638722 0.004430
0.000429 0.007447 1.638722 0.004430
0.000426 0.007446 1.638722 0.004430
0.000423 0.007446 1.638722 0.004430
0.000421 0.007446 1.638722 0.004430
0.000418 0.007446 1.638722 0.004430
0.000416 0.007446 1.638722 0.004430
0.000413 0.007446 1.638722 0.004430
0.000411 0.007446 1.638722 0.004430
0.000408 0.007446 1.638722 0.004430
0.000406 0.007446 1.638722 0.004430
0.000403 0.007446 1.638722 0.004430
0.000401 0.007446 1.638722 0.004430
0.000398 0.007446 1.638722 0.004430
0.000396 0.007446 1.638722 0.004430
0.000394 0.007446 1.638722 0.004430
0.000391 0.007446 1.638722 0.004430
0.000389 0.007446 1.638722 0.004430
0.000387 0.007446 1.638722 0.004430
0.000385 0.007446 1.638722 0.004430
0.000382 0.007446 1.638722 0.004430
0.000380 0.007446 1.638722 0.004430
0.000378 0.007445 1.638722 0.004430
0.000376 0.007445 1.638722 0.004430
0.000374 0.007445 1.638722 0.004430
0.000372 0.007445 1.638722 0.004429
0.000369 0.007445 1.638722 0.004429
0.000367 0.007445 1.638722 0.004429
0.000365 0.007445 1.638722 0.004429
0.000363 0.007445 1.638722 0.004429
0.000361 0.007445 1.638722 0.004429
0.000359 0.007445 1.638722 0.004429
0.000357 0.007445 1.638722 0.004429
0.000355 0.007445 1.638722 0.004429
0.000353 0.007445 1.638722 0.004429
0.000351 0.007445 1.638722 0.004429
0.000349 0.007445 1.638722 0.004429
0.000347 0.007445 1.638722 0.004429
0.000345 0.007445 1.638722 0.004429
0.000343 0.007445 1.638722 0.004429
0.000342 0.007445 1.638722 0.004429
0.000340 0.007445 1.638722 0.004429
0.000338 0.007444 1.638722 0.004429
0.000336 0.007444 1.638722 0.004429
0.000334 0.007444 1.638722 0.004429
0.000332 0.007444 1.638722 0.004429
0.000330 0.007444 1.638722 0.004429
0.000329 0.007444 1.638722 0.004429
0.000327 0.007444 1.638722 0.004429
0.000325 0.007444 1.638722 0.004429
0.000323 0.007444 1.638722 0.004429
0.000321 0.007444 1.638722 0.004429
0.000320 0.007444 1.638722 0.004429
0.000318 0.007444 1.638722 0.004429
0.000316 0.007444 1.638722 0.004429
0.000315 0.007444 1.638722 0.004429
0.000313 0.007444 1.638722 0.004429
0.000311 0.007444 1.638722 0.004429
0.000309 0.007444 1.638722 0.004429
0.000308 0.007444 1.638722 0.004429
0.000306 0.007444 1.638722 0.004429
0.000304 0.007444 1.638722 0.004429
0.000303 0.007444 1.638722 0.004429
0.000301 0.007444 1.638722 0.004429
0.000299 0.007444 1.638722 0.004429
0.000298 0.007443 1.638722 0.004428
0.000296 0.007443 1.638722 0.004428
0.000295 0.007443 1.638722 0.004428
0.000293 0.007443 1.638722 0.004428
0.000291 0.007443 1.638722 0.004428
0.000290 0.007443 1.638722 0.004428
0.000288 0.007443 1.638722 0.004428
0.000287 0.007443 1.638722 0.004428
0.000285 0.007443 1.638722 0.004428
0.000284 0.007443 1.638722 0.004428
0.000282 0.007443 1.638722 0.004428
0.000280 0.007443 1.638722 0.004428
0.000279 0.007443 1.638722 0.004428
0.000277 0.007443 1.638722 0.004428
0.000276 0.007443 1.638722 0.004428
0.000274 0.007443 1.638722 0.004428
0.000273 0.007443 1.638722 0.004428
0.000271 0.007443 1.638722 0.004428
0.000270 0.007443 1.638722 0.004428
0.000268 0.007443 1.638722 0.004428
0.000267 0.007443 1.638722 0.004428
0.000265 0.007443 1.638722 0.004428
0.000264 0.007443 1.638722 0.004428
0.000262 0.007443 1.638722 0.004428
0.000261 0.007443 1.638722 0.004428
0.000260 0.007442 1.638722 0.004428
0.000258 0.007442 1.638722 0.004428
0.000257 0.007442 1.638722 0.004428
0.000255 0.007442 1.638722 0.004428
0.000254 0.007442 1.638722 0.004428
0.000252 0.007442 1.638722 0.004428
0.000251 0.007442 1.638722 0.004428
0.000250 0.007442 1.638722 0.004428
0.000248 0.007442 1.638722 0.004428
0.000247 0.007442 1.638722 0.004428
0.000245 0.007442 1.638722 0.004428
0.000244 0.007442 1.638722 0.004428
0.000243 0.007442 1.638722 0.004428
0.000241 0.007442 1.638722 0.004428
0.000240 0.007442 1.638722 0.004428
0.000238 0.007442 1.638722 0.004428
0.000237 0.007442 1.638722 0.004428
0.000236 0.007442 1.638722 0.004428
0.000234 0.007442 1.638722 0.004428
0.000233 0.007442 1.638722 0.004428
0.000232 0.007442 1.638722 0.004428
0.000230 0.007442 1.638722 0.004428
0.000229 0.007442 1.638722 0.004427
0.000228 0.007442 1.638722 0.004427
0.000226 0.007442 1.638722 0.004427
0.000225 0.007442 1.638722 0.004427
0.000224 0.007441 1.638722 0.004427
0.000223 0.007441 1.638722 0.004427
0.000221 0.007441 1.638722 0.004427
0.000220 0.007441 1.638722 0.004427
0.000219 0.007441 1.638722 0.004427
0.000217 0.007441 1.638722 0.004427
0.000216 0.007441 1.638722 0.004427
0.000215 0.007441 1.638722 0.004427
0.000214 0.007441 1.638722 0.004427
0.000212 0.007441 1.638722 0.004427
0.000211 0.007441 1.638722 0.004427
0.000210 0.007441 1.638722 0.004427
0.000209 0.007441 1.638722 0.004427
0.000207 0.007441 1.638722 0.004427
0.000206 0.007441 1.638722 0.004427
0.000205 0.007441 1.638722 0.004427
0.000204 0.007441 1.638722 0.004427
0.000202 0.007441 1.638722 0.004427
0.000201 0.007441 1.638722 0.004427
0.000200 0.007441 1.638722 0.004427
0.000199 0.007441 1.638722 0.004427
0.000198 0.007441 1.638722 0.004427
0.000196 0.007441 1.638722 0.004427
0.000195 0.007441 1.638722 0.004427
0.000194 0.007441 1.638722 0.004427
0.000193 0.007441 1.638722 0.004427
0.000192 0.007441 1.638722 0.004427
0.000191 0.007441 1.638722 0.004427
0.000189 0.007441 1.638722 0.004427
0.000188 0.007441 1.638722 0.004427
0.000187 0.007440 1.638722 0.004427
0.000186 0.007440 1.638722 0.004427
0.000185 0.007440 1.638722 0.004427
0.000184 0.007440 1.638722 0.004427
0.000183 0.007440 1.638722 0.004427
0.000181 0.007440 1.638722 0.004427
0.000180 0.007440 1.638722 0.004427
0.000179 0.007440 1.638722 0.004427
0.000178 0.007440 1.638722 0.004427
0.000177 0.007440 1.638722 0.004427
0.000176 0.007440 1.638722 0.004427
0.000175 0.007440 1.638722 0.004427
0.000174 0.007440 1.638722 0.004427
0.000173 0.007440 1.638722 0.004427
0.000172 0.007440 1.638722 0.004427
0.000171 0.007440 1.638722 0.004427
0.000170 0.007440 1.638722 0.004427
0.000169 0.007440 1.638722 0.004427
0.000168 0.007440 1.638722 0.004427
0.000166 0.007440 1.638722 0.004427
0.000165 0.007440 1.638722 0.004427
0.000164 0.007440 1.638722 0.004427
0.000163 0.007440 1.638722 0.004426
0.000162 0.007440 1.638722 0.004426
0.000161 0.007440 1.638722 0.004426
0.000160 0.007440 1.638722 0.004426
0.000159 0.007440 1.638722 0.004426
0.000158 0.007440 1.638722 0.004426
0.000157 0.007440 1.638722 0.004426
0.000157 0.007440 1.638722 0.004426
0.000156 0.007440 1.638722 0.004426
0.000155 0.007440 1.638722 0.004426
0.000154 0.007440 1.638722 0.004426
0.000153 0.007440 1.638722 0.004426
0.000152 0.007439 1.638723 0.004426
0.000151 0.007439 1.638723 0.004426
0.000150 0.007439 1.638723 0.004426
0.000149 0.007439 1.638723 0.004426
0.000148 0.007439 1.638723 0.004426
0.000147 0.007439 1.638723 0.004426
0.000146 0.007439 1.638723 0.004426
0.000145 0.007439 1.638723 0.004426
0.000145 0.007439 1.638723 0.004426
0.000144 0.007439 1.638723 0.004426
0.000143 0.007439 1.638723 0.004426
0.000142 0.007439 1.638723 0.004426
0.000141 0.007439 1.638723 0.004426
0.000140 0.007439 1.638723 0.004426
0.000139 0.007439 1.638723 0.004426
0.000139 0.007439 1.638723 0.004426
0.000138 0.007439 1.638723 0.004426
0.000137 0.007439 1.638723 0.004426
0.000136 0.007439 1.638723 0.004426
0.000135 0.007439 1.638723 0.004426
0.000135 0.007439 1.638723 0.004426
0.000134 0.007439 1.638723 0.004426
0.000133 0.007439 1.638723 0.004426
0.000132 0.007439 1.638723 0.004426
0.000131 0.007439 1.638723 0.004426
0.000131 0.007439 1.638723 0.004426
0.000130 0.007439 1.638723 0.004426
0.000129 0.007439 1.638723 0.004426
0.000128 0.007439 1.638723 0.004426
0.000128 0.007439 1.638723 0.004426
0.000127 0.007439 1.638723 0.004426
0.000126 0.007439 1.638723 0.004426
0.000126 0.007439 1.638723 0.004426
0.000125 0.007439 1.638723 0.004426
0.000124 0.007439 1.638723 0.004426
0.000124 0.007439 1.638723 0.004426
0.000123 0.007439 1.638723 0.004426
0.000122 0.007439 1.638723 0.004426
0.000122 0.007438 1.638723 0.004426
0.000121 0.007438 1.638723 0.004426
0.000120 0.007438 1.638723 0.004426
0.000120 0.007438 1.638723 0.004426
0.000119 0.007438 1.638723 0.004426
0.000118 0.007438 1.638723 0.004426
0.000118 0.007438 1.638723 0.004426
0.000117 0.007438 1.638723 0.004426
0.000117 0.007438 1.638723 0.004426
0.000116 0.007438 1.638723 0.004426
0.000115 0.007438 1.638723 0.004426
0.000115 0.007438 1.638723 0.004426
0.000114 0.007438 1.638723 0.004426
0.000114 0.007438 1.638723 0.004426
0.000113 0.007438 1.638723 0.004426
0.000113 0.007438 1.638723 0.004426
0.000112 0.007438 1.638723 0.004426
0.000112 0.007438 1.638723 0.004426
0.000111 0.007438 1.638723 0.004426
0.000111 0.007438 1.638723 0.004426
0.000110 0.007438 1.638723 0.004426
0.000110 0.007438 1.638723 0.004425
0.000109 0.007438 1.638723 0.004425
0.000109 0.007438 1.638723 0.004425
0.000108 0.007438 1.638723 0.004425
0.000108 0.007438 1.638723 0.004425
0.000107 0.007438 1.638723 0.004425
0.000107 0.007438 1.638723 0.004425
0.000107 0.007438 1.638723 0.004425
0.000106 0.007438 1.638723 0.004425
0.000106 0.007438 1.638723 0.004425
0.000105 0.007438 1.638723 0.004425
0.000105 0.007438 1.638723 0.004425
0.000104 0.007438 1.638723 0.004425
0.000104 0.007438 1.638723 0.004425
0.000104 0.007438 1.638723 0.004425
0.000103 0.007438 1.638723 0.004425
0.000103 0.007438 1.638723 0.004425
0.000103 0.007438 1.638723 0.004425
0.000102 0.007438 1.638723 0.004425
0.000102 0.007438 1.638723 0.004425
0.000102 0.007438 1.638723 0.004425
0.000101 0.007438 1.638723 0.004425
0.000101 0.007438 1.638723 0.004425
0.000101 0.007438 1.638723 0.004425
0.000100 0.007437 1.638723 0.004425
0.000100 0.007437 1.638723 0.004425
0.000100 0.007437 1.638723 0.004425
0.000099 0.007437 1.638723 0.004425
0.000099 0.007437 1.638723 0.004425
0.000099 0.007437 1.638723 0.004425
0.000099 0.007437 1.638723 0.004425
0.000098 0.007437 1.638723 0.004425
0.000098 0.007437 1.638723 0.004425
0.000098 0.007437 1.638723 0.004425
0.000098 0.007437 1.638723 0.004425
0.000097 0.007437 1.638723 0.004425
0.000097 0.007437 1.638723 0.004425
0.000097 0.007437 1.638723 0.004425
0.000097 0.007437 1.638723 0.004425
0.000096 0.007437 1.638723 0.004425
0.000096 0.007437 1.638723 0.004425
0.000096 0.007437 1.638723 0.004425
0.000096 0.007437 1.638723 0.004425
0.000096 0.007437 1.638723 0.004425
0.000095 0.007437 1.638723 0.004425
0.000095 0.007437 1.638723 0.004425
0.000095 0.007437 1.638723 0.004425
0.000095 0.007437 1.638723 0.004425
0.000095 0.007437 1.638723 0.004425
0.000095 0.007437 1.638723 0.004425
0.000094 0.007437 1.638723 0.004425
0.000094 0.007437 1.638723 0.004425
0.000094 0.007437 1.638723 0.004425
0.000094 0.007437 1.638723 0.004425
0.000094 0.007437 1.638723 0.004425
0.000094 0.007437 1.638723 0.004425
0.000094 0.007437 1.638723 0.004425
0.000093 0.007437 1.638723 0.004425
0.000093 0.007437 1.638723 0.004425
0.000093 0.007437 1.638723 0.004425
0.000093 0.007437 1.638723 0.004425
0.000093 0.007437 1.638723 0.004425
0.000093 0.007437 1.638723 0.004425
0.000093 0.007437 1.638723 0.004425
0.000093 0.007437 1.638723 0.004425
0.000092 0.007437 1.638723 0.004425
0.000092 0.007437 1.638723 0.004425
0.000092 0.007437 1.638723 0.004425
0.000092 0.007437 1.638723 0.004425
0.000092 0.007437 1.638723 0.004425
0.000092 0.007437 1.638723 0.004425
0.000092 0.007437 1.638723 0.004425
0.000092 0.007437 1.638723 0.004425
0.000092 0.007437 1.638723 0.004425
0.000092 0.007437 1.638723 0.004425
0.000091 0.007437 1.638723 0.004425
0.000091 0.007437 1.638723 0.004425
0.000091 0.007437 1.638723 0.004425
0.000091 0.007436 1.638723 0.004425
0.000091 0.007436 1.638723 0.004425
0.000091 0.007436 1.638723 0.004425
0.000091 0.007436 1.638723 0.004425
0.000091 0.007436 1.638723 0.004425
0.000091 0.007436 1.638723 0.004425
0.000091 0.007436 1.638723 0.004425
0.000091 0.007436 1.638723 0.004425
0.000091 0.007436 1.638723 0.004425
0.000090 0.007436 1.638723 0.004425
0.000090 0.007436 1.638723 0.004425
0.000090 0.007436 1.638723 0.004425
0.000090 0.007436 1.638723 0.004425
0.000090 0.007436 1.638723 0.004425
0.000090 0.007436 1.638723 0.004425
0.000090 0.007436 1.638723 0.004425
0.000090 0.007436 1.638723 0.004425
0.000090 0.007436 1.638723 0.004425
0.000090 0.007436 1.638723 0.004425
0.000090 0.007436 1.638723 0.004425
0.000090 0.007436 1.638723 0.004424
0.000090 0.007436 1.638723 0.004424
0.000089 0.007436 1.638723 0.004424
0.000089 0.007436 1.638723 0.004424
0.000089 0.007436 1.638723 0.004424
0.000089 0.007436 1.638723 0.004424
0.000089 0.007436 1.638723 0.004424
0.000089 0.007436 1.638723 0.004424
0.000089 0.007436 1.638723 0.004424
0.000089 0.007436 1.638723 0.004424
0.000089 0.007436 1.638723 0.004424
0.000089 0.007436 1.638723 0.004424
0.000089 0.007436 1.638723 0.004424
0.000089 0.007436 1.638723 0.004424
0.000089 0.007436 1.638723 0.004424
0.000089 0.007436 1.638723 0.004424
0.000088 0.007436 1.638723 0.004424
0.000088 0.007436 1.638723 0.004424
0.000088 0.007436 1.638723 0.004424
0.000088 0.007436 1.638723 0.004424
0.000088 0.007436 1.638723 0.004424
0.000088 0.007436 1.638723 0.004424
0.000088 0.007436 1.638723 0.004424
0.000088 0.007436 1.638723 0.004424
0.000088 0.007436 1.638723 0.004424
0.000088 0.007436 1.638723 0.004424
0.000088 0.007436 1.638723 0.004424
0.000088 0.007436 1.638723 0.004424
0.000087 0.007436 1.638723 0.004424
0.000087 0.007436 1.638723 0.004424
0.000087 0.007436 1.638723 0.004424
0.000087 0.007436 1.638723 0.004424
0.000087 0.007436 1.638723 0.004424
0.000087 0.007436 1.638723 0.004424
0.000087 0.007436 1.638723 0.004424
0.000087 0.007436 1.638723 0.004424
0.000087 0.007436 1.638723 0.004424
0.000087 0.007436 1.638723 0.004424
0.000086 0.007436 1.638723 0.004424
0.000086 0.007436 1.638723 0.004424
0.000086 0.007436 1.638723 0.004424
0.000086 0.007436 1.638723 0.004424
0.000086 0.007436 1.638723 0.004424
0.000086 0.007436 1.638723 0.004424
0.000086 0.007436 1.638723 0.004424
0.000086 0.007436 1.638723 0.004424
0.000086 0.007436 1.638723 0.004424
0.000086 0.007436 1.638723 0.004424
0.000085 0.007435 1.638723 0.004424
0.000085 0.007435 1.638723 0.004424
0.000085 0.007435 1.638723 0.004424
0.000085 0.007435 1.638723 0.004424
0.000085 0.007435 1.638723 0.004424
0.000085 0.007435 1.638723 0.004424
0.000085 0.007435 1.638723 0.004424
0.000085 0.007435 1.638723 0.004424
0.000085 0.007435 1.638723 0.004424
0.000084 0.007435 1.638723 0.004424
0.000084 0.007435 1.638723 0.004424
0.000084 0.007435 1.638723 0.004424
0.000084 0.007435 1.638723 0.004424
0.000084 0.007435 1.638723 0.004424
0.000084 0.007435 1.638723 0.004424
0.000084 0.007435 1.638723 0.004424
0.000084 0.007435 1.638723 0.004424
0.000083 0.007435 1.638723 0.004424
0.000083 0.007435 1.638723 0.004424
0.000083 0.007435 1.638723 0.004424
0.000083 0.007435 1.638723 0.004424
0.000083 0.007435 1.638723 0.004424
0.000083 0.007435 1.638723 0.004424
0.000083 0.007435 1.638723 0.004424
0.000082 0.007435 1.638723 0.004424
0.000082 0.007435 1.638723 0.004424
0.000082 0.007435 1.638723 0.004424
0.000082 0.007435 1.638723 0.004424
0.000082 0.007435 1.638723 0.004424
0.000082 0.007435 1.638723 0.004424
0.000082 0.007435 1.638723 0.004424
0.000081 0.007435 1.638723 0.004424
0.000081 0.007435 1.638723 0.004424
0.000081 0.007435 1.638723 0.004424
0.000081 0.007435 1.638723 0.004424
0.000081 0.007435 1.638723 0.004424
0.000081 0.007435 1.638723 0.004424
0.000081 0.007435 1.638723 0.004424
0.000080 0.007435 1.638723 0.004424
0.000080 0.007435 1.638723 0.004424
0.000080 0.007435 1.638723 0.004424
0.000080 0.007435 1.638723 0.004424
0.000080 0.007435 1.638723 0.004424
0.000080 0.007435 1.638723 0.004424
0.000079 0.007435 1.638723 0.004424
0.000079 0.007435 1.638723 0.004424
0.000079 0.007435 1.638723 0.004424
0.000079 0.007435 1.638723 0.004424
0.000079 0.007435 1.638723 0.004424
0.000079 0.007435 1.638723 0.004424
0.000078 0.007435 1.638723 0.004424
0.000078 0.007435 1.638723 0.004424
0.000078 0.007435 1.638723 0.004424
0.000078 0.007435 1.638723 0.004424
0.000078 0.007435 1.638723 0.004424
0.000078 0.007435 1.638723 0.004424
0.000078 0.007435 1.638723 0.004424
0.000077 0.007435 1.638723 0.004424
0.000077 0.007435 1.638723 0.004424
0.000077 0.007435 1.638723 0.004424
0.000077 0.007435 1.638723 0.004424
0.000077 0.007435 1.638723 0.004424
0.000076 0.007435 1.638723 0.004424
0.000076 0.007435 1.638723 0.004424
0.000076 0.007435 1.638723 0.004424
0.000076 0.007435 1.638723 0.004424
0.000076 0.007435 1.638723 0.004424
0.000076 0.007435 1.638723 0.004424
0.000075 0.007435 1.638723 0.004424
0.000075 0.007435 1.638723 0.004424
0.000075 0.007435 1.638723 0.004424
0.000075 0.007435 1.638723 0.004424
0.000075 0.007435 1.638723 0.004424
0.000075 0.007435 1.638723 0.004424
0.000074 0.007435 1.638723 0.004424
0.000074 0.007435 1.638723 0.004424
0.000074 0.007435 1.638723 0.004424
0.000074 0.007435 1.638723 0.004424
0.000074 0.007435 1.638723 0.004424
0.000074 0.007435 1.638723 0.004424
0.000073 0.007435 1.638723 0.004424
0.000073 0.007435 1.638723 0.004424
0.000073 0.007435 1.638723 0.004424
0.000073 0.007435 1.638723 0.004424
0.000073 0.007435 1.638723 0.004424
0.000072 0.007435 1.638723 0.004424
0.000072 0.007435 1.638723 0.004424
0.000072 0.007435 1.638723 0.004424
0.000072 0.007435 1.638723 0.004424
0.000072 0.007435 1.638723 0.004424
0.000072 0.007435 1.638723 0.004424
0.000071 0.007435 1.638723 0.004424
0.000071 0.007434 1.638723 0.004424
0.000071 0.007434 1.638723 0.004424
0.000071 0.007434 1.638723 0.004424
0.000071 0.007434 1.638723 0.004424
0.000070 0.007434 1.638723 0.004424
0.000070 0.007434 1.638723 0.004424
0.000070 0.007434 1.638723 0.004424
0.000070 0.007434 1.638723 0.004424
0.000070 0.007434 1.638723 0.004424
0.000070 0.007434 1.638723 0.004424
0.000069 0.007434 1.638723 0.004424
0.000069 0.007434 1.638723 0.004424
0.000069 0.007434 1.638723 0.004424
0.000069 0.007434 1.638723 0.004424
0.000069 0.007434 1.638723 0.004424
0.000068 0.007434 1.638723 0.004424
0.000068 0.007434 1.638723 0.004424
0.000068 0.007434 1.638723 0.004424
0.000068 0.007434 1.638723 0.004423
0.000068 0.007434 1.638723 0.004423
0.000067 0.007434 1.638723 0.004423
0.000067 0.007434 1.638723 0.004423
0.000067 0.007434 1.638723 0.004423
0.000067 0.007434 1.638723 0.004423
0.000067 0.007434 1.638723 0.004423
0.000067 0.007434 1.638723 0.004423
0.000066 0.007434 1.638723 0.004423
0.000066 0.007434 1.638723 0.004423
0.000066 0.007434 1.638723 0.004423
0.000066 0.007434 1.638723 0.004423
0.000066 0.007434 1.638723 0.004423
0.000065 0.007434 1.638723 0.004423
0.000065 0.007434 1.638723 0.004423
0.000065 0.007434 1.638723 0.004423
0.000065 0.007434 1.638723 0.004423
0.000065 0.007434 1.638723 0.004423
0.000065 0.007434 1.638723 0.004423
0.000064 0.007434 1.638723 0.004423
0.000064 0.007434 1.638723 0.004423
0.000064 0.007434 1.638723 0.004423
0.000064 0.007434 1.638723 0.004423
0.000064 0.007434 1.638723 0.004423
0.000063 0.007434 1.638723 0.004423
0.000063 0.007434 1.638723 0.004423
0.000063 0.007434 1.638723 0.004423
0.000063 0.007434 1.638723 0.004423
0.000063 0.007434 1.638723 0.004423
0.000063 0.007434 1.638723 0.004423
0.000062 0.007434 1.638723 0.004423
0.000062 0.007434 1.638723 0.004423
0.000062 0.007434 1.638723 0.004423
0.000062 0.007434 1.638723 0.004423
0.000062 0.007434 1.638723 0.004423
0.000061 0.007434 1.638723 0.004423
0.000061 0.007434 1.638723 0.004423
0.000061 0.007434 1.638723 0.004423
0.000061 0.007434 1.638723 0.004423
0.000061 0.007434 1.638723 0.004423
0.000061 0.007434 1.638723 0.004423
0.000060 0.007434 1.638723 0.004423
0.000060 0.007434 1.638723 0.004423
0.000060 0.007434 1.638723 0.004423
0.000060 0.007434 1.638723 0.004423
0.000060 0.007434 1.638723 0.004423
0.000059 0.007434 1.638723 0.004423
0.000059 0.007434 1.638723 0.004423
0.000059 0.007434 1.638723 0.004423
0.000059 0.007434 1.638723 0.004423
0.000059 0.007434 1.638723 0.004423
0.000059 0.007434 1.638723 0.004423
0.000058 0.007434 1.638723 0.004423
0.000058 0.007434 1.638723 0.004423
0.000058 0.007434 1.638723 0.004423
0.000058 0.007434 1.638723 0.004423
0.000058 0.007434 1.638723 0.004423
0.000057 0.007434 1.638723 0.004423
0.000057 0.007434 1.638723 0.004423
0.000057 0.007434 1.638723 0.004423
0.000057 0.007434 1.638723 0.004423
0.000057 0.007434 1.638723 0.004423
0.000057 0.007434 1.638723 0.004423
0.000056 0.007434 1.638723 0.004423
0.000056 0.007434 1.638723 0.004423
0.000056 0.007434 1.638723 0.004423
0.000056 0.007434 1.638723 0.004423
0.000056 0.007434 1.638723 0.004423
0.000056 0.007434 1.638723 0.004423
0.000055 0.007434 1.638723 0.004423
0.000055 0.007434 1.638723 0.004423
0.000055 0.007434 1.638723 0.004423
0.000055 0.007434 1.638723 0.004423
0.000055 0.007434 1.638723 0.004423
0.000055 0.007434 1.638723 0.004423
0.000054 0.007434 1.638723 0.004423
0.000054 0.007434 1.638723 0.004423
0.000054 0.007434 1.638723 0.004423
0.000054 0.007434 1.638723 0.004423
0.000054 0.007434 1.638723 0.004423
0.000054 0.007434 1.638723 0.004423
0.000053 0.007434 1.638723 0.004423
0.000053 0.007434 1.638723 0.004423
0.000053 0.007434 1.638723 0.004423
0.000053 0.007434 1.638723 0.004423
0.000053 0.007434 1.638723 0.004423
0.000053 0.007434 1.638723 0.004423
0.000052 0.007434 1.638723 0.004423
0.000052 0.007434 1.638723 0.004423
0.000052 0.007434 1.638723 0.004423
0.000052 0.007434 1.638723 0.004423
0.000052 0.007434 1.638723 0.004423
0.000052 0.007434 1.638723 0.004423
0.000051 0.007434 1.638723 0.004423
0.000051 0.007434 1.638723 0.004423
0.000051 0.007434 1.638723 0.004423
0.000051 0.007434 1.638723 0.004423
0.000051 0.007434 1.638723 0.004423
0.000051 0.007434 1.638723 0.004423
0.000050 0.007434 1.638723 0.004423
0.000050 0.007434 1.638723 0.004423
0.000050 0.007434 1.638723 0.004423
0.000050 0.007434 1.638723 0.004423
0.000050 0.007434 1.638723 0.004423
0.000050 0.007434 1.638723 0.004423
0.000049 0.007434 1.638723 0.004423
0.000049 0.007434 1.638723 0.004423
0.000049 0.007434 1.638723 0.004423
0.000049 0.007434 1.638723 0.004423
0.000049 0.007434 1.638723 0.004423
0.000049 0.007434 1.638723 0.004423
0.000048 0.007434 1.638723 0.004423
0.000048 0.007434 1.638723 0.004423
0.000048 0.007434 1.638723 0.004423
0.000048 0.007434 1.638723 0.004423
0.000048 0.007434 1.638723 0.004423
0.000048 0.007434 1.638723 0.004423
0.000048 0.007434 1.638723 0.004423
0.000047 0.007434 1.638723 0.004423
0.000047 0.007434 1.638723 0.004423
0.000047 0.007434 1.638723 0.004423
0.000047 0.007434 1.638723 0.004423
0.000047 0.007434 1.638723 0.004423
0.000047 0.007434 1.638723 0.004423
0.000046 0.007434 1.638723 0.004423
0.000046 0.007434 1.638723 0.004423
0.000046 0.007433 1.638723 0.004423
0.000046 0.007433 1.638723 0.004423
0.000046 0.007433 1.638723 0.004423
0.000046 0.007433 1.638723 0.004423
0.000046 0.007433 1.638723 0.004423
0.000045 0.007433 1.638723 0.004423
0.000045 0.007433 1.638723 0.004423
0.000045 0.007433 1.638723 0.004423
0.000045 0.007433 1.638723 0.004423
0.000045 0.007433 1.638723 0.004423
0.000045 0.007433 1.638723 0.004423
0.000044 0.007433 1.638723 0.004423
0.000044 0.007433 1.638723 0.004423
0.000044 0.007433 1.638723 0.004423
0.000044 0.007433 1.638723 0.004423
0.000044 0.007433 1.638723 0.004423
0.000044 0.007433 1.638723 0.004423
0.000044 0.007433 1.638723 0.004423
0.000043 0.007433 1.638723 0.004423
0.000043 0.007433 1.638723 0.004423
0.000043 0.007433 1.638723 0.004423
0.000043 0.007433 1.638723 0.004423
0.000043 0.007433 1.638723 0.004423
0.000043 0.007433 1.638723 0.004423
0.000043 0.007433 1.638723 0.004423
0.000042 0.007433 1.638723 0.004423
0.000042 0.007433 1.638723 0.004423
0.000042 0.007433 1.638723 0.004423
0.000042 0.007433 1.638723 0.004423
0.000042 0.007433 1.638723 0.004423
0.000042 0.007433 1.638723 0.004423
0.000042 0.007433 1.638723 0.004423
0.000042 0.007433 1.638723 0.004423
0.000041 0.007433 1.638723 0.004423
0.000041 0.007433 1.638723 0.004423
0.000041 0.007433 1.638723 0.004423
0.000041 0.007433 1.638723 0.004423
0.000041 0.007433 1.638723 0.004423
0.000041 0.007433 1.638723 0.004423
0.000041 0.007433 1.638723 0.004423
0.000040 0.007433 1.638723 0.004423
0.000040 0.007433 1.638723 0.004423
0.000040 0.007433 1.638723 0.004423
0.000040 0.007433 1.638723 0.004423
0.000040 0.007433 1.638723 0.004423
0.000040 0.007433 1.638723 0.004423
0.000040 0.007433 1.638723 0.004423
0.000039 0.007433 1.638723 0.004423
0.000039 0.007433 1.638723 0.004423
0.000039 0.007433 1.638723 0.004423
0.000039 0.007433 1.638723 0.004423
0.000039 0.007433 1.638723 0.004423
0.000039 0.007433 1.638723 0.004423
0.000039 0.007433 1.638723 0.004423
0.000039 0.007433 1.638723 0.004423
0.000038 0.007433 1.638723 0.004423
0.000038 0.007433 1.638723 0.004423
0.000038 0.007433 1.638723 0.004423
0.000038 0.007433 1.638723 0.004423
0.000038 0.007433 1.638723 0.004423
0.000038 0.007433 1.638723 0.004423
0.000038 0.007433 1.638723 0.004423
0.000038 0.007433 1.638723 0.004423
0.000037 0.007433 1.638723 0.004423
0.000037 0.007433 1.638723 0.004423
0.000037 0.007433 1.638723 0.004423
0.000037 0.007433 1.638723 0.004423
0.000037 0.007433 1.638723 0.004423
0.000037 0.007433 1.638723 0.004423
0.000037 0.007433 1.638723 0.004423
0.000037 0.007433 1.638723 0.004423
0.000036 0.007433 1.638723 0.004423
0.000036 0.007433 1.638723 0.004423
0.000036 0.007433 1.638723 0.004423
0.000036 0.007433 1.638723 0.004423
0.000036 0.007433 1.638723 0.004423
0.000036 0.007433 1.638723 0.004423
0.000036 0.007433 1.638723 0.004423
0.000036 0.007433 1.638723 0.004423
0.000035 0.007433 1.638723 0.004423
0.000035 0.007433 1.638723 0.004423
0.000035 0.007433 1.638723 0.004423
0.000035 0.007433 1.638723 0.004423
0.000035 0.007433 1.638723 0.004423
0.000035 0.007433 1.638723 0.004423
0.000035 0.007433 1.638723 0.004423
0.000035 0.007433 1.638723 0.004423
0.000035 0.007433 1.638723 0.004423
0.000034 0.007433 1.638723 0.004423
0.000034 0.007433 1.638723 0.004423
0.000034 0.007433 1.638723 0.004423
0.000034 0.007433 1.638723 0.004423
0.000034 0.007433 1.638723 0.004423
0.000034 0.007433 1.638723 0.004423
0.000034 0.007433 1.638723 0.004423
0.000034 0.007433 1.638723 0.004423
0.000034 0.007433 1.638723 0.004423
0.000033 0.007433 1.638723 0.004423
0.000033 0.007433 1.638723 0.004423
0.000033 0.007433 1.638723 0.004423
0.000033 0.007433 1.638723 0.004423
0.000033 0.007433 1.638723 0.004423
0.000033 0.007433 1.638723 0.004423
0.000033 0.007433 1.638723 0.004423
0.000033 0.007433 1.638723 0.004423
0.000033 0.007433 1.638723 0.004423
0.000032 0.007433 1.638723 0.004423
0.000032 0.007433 1.638723 0.004423
0.000032 0.007433 1.638723 0.004423
0.000032 0.007433 1.638723 0.004423
0.000032 0.007433 1.638723 0.004423
0.000032 0.007433 1.638723 0.004423
0.000032 0.007433 1.638723 0.004423
0.000032 0.007433 1.638723 0.004423
0.000032 0.007433 1.638723 0.004423
0.000031 0.007433 1.638723 0.004423
0.000031 0.007433 1.638723 0.004423
0.000031 0.007433 1.638723 0.004423
0.000031 0.007433 1.638723 0.004423
0.000031 0.007433 1.638723 0.004423
0.000031 0.007433 1.638723 0.004423
0.000031 0.007433 1.638723 0.004423
0.000031 0.007433 1.638723 0.004423
0.000031 0.007433 1.638723 0.004423
0.000031 0.007433 1.638723 0.004423
0.000030 0.007433 1.638723 0.004423
0.000030 0.007433 1.638723 0.004423
0.000030 0.007433 1.638723 0.004423
0.000030 0.007433 1.638723 0.004423
0.000030 0.007433 1.638723 0.004423
0.000030 0.007433 1.638723 0.004423
0.000030 0.007433 1.638723 0.004423
0.000030 0.007433 1.638723 0.004423
0.000030 0.007433 1.638723 0.004423
0.000029 0.007433 1.638723 0.004423
0.000029 0.007433 1.638723 0.004423
0.000029 0.007433 1.638723 0.004423
0.000029 0.007433 1.638723 0.004423
0.000029 0.007433 1.638723 0.004423
0.000029 0.007433 1.638723 0.004423
0.000029 0.007433 1.638723 0.004423
0.000029 0.007433 1.638723 0.004423
0.000029 0.007433 1.638723 0.004423
0.000029 0.007433 1.638723 0.004423
0.000029 0.007433 1.638723 0.004423
0.000028 0.007433 1.638723 0.004423
0.000028 0.007433 1.638723 0.004423
0.000028 0.007433 1.638723 0.004423
0.000028 0.007433 1.638723 0.004423
0.000028 0.007433 1.638723 0.004423
0.000028 0.007433 1.638723 0.004423
0.000028 0.007433 1.638723 0.004423
0.000028 0.007433 1.638723 0.004423
0.000028 0.007433 1.638723 0.004423
0.000028 0.007433 1.638723 0.004423
0.000027 0.007433 1.638723 0.004423
0.000027 0.007433 1.638723 0.004423
0.000027 0.007433 1.638723 0.004423
0.000027 0.007433 1.638723 0.004423
0.000027 0.007433 1.638723 0.004423
0.000027 0.007433 1.638723 0.004423
0.000027 0.007433 1.638723 0.004423
0.000027 0.007433 1.638723 0.004423
0.000027 0.007433 1.638723 0.004423
0.000027 0.007433 1.638723 0.004423
0.000027 0.007433 1.638723 0.004423
0.000026 0.007433 1.638723 0.004423
0.000026 0.007433 1.638723 0.004423
0.000026 0.007433 1.638723 0.004423
0.000026 0.007433 1.638723 0.004423
0.000026 0.007433 1.638723 0.004423
0.000026 0.007433 1.638723 0.004423
0.000026 0.007433 1.638723 0.004423
0.000026 0.007433 1.638723 0.004423
0.000026 0.007433 1.638723 0.004423
0.000026 0.007433 1.638723 0.004423
0.000026 0.007433 1.638723 0.004423
0.000026 0.007433 1.638723 0.004423
0.000025 0.007433 1.638723 0.004423
0.000025 0.007433 1.638723 0.004423
0.000025 0.007433 1.638723 0.004423
0.000025 0.007433 1.638723 0.004423
0.000025 0.007433 1.638723 0.004423
0.000025 0.007433 1.638723 0.004423
0.000025 0.007433 1.638723 0.004423
0.000025 0.007433 1.638723 0.004423
0.000025 0.007433 1.638723 0.004423
0.000025 0.007433 1.638723 0.004423
0.000025 0.007433 1.638723 0.004423
0.000025 0.007433 1.638723 0.004423
0.000024 0.007433 1.638723 0.004423
0.000024 0.007433 1.638723 0.004423
0.000024 0.007433 1.638723 0.004423
0.000024 0.007433 1.638723 0.004423
0.000024 0.007433 1.638723 0.004423
0.000024 0.007433 1.638723 0.004423
0.000024 0.007433 1.638723 0.004423
0.000024 0.007433 1.638723 0.004423
0.000024 0.007433 1.638723 0.004423
0.000024 0.007433 1.638723 0.004423
0.000024 0.007433 1.638723 0.004423
0.000024 0.007433 1.638723 0.004423
0.000023 0.007433 1.638723 0.004423
0.000023 0.007433 1.638723 0.004423
0.000023 0.007433 1.638723 0.004423
0.000023 0.007433 1.638723 0.004423
0.000023 0.007433 1.638723 0.004423
0.000023 0.007433 1.638723 0.004423
0.000023 0.007433 1.638723 0.004423
0.000023 0.007433 1.638723 0.004423
0.000023 0.007433 1.638723 0.004423
0.000023 0.007433 1.638723 0.004423
0.000023 0.007433 1.638723 0.004423
0.000023 0.007433 1.638723 0.004423
0.000023 0.007433 1.638723 0.004423
0.000022 0.007433 1.638723 0.004423
0.000022 0.007433 1.638723 0.004423
0.000022 0.007433 1.638723 0.004423
0.000022 0.007433 1.638723 0.004423
0.000022 0.007433 1.638723 0.004423
0.000022 0.007433 1.638723 0.004423
0.000022 0.007433 1.638723 0.004423
0.000022 0.007433 1.638723 0.004423
0.000022 0.007433 1.638723 0.004423
0.000022 0.007433 1.638723 0.004423
0.000022 0.007433 1.638723 0.004423
0.000022 0.007433 1.638723 0.004423
0.000022 0.007433 1.638723 0.004423
0.000022 0.007433 1.638723 0.004423
0.000021 0.007433 1.638723 0.004423
0.000021 0.007433 1.638723 0.004423
0.000021 0.007433 1.638723 0.004423
0.000021 0.007433 1.638723 0.004423
0.000021 0.007433 1.638723 0.004423
0.000021 0.007433 1.638723 0.004423
0.000021 0.007433 1.638723 0.004423
0.000021 0.007433 1.638723 0.004423
0.000021 0.007433 1.638723 0.004423
0.000021 0.007433 1.638723 0.004423
0.000021 0.007433 1.638723 0.004423
0.000021 0.007433 1.638723 0.004423
0.000021 0.007433 1.638723 0.004423
0.000021 0.007433 1.638723 0.004423
0.000020 0.007433 1.638723 0.004423
0.000020 0.007433 1.638723 0.004423
0.000020 0.007433 1.638723 0.004423
0.000020 0.007433 1.638723 0.004423
0.000020 0.007433 1.638723 0.004423
0.000020 0.007433 1.638723 0.004423
0.000020 0.007433 1.638723 0.004423
0.000020 0.007433 1.638723 0.004423
0.000020 0.007433 1.638723 0.004423
0.000020 0.007433 1.638723 0.004423
0.000020 0.007433 1.638723 0.004423
0.000020 0.007433 1.638723 0.004423
0.000020 0.007433 1.638723 0.004423
0.000020 0.007433 1.638723 0.004423
0.000020 0.007433 1.638723 0.004423
0.000019 0.007433 1.638723 0.004423
0.000019 0.007433 1.638723 0.004423
0.000019 0.007433 1.638723 0.004423
0.000019 0.007433 1.638723 0.004423
0.000019 0.007433 1.638723 0.004423
0.000019 0.007433 1.638723 0.004423
0.000019 0.007433 1.638723 0.004423
0.000019 0.007433 1.638723 0.004423
0.000019 0.007433 1.638723 0.004423
0.000019 0.007433 1.638723 0.004423
0.000019 0.007433 1.638723 0.004423
0.000019 0.007433 1.638723 0.004423
0.000019 0.007433 1.638723 0.004423
0.000019 0.007433 1.638723 0.004423
0.000019 0.007433 1.638723 0.004423
0.000019 0.007433 1.638723 0.004423
0.000018 0.007433 1.638723 0.004423
0.000018 0.007433 1.638723 0.004423
0.000018 0.007433 1.638723 0.004423
0.000018 0.007433 1.638723 0.004423
0.000018 0.007433 1.638723 0.004423
0.000018 0.007433 1.638723 0.004423
0.000018 0.007433 1.638723 0.004423
0.000018 0.007433 1.638723 0.004423
0.000018 0.007433 1.638723 0.004423
0.000018 0.007433 1.638723 0.004423
0.000018 0.007433 1.638723 0.004423
0.000018 0.007433 1.638723 0.004423
0.000018 0.007433 1.638723 0.004423
0.000018 0.007433 1.638723 0.004423
0.000018 0.007433 1.638723 0.004423
0.000018 0.007433 1.638723 0.004423
0.000017 0.007433 1.638723 0.004423
0.000017 0.007433 1.638723 0.004423
0.000017 0.007433 1.638723 0.004423
0.000017 0.007433 1.638723 0.004423
0.000017 0.007433 1.638723 0.004423
0.000017 0.007433 1.638723 0.004423
0.000017 0.007433 1.638723 0.004423
0.000017 0.007433 1.638723 0.004423
0.000017 0.007433 1.638723 0.004423
0.000017 0.007433 1.638723 0.004423
0.000017 0.007433 1.638723 0.004423
0.000017 0.007433 1.638723 0.004423
0.000017 0.007433 1.638723 0.004423
0.000017 0.007433 1.638723 0.004423
0.000017 0.007433 1.638723 0.004423
0.000017 0.007433 1.638723 0.004423
0.000017 0.007433 1.638723 0.004423
0.000017 0.007433 1.638723 0.004423
0.000016 0.007433 1.638723 0.004423
0.000016 0.007433 1.638723 0.004423
0.000016 0.007433 1.638723 0.004423
0.000016 0.007433 1.638723 0.004423
0.000016 0.007433 1.638723 0.004423
0.000016 0.007433 1.638723 0.004423
0.000016 0.007433 1.638723 0.004423
0.000016 0.007433 1.638723 0.004423
0.000016 0.007433 1.638723 0.004423
0.000016 0.007433 1.638723 0.004423
0.000016 0.007433 1.638723 0.004423
0.000016 0.007433 1.638723 0.004423
0.000016 0.007433 1.638723 0.004423
0.000016 0.007433 1.638723 0.004423
0.000016 0.007433 1.638723 0.004423
0.000016 0.007433 1.638723 0.004423
0.000016 0.007433 1.638723 0.004423
0.000016 0.007433 1.638723 0.004423
0.000015 0.007433 1.638723 0.004423
0.000015 0.007433 1.638723 0.004423
0.000015 0.007433 1.638723 0.004423
0.000015 0.007433 1.638723 0.004423
0.000015 0.007433 1.638723 0.004423
0.000015 0.007433 1.638723 0.004423
0.000015 0.007433 1.638723 0.004423
0.000015 0.007433 1.638723 0.004423
0.000015 0.007433 1.638723 0.004423
0.000015 0.007433 1.638723 0.004423
0.000015 0.007433 1.638723 0.004423
0.000015 0.007433 1.638723 0.004423
0.000015 0.007433 1.638723 0.004423
0.000015 0.007433 1.638723 0.004423
0.000015 0.007433 1.638723 0.004423
0.000015 0.007433 1.638723 0.004423
0.000015 0.007433 1.638723 0.004423
0.000015 0.007433 1.638723 0.004423
0.000015 0.007433 1.638723 0.004423
0.000015 0.007433 1.638723 0.004423
0.000014 0.007433 1.638723 0.004423
0.000014 0.007433 1.638723 0.004423
0.000014 0.007433 1.638723 0.004423
0.000014 0.007433 1.638723 0.004423
0.000014 0.007433 1.638723 0.004423
0.000014 0.007433 1.638723 0.004423
0.000014 0.007433 1.638723 0.004423
0.000014 0.007433 1.638723 0.004423
0.000014 0.007433 1.638723 0.004423
0.000014 0.007433 1.638723 0.004423
0.000014 0.007433 1.638723 0.004423
0.000014 0.007433 1.638723 0.004423
0.000014 0.007433 1.638723 0.004423
0.000014 0.007433 1.638723 0.004423
0.000014 0.007433 1.638723 0.004423
0.000014 0.007432 1.638723 0.004423
0.000014 0.007432 1.638723 0.004423
0.000014 0.007432 1.638723 0.004423
0.000014 0.007432 1.638723 0.004423
0.000014 0.007432 1.638723 0.004423
0.000014 0.007432 1.638723 0.004423
0.000013 0.007432 1.638723 0.004423
0.000013 0.007432 1.638723 0.004423
0.000013 0.007432 1.638723 0.004423
0.000013 0.007432 1.638723 0.004423
0.000013 0.007432 1.638723 0.004423
0.000013 0.007432 1.638723 0.004423
0.000013 0.007432 1.638723 0.004423
0.000013 0.007432 1.638723 0.004423
0.000013 0.007432 1.638723 0.004423
0.000013 0.007432 1.638723 0.004422
0.000013 0.007432 1.638723 0.004422
0.000013 0.007432 1.638723 0.004422
0.000013 0.007432 1.638723 0.004422
0.000013 0.007432 1.638723 0.004422
0.000013 0.007432 1.638723 0.004422
0.000013 0.007432 1.638723 0.004422
0.000013 0.007432 1.638723 0.004422
0.000013 0.007432 1.638723 0.004422
0.000013 0.007432 1.638723 0.004422
0.000013 0.007432 1.638723 0.004422
0.000013 0.007432 1.638723 0.004422
0.000013 0.007432 1.638723 0.004422
0.000013 0.007432 1.638723 0.004422
0.000012 0.007432 1.638723 0.004422
0.000012 0.007432 1.638723 0.004422
0.000012 0.007432 1.638723 0.004422
0.000012 0.007432 1.638723 0.004422
0.000012 0.007432 1.638723 0.004422
0.000012 0.007432 1.638723 0.004422
0.000012 0.007432 1.638723 0.004422
0.000012 0.007432 1.638723 0.004422
0.000012 0.007432 1.638723 0.004422
0.000012 0.007432 1.638723 0.004422
0.000012 0.007432 1.638723 0.004422
0.000012 0.007432 1.638723 0.004422
0.000012 0.007432 1.638723 0.004422
0.000012 0.007432 1.638723 0.004422
0.000012 0.007432 1.638723 0.004422
0.000012 0.007432 1.638723 0.004422
0.000012 0.007432 1.638723 0.004422
0.000012 0.007432 1.638723 0.004422
0.000012 0.007432 1.638723 0.004422
0.000012 0.007432 1.638723 0.004422
0.000012 0.007432 1.638723 0.004422
0.000012 0.007432 1.638723 0.004422
0.000012 0.007432 1.638723 0.004422
0.000012 0.007432 1.638723 0.004422
0.000012 0.007432 1.638723 0.004422
0.000011 0.007432 1.638723 0.004422
0.000011 0.007432 1.638723 0.004422
0.000011 0.007432 1.638723 0.004422
0.000011 0.007432 1.638723 0.004422
0.000011 0.007432 1.638723 0.004422
0.000011 0.007432 1.638723 0.004422
0.000011 0.007432 1.638723 0.004422
0.000011 0.007432 1.638723 0.004422
0.000011 0.007432 1.638723 0.004422
0.000011 0.007432 1.638723 0.004422
0.000011 0.007432 1.638723 0.004422
0.000011 0.007432 1.638723 0.004422
0.000011 0.007432 1.638723 0.004422
0.000011 0.007432 1.638723 0.004422
0.000011 0.007432 1.638723 0.004422
0.000011 0.007432 1.638723 0.004422
0.000011 0.007432 1.638723 0.004422
0.000011 0.007432 1.638723 0.004422
0.000011 0.007432 1.638723 0.004422
0.000011 0.007432 1.638723 0.004422
0.000011 0.007432 1.638723 0.004422
0.000011 0.007432 1.638723 0.004422
0.000011 0.007432 1.638723 0.004422
0.000011 0.007432 1.638723 0.004422
0.000011 0.007432 1.638723 0.004422
0.000011 0.007432 1.638723 0.004422
0.000010 0.007432 1.638723 0.004422
0.000010 0.007432 1.638723 0.004422
0.000010 0.007432 1.638723 0.004422
0.000010 0.007432 1.638723 0.004422
0.000010 0.007432 1.638723 0.004422
0.000010 0.007432 1.638723 0.004422
0.000010 0.007432 1.638723 0.004422
0.000010 0.007432 1.638723 0.004422
0.000010 0.007432 1.638723 0.004422
0.000010 0.007432 1.638723 0.004422
0.000010 0.007432 1.638723 0.004422
0.000010 0.007432 1.638723 0.004422
0.000010 0.007432 1.638723 0.004422
0.000010 0.007432 1.638723 0.004422
0.000010 0.007432 1.638723 0.004422
0.000010 0.007432 1.638723 0.004422
