2219.434939 -0.014398 0.004066 -0.004947
1606.782928 -0.025001 0.006630 -0.008639
1424.868622 -0.033159 0.008373 -0.011527
1326.391320 -0.039611 0.009582 -0.013862
1261.374954 -0.044895 0.010409 -0.015808
1207.499474 -0.049362 0.010970 -0.017460
1160.723649 -0.053238 0.011333 -0.018888
1116.783318 -0.056628 0.011556 -0.020128
1078.939539 -0.059610 0.011669 -0.021210
1048.349760 -0.062229 0.011690 -0.022155
1024.089409 -0.064503 0.011625 -0.022973
1005.338921 -0.066454 0.011487 -0.023674
989.381461 -0.068104 0.011293 -0.024269
974.801564 -0.069473 0.011056 -0.024762
960.667546 -0.070578 0.010785 -0.025163
946.407169 -0.071440 0.010490 -0.025477
931.529981 -0.072077 0.010174 -0.025710
915.976101 -0.072509 0.009841 -0.025868
900.032096 -0.072757 0.009494 -0.025958
883.613291 -0.072845 0.009139 -0.025987
866.714717 -0.072797 0.008779 -0.025963
849.625268 -0.072632 0.008417 -0.025891
832.594096 -0.072371 0.008058 -0.025778
816.180853 -0.072029 0.007703 -0.025629
800.291910 -0.071622 0.007356 -0.025448
785.621530 -0.071163 0.007017 -0.025242
772.186349 -0.070665 0.006690 -0.025013
759.861194 -0.070138 0.006374 -0.024766
748.626414 -0.069595 0.006072 -0.024505
738.344123 -0.069044 0.005784 -0.024235
728.922893 -0.068493 0.005511 -0.023959
720.078156 -0.067951 0.005254 -0.023681
711.580633 -0.067429 0.005011 -0.023404
703.191102 -0.066938 0.004784 -0.023130
694.671567 -0.066494 0.004573 -0.022864
685.807057 -0.066120 0.004378 -0.022609
676.333790 -0.065848 0.004202 -0.022369
666.056212 -0.065721 0.004050 -0.022149
655.104871 -0.065798 0.003926 -0.021955
643.857934 -0.066153 0.003839 -0.021795
632.289198 -0.066878 0.003800 -0.021678
620.666127 -0.068079 0.003824 -0.021618
608.878269 -0.069875 0.003935 -0.021631
596.920274 -0.072392 0.004171 -0.021739
584.898276 -0.075757 0.004591 -0.021967
572.910584 -0.080098 0.005289 -0.022344
560.934364 -0.085533 0.006404 -0.022898
549.178537 -0.092160 0.008142 -0.023658
537.769059 -0.100053 0.010808 -0.024647
526.706550 -0.109250 0.014842 -0.025893
516.359134 -0.119761 0.020791 -0.027418
506.853068 -0.131581 0.029294 -0.029240
498.182691 -0.144679 0.041074 -0.031371
490.351889 -0.159009 0.056945 -0.033827
483.369609 -0.174496 0.077794 -0.036621
477.108067 -0.191017 0.104611 -0.039759
471.460066 -0.208451 0.138404 -0.043233
466.265733 -0.226657 0.180164 -0.047022
461.325261 -0.245471 0.230820 -0.051104
456.554254 -0.264694 0.291179 -0.055451
451.940516 -0.284074 0.361806 -0.060019
447.240383 -0.303303 0.443075 -0.064760
442.410126 -0.322087 0.535337 -0.069615
437.468982 -0.340165 0.638631 -0.074525
432.427842 -0.357335 0.752880 -0.079448
427.434526 -0.373386 0.877238 -0.084351
422.536506 -0.388084 1.011116 -0.089187
417.566498 -0.401235 1.153717 -0.093903
412.749992 -0.412670 1.304054 -0.098434
408.092680 -0.422264 1.460688 -0.102739
403.348955 -0.429892 1.622105 -0.106797
398.688840 -0.435505 1.786932 -0.110594
394.087707 -0.439081 1.953759 -0.114085
389.524189 -0.440673 2.121003 -0.117248
385.023773 -0.440346 2.286902 -0.120056
380.339346 -0.438090 2.449647 -0.122455
375.585663 -0.434101 2.606803 -0.124473
370.866021 -0.428484 2.756568 -0.126065
366.204331 -0.421272 2.897247 -0.127128
361.601970 -0.412515 3.027329 -0.127569
356.909909 -0.402289 3.145595 -0.127314
352.200743 -0.390624 3.250970 -0.126270
347.694681 -0.377491 3.342525 -0.124294
343.707188 -0.363058 3.419729 -0.121405
339.767721 -0.347395 3.482455 -0.117577
335.866641 -0.330603 3.531202 -0.112818
331.912556 -0.312815 3.566677 -0.107167
327.671305 -0.294206 3.589917 -0.100707
323.131244 -0.274962 3.601940 -0.093482
318.280692 -0.255490 3.603808 -0.085679
313.010977 -0.235976 3.596622 -0.077441
307.072499 -0.216561 3.581825 -0.068880
300.572285 -0.197391 3.560780 -0.060121
293.334007 -0.178552 3.534833 -0.051251
285.404905 -0.160140 3.505167 -0.042366
276.714532 -0.142261 3.472831 -0.033572
267.593139 -0.124977 3.438662 -0.024942
258.255892 -0.108351 3.403324 -0.016548
248.866399 -0.092460 3.367320 -0.008469
239.420976 -0.077358 3.331043 -0.000768
229.986754 -0.063092 3.294758 0.006480
220.722294 -0.049717 3.258680 0.013207
211.806527 -0.037285 3.222952 0.019352
203.325392 -0.025840 3.187618 0.024871
195.274291 -0.015420 3.152648 0.029736
187.730669 -0.006034 3.117913 0.033938
180.531362 0.002327 3.083266 0.037482
173.701896 0.009683 3.048518 0.040381
167.406483 0.016055 3.013419 0.042649
161.814576 0.021463 2.977681 0.044305
156.601619 0.025932 2.940994 0.045367
152.156367 0.029486 2.903058 0.045857
148.364579 0.032153 2.863581 0.045801
144.979624 0.033961 2.822297 0.045223
142.315015 0.034944 2.778994 0.044153
140.211185 0.035148 2.733531 0.042624
137.854514 0.034630 2.685842 0.040682
135.826492 0.033464 2.635931 0.038380
134.348336 0.031741 2.583865 0.035783
133.250791 0.029563 2.529780 0.032964
132.478471 0.027048 2.473901 0.030002
131.932399 0.024311 2.416492 0.026978
131.392715 0.021471 2.357810 0.023968
130.520673 0.018631 2.298122 0.021041
129.570328 0.015885 2.237711 0.018255
128.799042 0.013311 2.176880 0.015660
128.016789 0.010972 2.115959 0.013295
127.145082 0.008927 2.055306 0.011195
125.916694 0.007222 1.995279 0.009388
124.879553 0.005891 1.936237 0.007891
124.174748 0.004959 1.878527 0.006716
123.321668 0.004437 1.822475 0.005866
122.307023 0.004329 1.768373 0.005339
121.396587 0.004630 1.716472 0.005124
120.543384 0.005326 1.666980 0.005208
119.864105 0.006398 1.620059 0.005574
119.293954 0.007823 1.575831 0.006200
118.791095 0.009573 1.534376 0.007063
118.372466 0.011619 1.495737 0.008140
118.021220 0.013931 1.459926 0.009406
117.609674 0.016478 1.426925 0.010838
117.122466 0.019226 1.396688 0.012412
116.283856 0.022145 1.369146 0.014103
115.246081 0.025205 1.344218 0.015891
114.137559 0.028374 1.321815 0.017752
113.088658 0.031628 1.301838 0.019670
112.067966 0.034939 1.284182 0.021625
110.980776 0.038285 1.268742 0.023602
109.897456 0.041645 1.255413 0.025585
108.811236 0.044998 1.244093 0.027562
107.800948 0.048322 1.234685 0.029517
106.890529 0.051598 1.227091 0.031437
106.010280 0.054803 1.221207 0.033311
105.223893 0.057919 1.216927 0.035124
104.411335 0.060924 1.214134 0.036866
103.747025 0.063799 1.212705 0.038521
103.219365 0.066524 1.212510 0.040079
102.696817 0.069078 1.213418 0.041528
102.216836 0.071443 1.215296 0.042855
101.773282 0.073603 1.218017 0.044052
101.357806 0.075545 1.221460 0.045111
100.958731 0.077260 1.225514 0.046027
100.564356 0.078740 1.230080 0.046796
100.164300 0.079985 1.235073 0.047418
99.714924 0.080997 1.240419 0.047894
99.201053 0.081783 1.246059 0.048231
98.664691 0.082355 1.251945 0.048435
98.071581 0.082727 1.258039 0.048516
97.480870 0.082914 1.264311 0.048483
96.890524 0.082936 1.270738 0.048350
96.297040 0.082810 1.277301 0.048128
95.694031 0.082556 1.283987 0.047830
95.075268 0.082194 1.290782 0.047468
94.436377 0.081742 1.297675 0.047055
93.774470 0.081218 1.304657 0.046602
92.972532 0.080636 1.311718 0.046120
92.110090 0.080011 1.318847 0.045618
91.304527 0.079358 1.326032 0.045107
90.542023 0.078689 1.333261 0.044593
89.805567 0.078013 1.340521 0.044083
89.077332 0.077340 1.347799 0.043584
88.342063 0.076679 1.355082 0.043098
87.591072 0.076034 1.362357 0.042632
86.810119 0.075412 1.369610 0.042186
85.950970 0.074817 1.376830 0.041764
84.983208 0.074251 1.384006 0.041367
83.966897 0.073717 1.391127 0.040996
82.908554 0.073217 1.398184 0.040652
81.823688 0.072750 1.405169 0.040334
80.756426 0.072317 1.412075 0.040041
79.644582 0.071919 1.418898 0.039774
78.491075 0.071553 1.425631 0.039532
77.295001 0.071219 1.432269 0.039313
76.054034 0.070915 1.438806 0.039115
74.766342 0.070638 1.445233 0.038937
73.459552 0.070385 1.451539 0.038775
72.133899 0.070151 1.457711 0.038628
70.792041 0.069932 1.463735 0.038492
69.434853 0.069724 1.469593 0.038364
68.065601 0.069523 1.475268 0.038240
66.687515 0.069323 1.480743 0.038118
65.303893 0.069121 1.485998 0.037996
63.915996 0.068914 1.491019 0.037870
62.531211 0.068700 1.495790 0.037741
61.150969 0.068477 1.500301 0.037606
59.776649 0.068246 1.504543 0.037466
58.411161 0.068005 1.508514 0.037320
57.057064 0.067756 1.512215 0.037168
55.717117 0.067500 1.515651 0.037013
54.396353 0.067239 1.518831 0.036855
53.096326 0.066973 1.521769 0.036694
51.822316 0.066707 1.524479 0.036534
50.585247 0.066441 1.526982 0.036374
49.375526 0.066177 1.529296 0.036217
48.188531 0.065918 1.531443 0.036063
47.024697 0.065665 1.533445 0.035914
45.885649 0.065420 1.535323 0.035771
44.773486 0.065183 1.537098 0.035635
43.690111 0.064957 1.538791 0.035506
42.636492 0.064740 1.540420 0.035385
41.613774 0.064534 1.542002 0.035272
40.623750 0.064339 1.543550 0.035167
39.673568 0.064153 1.545078 0.035069
38.760059 0.063973 1.546595 0.034979
37.879419 0.063799 1.548108 0.034894
37.029225 0.063628 1.549621 0.034814
36.213063 0.063460 1.551135 0.034738
35.431956 0.063292 1.552651 0.034664
34.674722 0.063123 1.554167 0.034591
33.938277 0.062953 1.555678 0.034518
33.219364 0.062779 1.557177 0.034442
32.511617 0.062603 1.558660 0.034363
31.819659 0.062423 1.560121 0.034280
31.143778 0.062240 1.561554 0.034193
30.483961 0.062052 1.562953 0.034103
29.839782 0.061858 1.564310 0.034008
29.211192 0.061657 1.565615 0.033908
28.597771 0.061446 1.566859 0.033802
27.998568 0.061222 1.568032 0.033688
27.413275 0.060984 1.569124 0.033565
26.853244 0.060730 1.570126 0.033433
26.352831 0.060459 1.571030 0.033291
25.875527 0.060171 1.571831 0.033138
25.405667 0.059864 1.572525 0.032976
24.939342 0.059541 1.573111 0.032804
24.475941 0.059203 1.573589 0.032624
24.014478 0.058851 1.573961 0.032436
23.553773 0.058487 1.574232 0.032243
23.093302 0.058114 1.574406 0.032046
22.632886 0.057734 1.574491 0.031847
22.172512 0.057350 1.574492 0.031646
21.713459 0.056963 1.574417 0.031446
21.257826 0.056577 1.574275 0.031248
20.805896 0.056194 1.574073 0.031054
20.357449 0.055816 1.573819 0.030864
19.913451 0.055443 1.573521 0.030678
19.474956 0.055077 1.573186 0.030498
19.043092 0.054717 1.572821 0.030324
18.618918 0.054365 1.572433 0.030155
18.203369 0.054021 1.572027 0.029992
17.797278 0.053685 1.571609 0.029834
17.401511 0.053356 1.571183 0.029682
17.016326 0.053036 1.570754 0.029536
16.642067 0.052724 1.570324 0.029394
16.279103 0.052421 1.569897 0.029258
15.927662 0.052126 1.569473 0.029127
15.588406 0.051840 1.569055 0.029002
15.261509 0.051562 1.568643 0.028881
14.946516 0.051292 1.568239 0.028764
14.643283 0.051030 1.567842 0.028652
14.351621 0.050777 1.567455 0.028544
14.071426 0.050531 1.567078 0.028441
13.802610 0.050293 1.566711 0.028342
13.545059 0.050063 1.566357 0.028246
13.299497 0.049840 1.566015 0.028155
13.071344 0.049624 1.565689 0.028067
12.855557 0.049415 1.565379 0.027982
12.648243 0.049211 1.565087 0.027900
12.447627 0.049014 1.564814 0.027822
12.253252 0.048822 1.564562 0.027746
12.067087 0.048636 1.564332 0.027672
11.887669 0.048455 1.564125 0.027601
11.715024 0.048279 1.563941 0.027533
11.549304 0.048109 1.563779 0.027467
11.390594 0.047945 1.563637 0.027404
11.238895 0.047787 1.563512 0.027344
11.094046 0.047635 1.563400 0.027287
10.955737 0.047488 1.563297 0.027231
10.823692 0.047346 1.563200 0.027178
10.697560 0.047208 1.563103 0.027126
10.577006 0.047075 1.563005 0.027076
10.461668 0.046946 1.562904 0.027026
10.351191 0.046820 1.562798 0.026978
10.249679 0.046695 1.562686 0.026931
10.157593 0.046571 1.562569 0.026884
10.069284 0.046449 1.562450 0.026838
9.983220 0.046328 1.562330 0.026791
9.898537 0.046208 1.562213 0.026745
9.815061 0.046090 1.562101 0.026700
9.732800 0.045972 1.561997 0.026654
9.651781 0.045856 1.561904 0.026609
9.572055 0.045740 1.561824 0.026564
9.493711 0.045625 1.561760 0.026518
9.416872 0.045511 1.561714 0.026473
9.341683 0.045396 1.561684 0.026428
9.268310 0.045280 1.561673 0.026384
9.196870 0.045164 1.561680 0.026341
9.127369 0.045042 1.561710 0.026294
9.060009 0.044908 1.561764 0.026243
8.994766 0.044767 1.561841 0.026188
8.929491 0.044620 1.561940 0.026130
8.865925 0.044469 1.562061 0.026069
8.804438 0.044316 1.562201 0.026007
8.745077 0.044162 1.562361 0.025945
8.687860 0.044009 1.562538 0.025882
8.632763 0.043858 1.562730 0.025819
8.579745 0.043710 1.562937 0.025756
8.528738 0.043565 1.563157 0.025694
8.479665 0.043425 1.563388 0.025634
8.432449 0.043288 1.563630 0.025574
8.387013 0.043157 1.563880 0.025516
8.343319 0.043030 1.564138 0.025458
8.301534 0.042908 1.564402 0.025403
8.262418 0.042791 1.564672 0.025348
8.225011 0.042678 1.564947 0.025295
8.188979 0.042570 1.565226 0.025242
8.154127 0.042466 1.565508 0.025191
8.120320 0.042366 1.565792 0.025141
8.087473 0.042270 1.566079 0.025092
8.055454 0.042178 1.566368 0.025044
8.026089 0.042089 1.566657 0.024997
7.998187 0.042003 1.566948 0.024950
7.970259 0.041920 1.567239 0.024904
7.942098 0.041840 1.567531 0.024859
7.913464 0.041763 1.567823 0.024815
7.884507 0.041689 1.568115 0.024772
7.855389 0.041618 1.568406 0.024729
7.826241 0.041549 1.568697 0.024687
7.797180 0.041483 1.568987 0.024646
7.768270 0.041419 1.569274 0.024605
7.739537 0.041358 1.569558 0.024565
7.710937 0.041300 1.569838 0.024527
7.682449 0.041244 1.570112 0.024489
7.654414 0.041190 1.570379 0.024451
7.628005 0.041139 1.570638 0.024415
7.601778 0.041090 1.570888 0.024379
7.575545 0.041042 1.571128 0.024344
7.549118 0.040990 1.571357 0.024307
7.522279 0.040936 1.571574 0.024270
7.494982 0.040882 1.571781 0.024233
7.467196 0.040828 1.571977 0.024197
7.438910 0.040774 1.572165 0.024161
7.410127 0.040719 1.572346 0.024123
7.380878 0.040664 1.572520 0.024086
7.351176 0.040609 1.572689 0.024048
7.321104 0.040555 1.572853 0.024010
7.290681 0.040504 1.573013 0.023973
7.260124 0.040454 1.573170 0.023937
7.229091 0.040406 1.573324 0.023901
7.197550 0.040362 1.573477 0.023867
7.165531 0.040320 1.573629 0.023833
7.133150 0.040282 1.573781 0.023801
7.100335 0.040247 1.573933 0.023770
7.067137 0.040215 1.574086 0.023740
7.033666 0.040195 1.574241 0.023716
7.000032 0.040187 1.574399 0.023697
6.966195 0.040191 1.574560 0.023683
6.932120 0.040202 1.574722 0.023672
6.897763 0.040219 1.574885 0.023665
6.863210 0.040241 1.575050 0.023660
6.829174 0.040267 1.575214 0.023656
6.795492 0.040294 1.575378 0.023653
6.766917 0.040323 1.575542 0.023651
6.745308 0.040352 1.575705 0.023649
6.721848 0.040381 1.575867 0.023648
6.694971 0.040409 1.576029 0.023646
6.666952 0.040436 1.576190 0.023644
6.636976 0.040462 1.576350 0.023642
6.603766 0.040486 1.576509 0.023639
6.567043 0.040509 1.576667 0.023636
6.527166 0.040530 1.576825 0.023632
6.484686 0.040550 1.576982 0.023628
6.440098 0.040568 1.577139 0.023624
6.393937 0.040584 1.577295 0.023619
6.346784 0.040592 1.577447 0.023611
6.298960 0.040590 1.577595 0.023599
6.250758 0.040582 1.577739 0.023584
6.202657 0.040567 1.577877 0.023567
6.154587 0.040547 1.578008 0.023547
6.106671 0.040520 1.578127 0.023524
6.058994 0.040488 1.578235 0.023497
6.011628 0.040452 1.578333 0.023469
5.964645 0.040414 1.578421 0.023440
5.918114 0.040375 1.578500 0.023410
5.872101 0.040336 1.578571 0.023381
5.826554 0.040297 1.578634 0.023352
5.781638 0.040261 1.578690 0.023324
5.737400 0.040226 1.578740 0.023298
5.693872 0.040195 1.578785 0.023274
5.651061 0.040168 1.578826 0.023253
5.608975 0.040144 1.578864 0.023234
5.567577 0.040126 1.578900 0.023219
5.526911 0.040114 1.578934 0.023207
5.486973 0.040107 1.578969 0.023198
5.448214 0.040106 1.579004 0.023194
5.410354 0.040111 1.579039 0.023194
5.373317 0.040123 1.579077 0.023198
5.336773 0.040144 1.579117 0.023207
5.300823 0.040174 1.579160 0.023222
5.265406 0.040212 1.579207 0.023243
5.230448 0.040259 1.579256 0.023268
5.195907 0.040314 1.579309 0.023299
5.161767 0.040376 1.579366 0.023334
5.128006 0.040444 1.579426 0.023373
5.094602 0.040519 1.579488 0.023415
5.061531 0.040599 1.579554 0.023462
5.028775 0.040683 1.579622 0.023511
4.996305 0.040772 1.579693 0.023563
4.964202 0.040865 1.579765 0.023618
4.932432 0.040961 1.579840 0.023675
4.900943 0.041060 1.579916 0.023733
4.869708 0.041162 1.579993 0.023794
4.838706 0.041266 1.580072 0.023856
4.807907 0.041372 1.580152 0.023920
4.777113 0.041480 1.580233 0.023984
4.746774 0.041588 1.580314 0.024050
4.716429 0.041698 1.580396 0.024115
4.686159 0.041808 1.580478 0.024181
4.656110 0.041918 1.580560 0.024247
4.626352 0.042027 1.580642 0.024313
4.596883 0.042137 1.580723 0.024379
4.567645 0.042245 1.580805 0.024443
4.538568 0.042353 1.580885 0.024507
4.509389 0.042459 1.580965 0.024570
4.480390 0.042564 1.581045 0.024632
4.451572 0.042668 1.581123 0.024694
4.422955 0.042770 1.581200 0.024754
4.394485 0.042871 1.581277 0.024813
4.366167 0.042971 1.581352 0.024871
4.337982 0.043068 1.581428 0.024927
4.309900 0.043160 1.581502 0.024980
4.282039 0.043250 1.581576 0.025030
4.254447 0.043337 1.581650 0.025079
4.227156 0.043423 1.581723 0.025126
4.200109 0.043504 1.581794 0.025170
4.173340 0.043577 1.581863 0.025210
4.146927 0.043645 1.581930 0.025246
4.120876 0.043707 1.581995 0.025279
4.095106 0.043768 1.582059 0.025311
4.069720 0.043830 1.582123 0.025344
4.044742 0.043893 1.582187 0.025378
4.020105 0.043956 1.582250 0.025411
3.995666 0.044019 1.582312 0.025444
3.971235 0.044080 1.582374 0.025477
3.947062 0.044140 1.582434 0.025509
3.923120 0.044199 1.582494 0.025541
3.899404 0.044257 1.582552 0.025573
3.875849 0.044313 1.582610 0.025604
3.852432 0.044369 1.582666 0.025635
3.829140 0.044423 1.582721 0.025665
3.806044 0.044475 1.582775 0.025695
3.783039 0.044526 1.582828 0.025724
3.760118 0.044576 1.582881 0.025753
3.737292 0.044624 1.582932 0.025782
3.714547 0.044671 1.582982 0.025810
3.691879 0.044717 1.583031 0.025837
3.669288 0.044762 1.583080 0.025864
3.646764 0.044805 1.583127 0.025891
3.624319 0.044847 1.583174 0.025917
3.601957 0.044889 1.583221 0.025943
3.579677 0.044929 1.583267 0.025969
3.557377 0.044969 1.583313 0.025994
3.535129 0.045008 1.583359 0.026020
3.513099 0.045047 1.583404 0.026045
3.491190 0.045085 1.583449 0.026070
3.468586 0.045122 1.583494 0.026095
3.446575 0.045160 1.583538 0.026120
3.424984 0.045197 1.583582 0.026146
3.403397 0.045234 1.583627 0.026171
3.381642 0.045271 1.583671 0.026196
3.359630 0.045307 1.583715 0.026222
3.337334 0.045344 1.583759 0.026248
3.314619 0.045380 1.583804 0.026274
3.291743 0.045417 1.583848 0.026300
3.268834 0.045453 1.583893 0.026326
3.245932 0.045489 1.583937 0.026352
3.223073 0.045525 1.583982 0.026378
3.200293 0.045561 1.584028 0.026404
3.177614 0.045597 1.584073 0.026431
3.155055 0.045634 1.584119 0.026458
3.132634 0.045670 1.584166 0.026485
3.110359 0.045707 1.584213 0.026513
3.088238 0.045744 1.584260 0.026540
3.066260 0.045781 1.584308 0.026568
3.044435 0.045818 1.584356 0.026597
3.022777 0.045856 1.584404 0.026625
3.001286 0.045894 1.584453 0.026653
2.979961 0.045932 1.584502 0.026682
2.958799 0.045970 1.584551 0.026711
2.937799 0.046007 1.584600 0.026739
2.916961 0.046045 1.584649 0.026768
2.896283 0.046083 1.584698 0.026796
2.875766 0.046121 1.584747 0.026825
2.855412 0.046158 1.584796 0.026853
2.835222 0.046195 1.584844 0.026881
2.815197 0.046232 1.584893 0.026908
2.795339 0.046268 1.584941 0.026936
2.775652 0.046304 1.584989 0.026963
2.756136 0.046340 1.585037 0.026989
2.736801 0.046375 1.585084 0.027015
2.717643 0.046410 1.585132 0.027041
2.698631 0.046444 1.585179 0.027067
2.679797 0.046477 1.585226 0.027091
2.661171 0.046510 1.585272 0.027116
2.642729 0.046543 1.585319 0.027140
2.624472 0.046575 1.585365 0.027164
2.606395 0.046606 1.585411 0.027187
2.588528 0.046636 1.585457 0.027210
2.570877 0.046666 1.585502 0.027232
2.553448 0.046695 1.585548 0.027254
2.536233 0.046724 1.585593 0.027275
2.519237 0.046751 1.585639 0.027296
2.502461 0.046778 1.585684 0.027316
2.485906 0.046804 1.585729 0.027335
2.469568 0.046829 1.585775 0.027354
2.453443 0.046854 1.585820 0.027372
2.437527 0.046877 1.585865 0.027390
2.421829 0.046900 1.585910 0.027408
2.406355 0.046923 1.585955 0.027425
2.391088 0.046945 1.586000 0.027441
2.376015 0.046967 1.586044 0.027458
2.361128 0.046989 1.586089 0.027475
2.346417 0.047010 1.586133 0.027491
2.331875 0.047031 1.586177 0.027508
2.317496 0.047052 1.586221 0.027524
2.303270 0.047072 1.586265 0.027540
2.289192 0.047092 1.586309 0.027555
2.275253 0.047111 1.586353 0.027570
2.261439 0.047129 1.586398 0.027584
2.248478 0.047147 1.586442 0.027599
2.236001 0.047164 1.586487 0.027612
2.223526 0.047180 1.586532 0.027626
2.210858 0.047196 1.586577 0.027639
2.197964 0.047212 1.586622 0.027651
2.184838 0.047226 1.586666 0.027663
2.171562 0.047241 1.586711 0.027675
2.158172 0.047255 1.586756 0.027686
2.144797 0.047268 1.586801 0.027698
2.131478 0.047281 1.586845 0.027708
2.118226 0.047294 1.586890 0.027719
2.105048 0.047306 1.586934 0.027729
2.091950 0.047318 1.586978 0.027740
2.078939 0.047330 1.587022 0.027750
2.066025 0.047341 1.587066 0.027760
2.053210 0.047353 1.587110 0.027769
2.040494 0.047364 1.587154 0.027779
2.027877 0.047376 1.587198 0.027789
2.015360 0.047387 1.587242 0.027799
2.002944 0.047398 1.587285 0.027809
1.990629 0.047410 1.587328 0.027819
1.978416 0.047421 1.587370 0.027829
1.966305 0.047432 1.587412 0.027840
1.954296 0.047444 1.587454 0.027850
1.942387 0.047455 1.587495 0.027860
1.930577 0.047467 1.587535 0.027871
1.918854 0.047478 1.587575 0.027881
1.907235 0.047490 1.587614 0.027892
1.895714 0.047502 1.587652 0.027903
1.884290 0.047515 1.587687 0.027915
1.872955 0.047529 1.587720 0.027928
1.861703 0.047543 1.587753 0.027941
1.850532 0.047558 1.587785 0.027954
1.839397 0.047573 1.587817 0.027968
1.828301 0.047589 1.587849 0.027982
1.817281 0.047605 1.587881 0.027997
1.806334 0.047622 1.587913 0.028011
1.795458 0.047639 1.587944 0.028027
1.784652 0.047657 1.587975 0.028042
1.773915 0.047675 1.588006 0.028058
1.763246 0.047694 1.588036 0.028074
1.752664 0.047713 1.588067 0.028090
1.742244 0.047732 1.588097 0.028107
1.731896 0.047751 1.588126 0.028124
1.721610 0.047771 1.588156 0.028141
1.711381 0.047791 1.588185 0.028158
1.701207 0.047812 1.588214 0.028176
1.691089 0.047833 1.588243 0.028194
1.681023 0.047854 1.588271 0.028212
1.671039 0.047879 1.588301 0.028233
1.661165 0.047908 1.588330 0.028257
1.651376 0.047939 1.588360 0.028283
1.641660 0.047972 1.588390 0.028311
1.632001 0.048007 1.588420 0.028339
1.622390 0.048042 1.588450 0.028369
1.612821 0.048078 1.588480 0.028399
1.603293 0.048115 1.588509 0.028429
1.593808 0.048151 1.588538 0.028459
1.584367 0.048187 1.588566 0.028489
1.574974 0.048222 1.588594 0.028518
1.565650 0.048257 1.588622 0.028547
1.556383 0.048290 1.588649 0.028575
1.547174 0.048323 1.588676 0.028602
1.538034 0.048354 1.588702 0.028628
1.528973 0.048384 1.588727 0.028653
1.519968 0.048412 1.588752 0.028677
1.511038 0.048439 1.588777 0.028699
1.502181 0.048464 1.588801 0.028721
1.493394 0.048487 1.588824 0.028740
1.484679 0.048509 1.588848 0.028759
1.476026 0.048528 1.588870 0.028776
1.467428 0.048546 1.588893 0.028792
1.458880 0.048562 1.588916 0.028806
1.450379 0.048577 1.588938 0.028819
1.441922 0.048590 1.588960 0.028830
1.433506 0.048601 1.588982 0.028841
1.425129 0.048610 1.589004 0.028850
1.416789 0.048618 1.589026 0.028858
1.408483 0.048625 1.589048 0.028864
1.400208 0.048630 1.589070 0.028870
1.392268 0.048634 1.589092 0.028875
1.384665 0.048637 1.589114 0.028878
1.377108 0.048639 1.589136 0.028881
1.369501 0.048639 1.589158 0.028883
1.361789 0.048639 1.589181 0.028884
1.353956 0.048637 1.589203 0.028885
1.346004 0.048635 1.589226 0.028885
1.337946 0.048632 1.589248 0.028884
1.329797 0.048629 1.589271 0.028882
1.321529 0.048625 1.589294 0.028881
1.313191 0.048620 1.589316 0.028878
1.304821 0.048614 1.589339 0.028876
1.296437 0.048609 1.589362 0.028873
1.288049 0.048602 1.589384 0.028869
1.279537 0.048596 1.589407 0.028865
1.271053 0.048589 1.589429 0.028861
1.262657 0.048582 1.589452 0.028857
1.254269 0.048574 1.589474 0.028853
1.245871 0.048567 1.589496 0.028848
1.237473 0.048559 1.589517 0.028843
1.229092 0.048551 1.589539 0.028839
1.220745 0.048543 1.589560 0.028834
1.212447 0.048534 1.589580 0.028829
1.204213 0.048526 1.589601 0.028823
1.196054 0.048518 1.589620 0.028818
1.187977 0.048509 1.589640 0.028813
1.179988 0.048501 1.589659 0.028808
1.172089 0.048492 1.589677 0.028802
1.164279 0.048483 1.589695 0.028797
1.156512 0.048475 1.589713 0.028791
1.148833 0.048466 1.589730 0.028786
1.141239 0.048458 1.589747 0.028781
1.133727 0.048449 1.589764 0.028775
1.126293 0.048440 1.589780 0.028770
1.118933 0.048431 1.589796 0.028764
1.111642 0.048423 1.589811 0.028759
1.104456 0.048414 1.589826 0.028753
1.097366 0.048405 1.589841 0.028747
1.090326 0.048396 1.589856 0.028742
1.083311 0.048387 1.589871 0.028736
1.076317 0.048378 1.589885 0.028730
1.069345 0.048369 1.589899 0.028725
1.062388 0.048360 1.589913 0.028719
1.055462 0.048351 1.589927 0.028713
1.048582 0.048341 1.589940 0.028707
1.041750 0.048332 1.589953 0.028701
1.034966 0.048323 1.589966 0.028695
1.028230 0.048313 1.589978 0.028689
1.021542 0.048303 1.589990 0.028683
1.014901 0.048293 1.590002 0.028677
1.008307 0.048283 1.590013 0.028670
1.001760 0.048272 1.590024 0.028664
0.995260 0.048262 1.590035 0.028657
0.988805 0.048251 1.590045 0.028650
0.982395 0.048240 1.590055 0.028644
0.976029 0.048230 1.590065 0.028637
0.969706 0.048219 1.590075 0.028630
0.963425 0.048208 1.590085 0.028623
0.957184 0.048197 1.590095 0.028616
0.950982 0.048186 1.590105 0.028609
0.944819 0.048175 1.590115 0.028602
0.938694 0.048164 1.590125 0.028596
0.932605 0.048154 1.590135 0.028589
0.926552 0.048143 1.590145 0.028582
0.920533 0.048132 1.590155 0.028576
0.914548 0.048122 1.590165 0.028569
0.908595 0.048111 1.590176 0.028563
0.902675 0.048101 1.590186 0.028556
0.896786 0.048091 1.590197 0.028550
0.890927 0.048081 1.590208 0.028544
0.885114 0.048071 1.590219 0.028537
0.879340 0.048061 1.590230 0.028531
0.873595 0.048051 1.590241 0.028525
0.867876 0.048042 1.590252 0.028520
0.862182 0.048032 1.590264 0.028514
0.856511 0.048023 1.590275 0.028508
0.850865 0.048014 1.590287 0.028502
0.845246 0.048005 1.590299 0.028497
0.839653 0.047996 1.590310 0.028491
0.834087 0.047987 1.590322 0.028486
0.828547 0.047978 1.590334 0.028481
0.823033 0.047970 1.590345 0.028475
0.817548 0.047961 1.590357 0.028470
0.812085 0.047953 1.590369 0.028465
0.806655 0.047944 1.590380 0.028460
0.801259 0.047936 1.590392 0.028455
0.795896 0.047928 1.590403 0.028450
0.790568 0.047920 1.590415 0.028446
0.785274 0.047912 1.590426 0.028441
0.780015 0.047904 1.590437 0.028436
0.774791 0.047897 1.590448 0.028432
0.769602 0.047889 1.590459 0.028427
0.764449 0.047882 1.590470 0.028423
0.759332 0.047874 1.590481 0.028419
0.754250 0.047867 1.590491 0.028414
0.749204 0.047860 1.590502 0.028410
0.744194 0.047853 1.590512 0.028406
0.739219 0.047846 1.590522 0.028402
0.734281 0.047839 1.590533 0.028398
0.729379 0.047832 1.590543 0.028394
0.724513 0.047825 1.590552 0.028390
0.719683 0.047819 1.590562 0.028386
0.714887 0.047812 1.590572 0.028382
0.710127 0.047806 1.590581 0.028379
0.705403 0.047799 1.590591 0.028375
0.700716 0.047793 1.590600 0.028371
0.696066 0.047787 1.590609 0.028368
0.691452 0.047781 1.590618 0.028364
0.686875 0.047775 1.590626 0.028361
0.682333 0.047768 1.590635 0.028357
0.677827 0.047763 1.590644 0.028354
0.673355 0.047757 1.590652 0.028351
0.668918 0.047751 1.590660 0.028347
0.664514 0.047745 1.590668 0.028344
0.660143 0.047739 1.590676 0.028341
0.655805 0.047734 1.590684 0.028338
0.651501 0.047728 1.590692 0.028335
0.647228 0.047723 1.590699 0.028331
0.642987 0.047717 1.590707 0.028328
0.638777 0.047712 1.590714 0.028325
0.634597 0.047706 1.590721 0.028322
0.630447 0.047701 1.590728 0.028319
0.626326 0.047696 1.590735 0.028316
0.622234 0.047690 1.590741 0.028313
0.618170 0.047685 1.590748 0.028310
0.614134 0.047680 1.590754 0.028308
0.610125 0.047675 1.590761 0.028305
0.606142 0.047670 1.590767 0.028302
0.602186 0.047664 1.590773 0.028299
0.598255 0.047659 1.590779 0.028296
0.594349 0.047654 1.590785 0.028293
0.590468 0.047649 1.590791 0.028291
0.586611 0.047644 1.590797 0.028288
0.582778 0.047639 1.590802 0.028285
0.578968 0.047634 1.590808 0.028282
0.575181 0.047630 1.590813 0.028280
0.571417 0.047625 1.590819 0.028277
0.567674 0.047620 1.590824 0.028274
0.563954 0.047615 1.590830 0.028272
0.560254 0.047610 1.590835 0.028269
0.556576 0.047605 1.590840 0.028266
0.552918 0.047600 1.590846 0.028264
0.549281 0.047596 1.590851 0.028261
0.545664 0.047591 1.590856 0.028258
0.542066 0.047586 1.590861 0.028256
0.538489 0.047581 1.590866 0.028253
0.534931 0.047577 1.590871 0.028251
0.531393 0.047572 1.590877 0.028248
0.527874 0.047567 1.590882 0.028245
0.524374 0.047562 1.590887 0.028243
0.520893 0.047558 1.590892 0.028240
0.517431 0.047553 1.590897 0.028238
0.513988 0.047548 1.590902 0.028235
0.510564 0.047544 1.590907 0.028233
0.507159 0.047539 1.590912 0.028230
0.503772 0.047535 1.590916 0.028227
0.500405 0.047530 1.590921 0.028225
0.497056 0.047525 1.590926 0.028222
0.493726 0.047521 1.590931 0.028220
0.490415 0.047516 1.590936 0.028217
0.487122 0.047512 1.590941 0.028215
0.483849 0.047507 1.590946 0.028212
0.480595 0.047502 1.590951 0.028210
0.477360 0.047498 1.590956 0.028207
0.474144 0.047493 1.590961 0.028205
0.470947 0.047489 1.590965 0.028202
0.467770 0.047484 1.590970 0.028200
0.464611 0.047480 1.590975 0.028197
0.461472 0.047475 1.590980 0.028195
0.458352 0.047471 1.590985 0.028193
0.455251 0.047466 1.590990 0.028190
0.452170 0.047462 1.590994 0.028188
0.449108 0.047457 1.590999 0.028185
0.446065 0.047453 1.591004 0.028183
0.443042 0.047449 1.591009 0.028180
0.440039 0.047444 1.591014 0.028178
0.437054 0.047440 1.591018 0.028176
0.434090 0.047435 1.591023 0.028173
0.431145 0.047431 1.591028 0.028171
0.428219 0.047427 1.591033 0.028168
0.425315 0.047422 1.591037 0.028166
0.422431 0.047418 1.591042 0.028164
0.419566 0.047414 1.591047 0.028161
0.416721 0.047410 1.591051 0.028159
0.413895 0.047405 1.591056 0.028157
0.411088 0.047401 1.591061 0.028154
0.408300 0.047397 1.591065 0.028152
0.405531 0.047393 1.591070 0.028150
0.402781 0.047388 1.591075 0.028147
0.400050 0.047384 1.591079 0.028145
0.397337 0.047380 1.591084 0.028143
0.394643 0.047376 1.591088 0.028141
0.391968 0.047372 1.591093 0.028138
0.389311 0.047368 1.591098 0.028136
0.386672 0.047363 1.591102 0.028134
0.384051 0.047359 1.591107 0.028132
0.381449 0.047355 1.591111 0.028129
0.378865 0.047351 1.591116 0.028127
0.376298 0.047347 1.591120 0.028125
0.373749 0.047343 1.591124 0.028123
0.371217 0.047339 1.591129 0.028121
0.368703 0.047335 1.591133 0.028118
0.366206 0.047331 1.591138 0.028116
0.363727 0.047327 1.591142 0.028114
0.361264 0.047324 1.591146 0.028112
0.358818 0.047320 1.591150 0.028110
0.356388 0.047316 1.591155 0.028108
0.353976 0.047312 1.591159 0.028106
0.351579 0.047308 1.591163 0.028103
0.349198 0.047304 1.591167 0.028101
0.346834 0.047301 1.591172 0.028099
0.344485 0.047297 1.591176 0.028097
0.342152 0.047293 1.591180 0.028095
0.339835 0.047289 1.591184 0.028093
0.337532 0.047286 1.591188 0.028091
0.335245 0.047282 1.591192 0.028089
0.332973 0.047278 1.591196 0.028087
0.330716 0.047275 1.591200 0.028085
0.328474 0.047271 1.591204 0.028083
0.326246 0.047267 1.591208 0.028081
0.324032 0.047264 1.591212 0.028079
0.321833 0.047260 1.591216 0.028077
0.319648 0.047257 1.591220 0.028075
0.317478 0.047253 1.591224 0.028073
0.315321 0.047250 1.591227 0.028071
0.313178 0.047246 1.591231 0.028070
0.311049 0.047243 1.591235 0.028068
0.308933 0.047239 1.591239 0.028066
0.306831 0.047236 1.591242 0.028064
0.304742 0.047232 1.591246 0.028062
0.302666 0.047229 1.591250 0.028060
0.300603 0.047226 1.591253 0.028058
0.298554 0.047222 1.591257 0.028056
0.296517 0.047219 1.591261 0.028055
0.294494 0.047216 1.591264 0.028053
0.292483 0.047213 1.591268 0.028051
0.290485 0.047209 1.591271 0.028049
0.288500 0.047206 1.591275 0.028048
0.286527 0.047203 1.591278 0.028046
0.284567 0.047200 1.591282 0.028044
0.282619 0.047197 1.591285 0.028042
0.280684 0.047193 1.591289 0.028041
0.278761 0.047190 1.591292 0.028039
0.276851 0.047187 1.591295 0.028037
0.274953 0.047184 1.591299 0.028035
0.273067 0.047181 1.591302 0.028034
0.271193 0.047178 1.591305 0.028032
0.269331 0.047175 1.591309 0.028030
0.267481 0.047172 1.591312 0.028029
0.265643 0.047169 1.591315 0.028027
0.263817 0.047166 1.591318 0.028026
0.262002 0.047163 1.591321 0.028024
0.260200 0.047160 1.591325 0.028022
0.258409 0.047157 1.591328 0.028021
0.256630 0.047154 1.591331 0.028019
0.254862 0.047151 1.591334 0.028018
0.253106 0.047148 1.591337 0.028016
0.251361 0.047146 1.591340 0.028014
0.249628 0.047143 1.591343 0.028013
0.247906 0.047140 1.591346 0.028011
0.246196 0.047137 1.591349 0.028010
0.244496 0.047134 1.591352 0.028008
0.242808 0.047132 1.591355 0.028007
0.241132 0.047129 1.591358 0.028005
0.239466 0.047126 1.591361 0.028004
0.237811 0.047124 1.591364 0.028002
0.236167 0.047121 1.591367 0.028001
0.234535 0.047118 1.591370 0.027999
0.232913 0.047116 1.591372 0.027998
0.231302 0.047113 1.591375 0.027997
0.229702 0.047110 1.591378 0.027995
0.228112 0.047108 1.591381 0.027994
0.226534 0.047105 1.591384 0.027992
0.224966 0.047103 1.591386 0.027991
0.223408 0.047100 1.591389 0.027989
0.221861 0.047098 1.591392 0.027988
0.220325 0.047095 1.591395 0.027987
0.218799 0.047093 1.591397 0.027985
0.217284 0.047090 1.591400 0.027984
0.215778 0.047088 1.591403 0.027983
0.214283 0.047085 1.591405 0.027981
0.212799 0.047083 1.591408 0.027980
0.211324 0.047080 1.591410 0.027979
0.209860 0.047078 1.591413 0.027977
0.208405 0.047076 1.591416 0.027976
0.206961 0.047073 1.591418 0.027975
0.205526 0.047071 1.591421 0.027973
0.204101 0.047069 1.591423 0.027972
0.202687 0.047066 1.591426 0.027971
0.201282 0.047064 1.591428 0.027970
0.199886 0.047062 1.591431 0.027968
0.198501 0.047059 1.591433 0.027967
0.197125 0.047057 1.591436 0.027966
0.195758 0.047055 1.591438 0.027965
0.194401 0.047053 1.591441 0.027963
0.193053 0.047050 1.591443 0.027962
0.191715 0.047048 1.591445 0.027961
0.190386 0.047046 1.591448 0.027960
0.189066 0.047044 1.591450 0.027959
0.187755 0.047042 1.591452 0.027957
0.186454 0.047040 1.591455 0.027956
0.185162 0.047037 1.591457 0.027955
0.183879 0.047035 1.591459 0.027954
0.182604 0.047033 1.591462 0.027953
0.181339 0.047031 1.591464 0.027952
0.180083 0.047029 1.591466 0.027950
0.178835 0.047027 1.591469 0.027949
0.177596 0.047025 1.591471 0.027948
0.176366 0.047023 1.591473 0.027947
0.175145 0.047021 1.591475 0.027946
0.173932 0.047019 1.591477 0.027945
0.172728 0.047017 1.591480 0.027944
0.171532 0.047015 1.591482 0.027943
0.170345 0.047013 1.591484 0.027942
0.169166 0.047011 1.591486 0.027941
0.167996 0.047009 1.591488 0.027940
0.166833 0.047007 1.591490 0.027938
0.165679 0.047005 1.591492 0.027937
0.164534 0.047003 1.591494 0.027936
0.163396 0.047001 1.591497 0.027935
0.162266 0.047000 1.591499 0.027934
0.161144 0.046998 1.591501 0.027933
0.160031 0.046996 1.591503 0.027932
0.158925 0.046994 1.591505 0.027931
0.157827 0.046992 1.591507 0.027930
0.156736 0.046990 1.591509 0.027929
0.155654 0.046989 1.591511 0.027928
0.154584 0.046987 1.591513 0.027927
0.153525 0.046985 1.591515 0.027926
0.152474 0.046983 1.591517 0.027925
0.151431 0.046981 1.591518 0.027924
0.150395 0.046980 1.591520 0.027923
0.149366 0.046978 1.591522 0.027922
0.148343 0.046976 1.591524 0.027921
0.147328 0.046975 1.591526 0.027921
0.146319 0.046973 1.591528 0.027920
0.145317 0.046971 1.591530 0.027919
0.144322 0.046970 1.591532 0.027918
0.143334 0.046968 1.591534 0.027917
0.142353 0.046966 1.591535 0.027916
0.141379 0.046965 1.591537 0.027915
0.140412 0.046963 1.591539 0.027914
0.139452 0.046961 1.591541 0.027913
0.138499 0.046960 1.591543 0.027912
0.137552 0.046958 1.591544 0.027911
0.136612 0.046957 1.591546 0.027911
0.135678 0.046955 1.591548 0.027910
0.134751 0.046953 1.591550 0.027909
0.133830 0.046952 1.591551 0.027908
0.132915 0.046950 1.591553 0.027907
0.132007 0.046949 1.591555 0.027906
0.131104 0.046947 1.591556 0.027905
0.130208 0.046946 1.591558 0.027905
0.129318 0.046944 1.591560 0.027904
0.128434 0.046943 1.591561 0.027903
0.127556 0.046941 1.591563 0.027902
0.126683 0.046940 1.591565 0.027901
0.125817 0.046938 1.591566 0.027901
0.124956 0.046937 1.591568 0.027900
0.124101 0.046935 1.591569 0.027899
0.123252 0.046934 1.591571 0.027898
0.122409 0.046933 1.591573 0.027897
0.121571 0.046931 1.591574 0.027897
0.120739 0.046930 1.591576 0.027896
0.119912 0.046928 1.591577 0.027895
0.119092 0.046927 1.591579 0.027894
0.118276 0.046926 1.591580 0.027894
0.117466 0.046924 1.591582 0.027893
0.116662 0.046923 1.591583 0.027892
0.115863 0.046922 1.591585 0.027891
0.115070 0.046920 1.591586 0.027891
0.114282 0.046919 1.591588 0.027890
0.113499 0.046918 1.591589 0.027889
0.112722 0.046916 1.591591 0.027888
0.111950 0.046915 1.591592 0.027888
0.111183 0.046914 1.591594 0.027887
0.110422 0.046912 1.591595 0.027886
0.109666 0.046911 1.591597 0.027886
0.108915 0.046910 1.591598 0.027885
0.108140 0.046909 1.591599 0.027884
0.107378 0.046907 1.591601 0.027883
0.106633 0.046906 1.591602 0.027883
0.105897 0.046905 1.591604 0.027882
0.105168 0.046904 1.591605 0.027881
0.104442 0.046902 1.591606 0.027881
0.103718 0.046901 1.591608 0.027880
0.102996 0.046900 1.591609 0.027879
0.102276 0.046899 1.591610 0.027879
0.101558 0.046898 1.591612 0.027878
0.100843 0.046896 1.591613 0.027877
0.100131 0.046895 1.591614 0.027877
0.099423 0.046894 1.591615 0.027876
0.098719 0.046893 1.591617 0.027875
0.098019 0.046891 1.591618 0.027875
0.097325 0.046890 1.591619 0.027874
0.096637 0.046889 1.591620 0.027873
0.095954 0.046888 1.591621 0.027873
0.095277 0.046886 1.591622 0.027872
0.094605 0.046885 1.591623 0.027871
0.093940 0.046884 1.591624 0.027870
0.093280 0.046883 1.591625 0.027870
0.092627 0.046881 1.591626 0.027869
0.091978 0.046880 1.591626 0.027868
0.091336 0.046879 1.591627 0.027867
0.090699 0.046877 1.591628 0.027867
0.090068 0.046876 1.591629 0.027866
0.089442 0.046875 1.591630 0.027865
0.088821 0.046873 1.591630 0.027864
0.088206 0.046872 1.591631 0.027864
0.087596 0.046871 1.591632 0.027863
0.086992 0.046869 1.591633 0.027862
0.086392 0.046868 1.591633 0.027862
0.085798 0.046867 1.591634 0.027861
0.085209 0.046866 1.591635 0.027860
0.084625 0.046864 1.591635 0.027859
0.084045 0.046863 1.591636 0.027859
0.083471 0.046862 1.591637 0.027858
0.082901 0.046861 1.591638 0.027857
0.082335 0.046859 1.591638 0.027857
0.081775 0.046858 1.591639 0.027856
0.081218 0.046857 1.591640 0.027855
0.080666 0.046856 1.591641 0.027855
0.080118 0.046854 1.591641 0.027854
0.079574 0.046853 1.591642 0.027853
0.079034 0.046852 1.591643 0.027853
0.078499 0.046851 1.591644 0.027852
0.077967 0.046850 1.591644 0.027851
0.077439 0.046849 1.591645 0.027851
0.076915 0.046848 1.591646 0.027850
0.076395 0.046846 1.591647 0.027849
0.075878 0.046845 1.591647 0.027849
0.075366 0.046844 1.591648 0.027848
0.074857 0.046843 1.591649 0.027848
0.074351 0.046842 1.591650 0.027847
0.073850 0.046841 1.591651 0.027846
0.073352 0.046840 1.591651 0.027846
0.072858 0.046839 1.591652 0.027845
0.072367 0.046838 1.591653 0.027845
0.071880 0.046837 1.591654 0.027844
0.071397 0.046836 1.591654 0.027844
0.070917 0.046835 1.591655 0.027843
0.070440 0.046834 1.591656 0.027842
0.069968 0.046833 1.591657 0.027842
0.069499 0.046832 1.591657 0.027841
0.069033 0.046831 1.591658 0.027841
0.068571 0.046830 1.591659 0.027840
0.068113 0.046829 1.591660 0.027840
0.067658 0.046828 1.591661 0.027839
0.067206 0.046827 1.591661 0.027839
0.066758 0.046826 1.591662 0.027838
0.066314 0.046825 1.591663 0.027838
0.065873 0.046824 1.591663 0.027837
0.065435 0.046823 1.591664 0.027837
0.065000 0.046822 1.591665 0.027836
0.064569 0.046821 1.591666 0.027836
0.064141 0.046820 1.591666 0.027835
0.063717 0.046819 1.591667 0.027835
0.063296 0.046819 1.591668 0.027834
0.062877 0.046818 1.591668 0.027834
0.062462 0.046817 1.591669 0.027833
0.062050 0.046816 1.591670 0.027833
0.061642 0.046815 1.591670 0.027832
0.061236 0.046814 1.591671 0.027832
0.060833 0.046813 1.591672 0.027831
0.060433 0.046812 1.591672 0.027831
0.060036 0.046812 1.591673 0.027830
0.059642 0.046811 1.591673 0.027830
0.059250 0.046810 1.591674 0.027829
0.058862 0.046809 1.591675 0.027829
0.058476 0.046808 1.591675 0.027828
0.058093 0.046807 1.591676 0.027828
0.057712 0.046807 1.591676 0.027828
0.057334 0.046806 1.591677 0.027827
0.056959 0.046805 1.591678 0.027827
0.056586 0.046804 1.591678 0.027826
0.056216 0.046803 1.591679 0.027826
0.055848 0.046803 1.591679 0.027825
0.055482 0.046802 1.591680 0.027825
0.055119 0.046801 1.591680 0.027825
0.054759 0.046800 1.591681 0.027824
0.054400 0.046799 1.591681 0.027824
0.054044 0.046799 1.591682 0.027823
0.053690 0.046798 1.591682 0.027823
0.053338 0.046797 1.591683 0.027822
0.052989 0.046796 1.591683 0.027822
0.052641 0.046796 1.591684 0.027822
0.052296 0.046795 1.591684 0.027821
0.051953 0.046794 1.591685 0.027821
0.051612 0.046793 1.591685 0.027820
0.051273 0.046793 1.591686 0.027820
0.050936 0.046792 1.591686 0.027820
0.050600 0.046791 1.591687 0.027819
0.050267 0.046791 1.591687 0.027819
0.049936 0.046790 1.591688 0.027819
0.049607 0.046789 1.591688 0.027818
0.049279 0.046788 1.591688 0.027818
0.048953 0.046788 1.591689 0.027817
0.048630 0.046787 1.591689 0.027817
0.048308 0.046786 1.591690 0.027817
0.047988 0.046786 1.591690 0.027816
0.047669 0.046785 1.591691 0.027816
0.047353 0.046784 1.591691 0.027816
0.047038 0.046784 1.591691 0.027815
0.046725 0.046783 1.591692 0.027815
0.046414 0.046782 1.591692 0.027814
0.046105 0.046782 1.591693 0.027814
0.045797 0.046781 1.591693 0.027814
0.045491 0.046780 1.591693 0.027813
0.045187 0.046780 1.591694 0.027813
0.044885 0.046779 1.591694 0.027813
0.044584 0.046778 1.591695 0.027812
0.044285 0.046778 1.591695 0.027812
0.043988 0.046777 1.591695 0.027812
0.043693 0.046777 1.591696 0.027811
0.043399 0.046776 1.591696 0.027811
0.043107 0.046775 1.591697 0.027811
0.042817 0.046775 1.591697 0.027810
0.042529 0.046774 1.591697 0.027810
0.042242 0.046774 1.591698 0.027810
0.041957 0.046773 1.591698 0.027809
0.041674 0.046772 1.591698 0.027809
0.041392 0.046772 1.591699 0.027809
0.041113 0.046771 1.591699 0.027808
0.040834 0.046771 1.591700 0.027808
0.040558 0.046770 1.591700 0.027808
0.040292 0.046769 1.591700 0.027808
0.040034 0.046769 1.591701 0.027807
0.039777 0.046768 1.591701 0.027807
0.039518 0.046768 1.591701 0.027807
0.039257 0.046767 1.591702 0.027806
0.038992 0.046767 1.591702 0.027806
0.038725 0.046766 1.591702 0.027806
0.038457 0.046766 1.591703 0.027805
0.038188 0.046765 1.591703 0.027805
0.037919 0.046764 1.591703 0.027805
0.037651 0.046764 1.591704 0.027805
0.037383 0.046763 1.591704 0.027804
0.037116 0.046763 1.591704 0.027804
0.036852 0.046762 1.591705 0.027804
0.036589 0.046762 1.591705 0.027803
0.036328 0.046761 1.591705 0.027803
0.036070 0.046761 1.591706 0.027803
0.035813 0.046760 1.591706 0.027803
0.035559 0.046759 1.591706 0.027802
0.035308 0.046759 1.591706 0.027802
0.035059 0.046758 1.591707 0.027802
0.034812 0.046758 1.591707 0.027801
0.034567 0.046757 1.591707 0.027801
0.034325 0.046757 1.591707 0.027801
0.034084 0.046756 1.591707 0.027800
0.033846 0.046756 1.591708 0.027800
0.033610 0.046755 1.591708 0.027800
0.033376 0.046754 1.591708 0.027799
0.033143 0.046754 1.591708 0.027799
0.032912 0.046753 1.591708 0.027799
0.032683 0.046753 1.591709 0.027799
0.032456 0.046752 1.591709 0.027798
0.032230 0.046752 1.591709 0.027798
0.032006 0.046751 1.591709 0.027798
0.031784 0.046751 1.591709 0.027797
0.031563 0.046750 1.591709 0.027797
0.031344 0.046749 1.591710 0.027797
0.031127 0.046749 1.591710 0.027797
0.030911 0.046748 1.591710 0.027796
0.030696 0.046748 1.591710 0.027796
0.030484 0.046747 1.591710 0.027796
0.030272 0.046747 1.591710 0.027795
0.030063 0.046746 1.591711 0.027795
0.029855 0.046746 1.591711 0.027795
0.029649 0.046745 1.591711 0.027795
0.029444 0.046745 1.591711 0.027794
0.029241 0.046744 1.591711 0.027794
0.029039 0.046744 1.591711 0.027794
0.028839 0.046743 1.591712 0.027793
0.028641 0.046743 1.591712 0.027793
0.028444 0.046742 1.591712 0.027793
0.028249 0.046742 1.591712 0.027793
0.028055 0.046741 1.591712 0.027792
0.027863 0.046741 1.591712 0.027792
0.027672 0.046740 1.591713 0.027792
0.027483 0.046740 1.591713 0.027792
0.027295 0.046739 1.591713 0.027791
0.027109 0.046739 1.591713 0.027791
0.026924 0.046739 1.591713 0.027791
0.026741 0.046738 1.591714 0.027791
0.026559 0.046738 1.591714 0.027790
0.026379 0.046737 1.591714 0.027790
0.026200 0.046737 1.591714 0.027790
0.026022 0.046736 1.591714 0.027790
0.025846 0.046736 1.591715 0.027790
0.025671 0.046736 1.591715 0.027789
0.025498 0.046735 1.591715 0.027789
0.025326 0.046735 1.591715 0.027789
0.025155 0.046734 1.591715 0.027789
0.024986 0.046734 1.591715 0.027788
0.024818 0.046733 1.591716 0.027788
0.024651 0.046733 1.591716 0.027788
0.024486 0.046733 1.591716 0.027788
0.024322 0.046732 1.591716 0.027788
0.024159 0.046732 1.591716 0.027787
0.023997 0.046731 1.591717 0.027787
0.023837 0.046731 1.591717 0.027787
0.023678 0.046731 1.591717 0.027787
0.023520 0.046730 1.591717 0.027787
0.023363 0.046730 1.591717 0.027786
0.023208 0.046729 1.591718 0.027786
0.023054 0.046729 1.591718 0.027786
0.022901 0.046729 1.591718 0.027786
0.022749 0.046728 1.591718 0.027786
0.022598 0.046728 1.591718 0.027785
0.022448 0.046728 1.591718 0.027785
0.022300 0.046727 1.591719 0.027785
0.022152 0.046727 1.591719 0.027785
0.022006 0.046727 1.591719 0.027785
0.021860 0.046726 1.591719 0.027784
0.021716 0.046726 1.591719 0.027784
0.021573 0.046725 1.591720 0.027784
0.021430 0.046725 1.591720 0.027784
0.021289 0.046725 1.591720 0.027784
0.021149 0.046724 1.591720 0.027783
0.021009 0.046724 1.591720 0.027783
0.020871 0.046724 1.591720 0.027783
0.020733 0.046723 1.591720 0.027783
0.020596 0.046723 1.591721 0.027783
0.020461 0.046723 1.591721 0.027783
0.020326 0.046722 1.591721 0.027782
0.020192 0.046722 1.591721 0.027782
0.020059 0.046722 1.591721 0.027782
0.019927 0.046721 1.591721 0.027782
0.019795 0.046721 1.591722 0.027782
0.019664 0.046721 1.591722 0.027782
0.019535 0.046720 1.591722 0.027781
0.019406 0.046720 1.591722 0.027781
0.019277 0.046720 1.591722 0.027781
0.019150 0.046720 1.591722 0.027781
0.019023 0.046719 1.591722 0.027781
0.018897 0.046719 1.591723 0.027781
0.018772 0.046719 1.591723 0.027780
0.018648 0.046718 1.591723 0.027780
0.018524 0.046718 1.591723 0.027780
0.018401 0.046718 1.591723 0.027780
0.018279 0.046717 1.591723 0.027780
0.018158 0.046717 1.591723 0.027780
0.018037 0.046717 1.591724 0.027779
0.017917 0.046716 1.591724 0.027779
0.017798 0.046716 1.591724 0.027779
0.017679 0.046716 1.591724 0.027779
0.017561 0.046716 1.591724 0.027779
0.017444 0.046715 1.591724 0.027779
0.017328 0.046715 1.591724 0.027778
0.017212 0.046715 1.591724 0.027778
0.017097 0.046714 1.591725 0.027778
0.016982 0.046714 1.591725 0.027778
0.016869 0.046714 1.591725 0.027778
0.016756 0.046714 1.591725 0.027778
0.016643 0.046713 1.591725 0.027778
0.016532 0.046713 1.591725 0.027777
0.016421 0.046713 1.591725 0.027777
0.016310 0.046713 1.591725 0.027777
0.016201 0.046712 1.591725 0.027777
0.016092 0.046712 1.591726 0.027777
0.015983 0.046712 1.591726 0.027777
0.015876 0.046712 1.591726 0.027777
0.015769 0.046711 1.591726 0.027776
0.015662 0.046711 1.591726 0.027776
0.015557 0.046711 1.591726 0.027776
0.015452 0.046711 1.591726 0.027776
0.015347 0.046710 1.591726 0.027776
0.015243 0.046710 1.591726 0.027776
0.015140 0.046710 1.591727 0.027776
0.015038 0.046710 1.591727 0.027776
0.014936 0.046709 1.591727 0.027775
0.014835 0.046709 1.591727 0.027775
0.014734 0.046709 1.591727 0.027775
0.014634 0.046709 1.591727 0.027775
0.014535 0.046708 1.591727 0.027775
0.014436 0.046708 1.591727 0.027775
0.014338 0.046708 1.591727 0.027775
0.014241 0.046708 1.591727 0.027775
0.014144 0.046707 1.591728 0.027774
0.014048 0.046707 1.591728 0.027774
0.013952 0.046707 1.591728 0.027774
0.013857 0.046707 1.591728 0.027774
0.013763 0.046706 1.591728 0.027774
0.013669 0.046706 1.591728 0.027774
0.013576 0.046706 1.591728 0.027774
0.013484 0.046706 1.591728 0.027774
0.013392 0.046706 1.591728 0.027773
0.013300 0.046705 1.591728 0.027773
0.013210 0.046705 1.591728 0.027773
0.013119 0.046705 1.591729 0.027773
0.013030 0.046705 1.591729 0.027773
0.012941 0.046705 1.591729 0.027773
0.012852 0.046704 1.591729 0.027773
0.012764 0.046704 1.591729 0.027773
0.012677 0.046704 1.591729 0.027773
0.012590 0.046704 1.591729 0.027772
0.012504 0.046703 1.591729 0.027772
0.012418 0.046703 1.591729 0.027772
0.012333 0.046703 1.591729 0.027772
0.012249 0.046703 1.591729 0.027772
0.012165 0.046703 1.591729 0.027772
0.012081 0.046702 1.591730 0.027772
0.011998 0.046702 1.591730 0.027772
0.011916 0.046702 1.591730 0.027772
0.011834 0.046702 1.591730 0.027772
0.011753 0.046702 1.591730 0.027771
0.011672 0.046701 1.591730 0.027771
0.011592 0.046701 1.591730 0.027771
0.011512 0.046701 1.591730 0.027771
0.011433 0.046701 1.591730 0.027771
0.011354 0.046701 1.591730 0.027771
0.011276 0.046701 1.591730 0.027771
0.011199 0.046700 1.591730 0.027771
0.011122 0.046700 1.591730 0.027771
0.011045 0.046700 1.591731 0.027771
0.010969 0.046700 1.591731 0.027770
0.010893 0.046700 1.591731 0.027770
0.010818 0.046699 1.591731 0.027770
0.010744 0.046699 1.591731 0.027770
0.010670 0.046699 1.591731 0.027770
0.010596 0.046699 1.591731 0.027770
0.010523 0.046699 1.591731 0.027770
0.010450 0.046699 1.591731 0.027770
0.010378 0.046698 1.591731 0.027770
0.010307 0.046698 1.591731 0.027770
0.010235 0.046698 1.591731 0.027770
0.010165 0.046698 1.591731 0.027769
0.010095 0.046698 1.591732 0.027769
0.010025 0.046698 1.591732 0.027769
0.009956 0.046697 1.591732 0.027769
0.009887 0.046697 1.591732 0.027769
0.009818 0.046697 1.591732 0.027769
0.009750 0.046697 1.591732 0.027769
0.009683 0.046697 1.591732 0.027769
0.009616 0.046697 1.591732 0.027769
0.009550 0.046696 1.591732 0.027769
0.009483 0.046696 1.591732 0.027769
0.009418 0.046696 1.591732 0.027769
0.009353 0.046696 1.591732 0.027768
0.009288 0.046696 1.591732 0.027768
0.009224 0.046696 1.591732 0.027768
0.009160 0.046696 1.591732 0.027768
0.009096 0.046695 1.591733 0.027768
0.009033 0.046695 1.591733 0.027768
0.008971 0.046695 1.591733 0.027768
0.008909 0.046695 1.591733 0.027768
0.008847 0.046695 1.591733 0.027768
0.008786 0.046695 1.591733 0.027768
0.008725 0.046694 1.591733 0.027768
0.008664 0.046694 1.591733 0.027768
0.008604 0.046694 1.591733 0.027768
0.008544 0.046694 1.591733 0.027767
0.008485 0.046694 1.591733 0.027767
0.008426 0.046694 1.591733 0.027767
0.008368 0.046694 1.591733 0.027767
0.008310 0.046694 1.591733 0.027767
0.008252 0.046693 1.591733 0.027767
0.008195 0.046693 1.591733 0.027767
0.008138 0.046693 1.591733 0.027767
0.008082 0.046693 1.591734 0.027767
0.008025 0.046693 1.591734 0.027767
0.007970 0.046693 1.591734 0.027767
0.007914 0.046693 1.591734 0.027767
0.007859 0.046692 1.591734 0.027767
0.007805 0.046692 1.591734 0.027767
0.007751 0.046692 1.591734 0.027766
0.007697 0.046692 1.591734 0.027766
0.007643 0.046692 1.591734 0.027766
0.007590 0.046692 1.591734 0.027766
0.007538 0.046692 1.591734 0.027766
0.007485 0.046692 1.591734 0.027766
0.007433 0.046691 1.591734 0.027766
0.007381 0.046691 1.591734 0.027766
0.007330 0.046691 1.591734 0.027766
0.007279 0.046691 1.591734 0.027766
0.007229 0.046691 1.591734 0.027766
0.007178 0.046691 1.591734 0.027766
0.007128 0.046691 1.591734 0.027766
0.007079 0.046691 1.591735 0.027766
0.007030 0.046690 1.591735 0.027766
0.006981 0.046690 1.591735 0.027765
0.006932 0.046690 1.591735 0.027765
0.006884 0.046690 1.591735 0.027765
0.006836 0.046690 1.591735 0.027765
0.006789 0.046690 1.591735 0.027765
0.006741 0.046690 1.591735 0.027765
0.006694 0.046690 1.591735 0.027765
0.006648 0.046690 1.591735 0.027765
0.006602 0.046689 1.591735 0.027765
0.006556 0.046689 1.591735 0.027765
0.006510 0.046689 1.591735 0.027765
0.006465 0.046689 1.591735 0.027765
0.006420 0.046689 1.591735 0.027765
0.006375 0.046689 1.591735 0.027765
0.006331 0.046689 1.591735 0.027765
0.006287 0.046689 1.591735 0.027765
0.006243 0.046689 1.591735 0.027765
0.006199 0.046688 1.591735 0.027764
0.006156 0.046688 1.591735 0.027764
0.006113 0.046688 1.591735 0.027764
0.006071 0.046688 1.591736 0.027764
0.006029 0.046688 1.591736 0.027764
0.005987 0.046688 1.591736 0.027764
0.005945 0.046688 1.591736 0.027764
0.005903 0.046688 1.591736 0.027764
0.005862 0.046688 1.591736 0.027764
0.005821 0.046688 1.591736 0.027764
0.005781 0.046688 1.591736 0.027764
0.005741 0.046687 1.591736 0.027764
0.005701 0.046687 1.591736 0.027764
0.005661 0.046687 1.591736 0.027764
0.005621 0.046687 1.591736 0.027764
0.005582 0.046687 1.591736 0.027764
0.005543 0.046687 1.591736 0.027764
0.005505 0.046687 1.591736 0.027764
0.005466 0.046687 1.591736 0.027764
0.005428 0.046687 1.591736 0.027764
0.005390 0.046687 1.591736 0.027763
0.005353 0.046686 1.591736 0.027763
0.005316 0.046686 1.591736 0.027763
0.005278 0.046686 1.591736 0.027763
0.005242 0.046686 1.591736 0.027763
0.005205 0.046686 1.591736 0.027763
0.005169 0.046686 1.591736 0.027763
0.005133 0.046686 1.591736 0.027763
0.005097 0.046686 1.591737 0.027763
0.005061 0.046686 1.591737 0.027763
0.005026 0.046686 1.591737 0.027763
0.004991 0.046686 1.591737 0.027763
0.004956 0.046686 1.591737 0.027763
0.004922 0.046685 1.591737 0.027763
0.004887 0.046685 1.591737 0.027763
0.004853 0.046685 1.591737 0.027763
0.004819 0.046685 1.591737 0.027763
0.004786 0.046685 1.591737 0.027763
0.004752 0.046685 1.591737 0.027763
0.004719 0.046685 1.591737 0.027763
0.004686 0.046685 1.591737 0.027763
0.004654 0.046685 1.591737 0.027763
0.004621 0.046685 1.591737 0.027763
0.004589 0.046685 1.591737 0.027762
0.004557 0.046685 1.591737 0.027762
0.004525 0.046685 1.591737 0.027762
0.004494 0.046684 1.591737 0.027762
0.004462 0.046684 1.591737 0.027762
0.004431 0.046684 1.591737 0.027762
0.004400 0.046684 1.591737 0.027762
0.004369 0.046684 1.591737 0.027762
0.004339 0.046684 1.591737 0.027762
0.004309 0.046684 1.591737 0.027762
0.004279 0.046684 1.591737 0.027762
0.004249 0.046684 1.591737 0.027762
0.004219 0.046684 1.591737 0.027762
0.004190 0.046684 1.591737 0.027762
0.004160 0.046684 1.591737 0.027762
0.004131 0.046684 1.591737 0.027762
0.004102 0.046684 1.591737 0.027762
0.004074 0.046683 1.591738 0.027762
0.004045 0.046683 1.591738 0.027762
0.004017 0.046683 1.591738 0.027762
0.003989 0.046683 1.591738 0.027762
0.003961 0.046683 1.591738 0.027762
0.003934 0.046683 1.591738 0.027762
0.003906 0.046683 1.591738 0.027762
0.003879 0.046683 1.591738 0.027762
0.003852 0.046683 1.591738 0.027762
0.003825 0.046683 1.591738 0.027762
0.003798 0.046683 1.591738 0.027761
0.003772 0.046683 1.591738 0.027761
0.003745 0.046683 1.591738 0.027761
0.003719 0.046683 1.591738 0.027761
0.003693 0.046683 1.591738 0.027761
0.003667 0.046682 1.591738 0.027761
0.003642 0.046682 1.591738 0.027761
0.003616 0.046682 1.591738 0.027761
0.003591 0.046682 1.591738 0.027761
0.003566 0.046682 1.591738 0.027761
0.003541 0.046682 1.591738 0.027761
0.003516 0.046682 1.591738 0.027761
0.003492 0.046682 1.591738 0.027761
0.003467 0.046682 1.591738 0.027761
0.003443 0.046682 1.591738 0.027761
0.003419 0.046682 1.591738 0.027761
0.003395 0.046682 1.591738 0.027761
0.003372 0.046682 1.591738 0.027761
0.003348 0.046682 1.591738 0.027761
0.003325 0.046682 1.591738 0.027761
0.003301 0.046682 1.591738 0.027761
0.003278 0.046682 1.591738 0.027761
0.003255 0.046682 1.591738 0.027761
0.003233 0.046681 1.591738 0.027761
0.003210 0.046681 1.591738 0.027761
0.003188 0.046681 1.591738 0.027761
0.003165 0.046681 1.591738 0.027761
0.003143 0.046681 1.591738 0.027761
0.003121 0.046681 1.591738 0.027761
0.003100 0.046681 1.591738 0.027761
0.003078 0.046681 1.591739 0.027761
0.003056 0.046681 1.591739 0.027761
0.003035 0.046681 1.591739 0.027761
0.003014 0.046681 1.591739 0.027761
0.002993 0.046681 1.591739 0.027760
0.002972 0.046681 1.591739 0.027760
0.002951 0.046681 1.591739 0.027760
0.002930 0.046681 1.591739 0.027760
0.002910 0.046681 1.591739 0.027760
0.002890 0.046681 1.591739 0.027760
0.002870 0.046681 1.591739 0.027760
0.002849 0.046681 1.591739 0.027760
0.002830 0.046681 1.591739 0.027760
0.002810 0.046680 1.591739 0.027760
0.002790 0.046680 1.591739 0.027760
0.002771 0.046680 1.591739 0.027760
0.002751 0.046680 1.591739 0.027760
0.002732 0.046680 1.591739 0.027760
0.002713 0.046680 1.591739 0.027760
0.002694 0.046680 1.591739 0.027760
0.002675 0.046680 1.591739 0.027760
0.002657 0.046680 1.591739 0.027760
0.002638 0.046680 1.591739 0.027760
0.002620 0.046680 1.591739 0.027760
0.002601 0.046680 1.591739 0.027760
0.002583 0.046680 1.591739 0.027760
0.002565 0.046680 1.591739 0.027760
0.002547 0.046680 1.591739 0.027760
0.002529 0.046680 1.591739 0.027760
0.002512 0.046680 1.591739 0.027760
0.002494 0.046680 1.591739 0.027760
0.002477 0.046680 1.591739 0.027760
0.002459 0.046680 1.591739 0.027760
0.002442 0.046680 1.591739 0.027760
0.002425 0.046680 1.591739 0.027760
0.002408 0.046680 1.591739 0.027760
0.002391 0.046679 1.591739 0.027760
0.002375 0.046679 1.591739 0.027760
0.002358 0.046679 1.591739 0.027760
0.002342 0.046679 1.591739 0.027760
0.002325 0.046679 1.591739 0.027760
0.002309 0.046679 1.591739 0.027760
0.002293 0.046679 1.591739 0.027760
0.002277 0.046679 1.591739 0.027760
0.002261 0.046679 1.591739 0.027760
0.002245 0.046679 1.591739 0.027760
0.002229 0.046679 1.591739 0.027760
0.002214 0.046679 1.591739 0.027760
0.002198 0.046679 1.591739 0.027759
0.002183 0.046679 1.591739 0.027759
0.002168 0.046679 1.591739 0.027759
0.002153 0.046679 1.591739 0.027759
0.002138 0.046679 1.591739 0.027759
0.002123 0.046679 1.591739 0.027759
0.002108 0.046679 1.591739 0.027759
0.002093 0.046679 1.591740 0.027759
0.002078 0.046679 1.591740 0.027759
0.002064 0.046679 1.591740 0.027759
0.002049 0.046679 1.591740 0.027759
0.002035 0.046679 1.591740 0.027759
0.002021 0.046679 1.591740 0.027759
0.002007 0.046679 1.591740 0.027759
0.001993 0.046679 1.591740 0.027759
0.001979 0.046678 1.591740 0.027759
0.001965 0.046678 1.591740 0.027759
0.001951 0.046678 1.591740 0.027759
0.001938 0.046678 1.591740 0.027759
0.001924 0.046678 1.591740 0.027759
0.001911 0.046678 1.591740 0.027759
0.001897 0.046678 1.591740 0.027759
0.001884 0.046678 1.591740 0.027759
0.001871 0.046678 1.591740 0.027759
0.001858 0.046678 1.591740 0.027759
0.001845 0.046678 1.591740 0.027759
0.001832 0.046678 1.591740 0.027759
0.001819 0.046678 1.591740 0.027759
0.001806 0.046678 1.591740 0.027759
0.001794 0.046678 1.591740 0.027759
0.001781 0.046678 1.591740 0.027759
0.001769 0.046678 1.591740 0.027759
0.001756 0.046678 1.591740 0.027759
0.001744 0.046678 1.591740 0.027759
0.001732 0.046678 1.591740 0.027759
0.001720 0.046678 1.591740 0.027759
0.001708 0.046678 1.591740 0.027759
0.001696 0.046678 1.591740 0.027759
0.001684 0.046678 1.591740 0.027759
0.001672 0.046678 1.591740 0.027759
0.001661 0.046678 1.591740 0.027759
0.001649 0.046678 1.591740 0.027759
0.001638 0.046678 1.591740 0.027759
0.001626 0.046678 1.591740 0.027759
0.001615 0.046678 1.591740 0.027759
0.001603 0.046678 1.591740 0.027759
0.001592 0.046678 1.591740 0.027759
0.001581 0.046678 1.591740 0.027759
0.001570 0.046678 1.591740 0.027759
0.001559 0.046677 1.591740 0.027759
0.001548 0.046677 1.591740 0.027759
0.001537 0.046677 1.591740 0.027759
0.001527 0.046677 1.591740 0.027759
0.001516 0.046677 1.591740 0.027759
0.001505 0.046677 1.591740 0.027759
0.001495 0.046677 1.591740 0.027759
0.001484 0.046677 1.591740 0.027759
0.001474 0.046677 1.591740 0.027759
0.001464 0.046677 1.591740 0.027759
0.001453 0.046677 1.591740 0.027759
0.001443 0.046677 1.591740 0.027759
0.001433 0.046677 1.591740 0.027759
0.001423 0.046677 1.591740 0.027759
0.001413 0.046677 1.591740 0.027759
0.001403 0.046677 1.591740 0.027758
0.001394 0.046677 1.591740 0.027758
0.001384 0.046677 1.591740 0.027758
0.001374 0.046677 1.591740 0.027758
0.001365 0.046677 1.591740 0.027758
0.001355 0.046677 1.591740 0.027758
0.001346 0.046677 1.591740 0.027758
0.001336 0.046677 1.591740 0.027758
0.001327 0.046677 1.591740 0.027758
0.001318 0.046677 1.591740 0.027758
0.001308 0.046677 1.591740 0.027758
0.001299 0.046677 1.591740 0.027758
0.001290 0.046677 1.591740 0.027758
0.001281 0.046677 1.591740 0.027758
0.001272 0.046677 1.591740 0.027758
0.001263 0.046677 1.591740 0.027758
0.001254 0.046677 1.591740 0.027758
0.001246 0.046677 1.591740 0.027758
0.001237 0.046677 1.591740 0.027758
0.001228 0.046677 1.591740 0.027758
0.001220 0.046677 1.591740 0.027758
0.001211 0.046677 1.591740 0.027758
0.001203 0.046677 1.591740 0.027758
0.001194 0.046677 1.591740 0.027758
0.001186 0.046677 1.591740 0.027758
0.001178 0.046677 1.591740 0.027758
0.001169 0.046677 1.591740 0.027758
0.001161 0.046677 1.591740 0.027758
0.001153 0.046677 1.591740 0.027758
0.001145 0.046677 1.591740 0.027758
0.001137 0.046676 1.591740 0.027758
0.001129 0.046676 1.591740 0.027758
0.001121 0.046676 1.591740 0.027758
0.001113 0.046676 1.591740 0.027758
0.001106 0.046676 1.591740 0.027758
0.001098 0.046676 1.591740 0.027758
0.001090 0.046676 1.591741 0.027758
0.001083 0.046676 1.591741 0.027758
0.001075 0.046676 1.591741 0.027758
0.001068 0.046676 1.591741 0.027758
0.001060 0.046676 1.591741 0.027758
0.001053 0.046676 1.591741 0.027758
0.001045 0.046676 1.591741 0.027758
0.001038 0.046676 1.591741 0.027758
0.001031 0.046676 1.591741 0.027758
0.001024 0.046676 1.591741 0.027758
0.001016 0.046676 1.591741 0.027758
0.001009 0.046676 1.591741 0.027758
0.001002 0.046676 1.591741 0.027758
0.000995 0.046676 1.591741 0.027758
0.000988 0.046676 1.591741 0.027758
0.000981 0.046676 1.591741 0.027758
0.000974 0.046676 1.591741 0.027758
0.000968 0.046676 1.591741 0.027758
0.000961 0.046676 1.591741 0.027758
0.000954 0.046676 1.591741 0.027758
0.000948 0.046676 1.591741 0.027758
0.000941 0.046676 1.591741 0.027758
0.000934 0.046676 1.591741 0.027758
0.000928 0.046676 1.591741 0.027758
0.000921 0.046676 1.591741 0.027758
0.000915 0.046676 1.591741 0.027758
0.000908 0.046676 1.591741 0.027758
0.000902 0.046676 1.591741 0.027758
0.000896 0.046676 1.591741 0.027758
0.000890 0.046676 1.591741 0.027758
0.000883 0.046676 1.591741 0.027758
0.000877 0.046676 1.591741 0.027758
0.000871 0.046676 1.591741 0.027758
0.000865 0.046676 1.591741 0.027758
0.000859 0.046676 1.591741 0.027758
0.000853 0.046676 1.591741 0.027758
0.000847 0.046676 1.591741 0.027758
0.000841 0.046676 1.591741 0.027758
0.000835 0.046676 1.591741 0.027758
0.000829 0.046676 1.591741 0.027758
0.000823 0.046676 1.591741 0.027758
0.000818 0.046676 1.591741 0.027758
0.000812 0.046676 1.591741 0.027758
0.000806 0.046676 1.591741 0.027758
0.000801 0.046676 1.591741 0.027758
0.000795 0.046676 1.591741 0.027758
0.000790 0.046676 1.591741 0.027758
0.000784 0.046676 1.591741 0.027758
0.000779 0.046676 1.591741 0.027758
0.000773 0.046676 1.591741 0.027758
0.000768 0.046676 1.591741 0.027758
0.000762 0.046676 1.591741 0.027758
0.000757 0.046676 1.591741 0.027758
0.000752 0.046676 1.591741 0.027758
0.000746 0.046676 1.591741 0.027758
0.000741 0.046676 1.591741 0.027758
0.000736 0.046676 1.591741 0.027758
0.000731 0.046676 1.591741 0.027758
0.000726 0.046676 1.591741 0.027758
0.000721 0.046675 1.591741 0.027758
0.000716 0.046675 1.591741 0.027758
0.000711 0.046675 1.591741 0.027758
0.000706 0.046675 1.591741 0.027758
0.000701 0.046675 1.591741 0.027758
0.000696 0.046675 1.591741 0.027758
0.000691 0.046675 1.591741 0.027758
0.000686 0.046675 1.591741 0.027758
0.000681 0.046675 1.591741 0.027758
0.000677 0.046675 1.591741 0.027758
0.000672 0.046675 1.591741 0.027758
0.000667 0.046675 1.591741 0.027758
0.000663 0.046675 1.591741 0.027758
0.000658 0.046675 1.591741 0.027758
0.000653 0.046675 1.591741 0.027758
0.000649 0.046675 1.591741 0.027758
0.000644 0.046675 1.591741 0.027758
0.000640 0.046675 1.591741 0.027758
0.000635 0.046675 1.591741 0.027758
0.000631 0.046675 1.591741 0.027758
0.000626 0.046675 1.591741 0.027758
0.000622 0.046675 1.591741 0.027758
0.000618 0.046675 1.591741 0.027758
0.000613 0.046675 1.591741 0.027757
0.000609 0.046675 1.591741 0.027757
0.000605 0.046675 1.591741 0.027757
0.000601 0.046675 1.591741 0.027757
0.000596 0.046675 1.591741 0.027757
0.000592 0.046675 1.591741 0.027757
0.000588 0.046675 1.591741 0.027757
0.000584 0.046675 1.591741 0.027757
0.000580 0.046675 1.591741 0.027757
0.000576 0.046675 1.591741 0.027757
0.000572 0.046675 1.591741 0.027757
0.000568 0.046675 1.591741 0.027757
0.000564 0.046675 1.591741 0.027757
0.000560 0.046675 1.591741 0.027757
0.000556 0.046675 1.591741 0.027757
0.000552 0.046675 1.591741 0.027757
0.000548 0.046675 1.591741 0.027757
0.000544 0.046675 1.591741 0.027757
0.000541 0.046675 1.591741 0.027757
0.000537 0.046675 1.591741 0.027757
0.000533 0.046675 1.591741 0.027757
0.000529 0.046675 1.591741 0.027757
0.000526 0.046675 1.591741 0.027757
0.000522 0.046675 1.591741 0.027757
0.000518 0.046675 1.591741 0.027757
0.000515 0.046675 1.591741 0.027757
0.000511 0.046675 1.591741 0.027757
0.000508 0.046675 1.591741 0.027757
0.000504 0.046675 1.591741 0.027757
0.000500 0.046675 1.591741 0.027757
0.000497 0.046675 1.591741 0.027757
0.000493 0.046675 1.591741 0.027757
0.000490 0.046675 1.591741 0.027757
0.000487 0.046675 1.591741 0.027757
0.000483 0.046675 1.591741 0.027757
0.000480 0.046675 1.591741 0.027757
0.000476 0.046675 1.591741 0.027757
0.000473 0.046675 1.591741 0.027757
0.000470 0.046675 1.591741 0.027757
0.000467 0.046675 1.591741 0.027757
0.000463 0.046675 1.591741 0.027757
0.000460 0.046675 1.591741 0.027757
0.000457 0.046675 1.591741 0.027757
0.000454 0.046675 1.591741 0.027757
0.000450 0.046675 1.591741 0.027757
0.000447 0.046675 1.591741 0.027757
0.000444 0.046675 1.591741 0.027757
0.000441 0.046675 1.591741 0.027757
0.000438 0.046675 1.591741 0.027757
0.000435 0.046675 1.591741 0.027757
0.000432 0.046675 1.591741 0.027757
0.000429 0.046675 1.591741 0.027757
0.000426 0.046675 1.591741 0.027757
0.000423 0.046675 1.591741 0.027757
0.000420 0.046675 1.591741 0.027757
0.000417 0.046675 1.591741 0.027757
0.000414 0.046675 1.591741 0.027757
0.000411 0.046675 1.591741 0.027757
0.000408 0.046675 1.591741 0.027757
0.000405 0.046675 1.591741 0.027757
0.000403 0.046675 1.591741 0.027757
0.000400 0.046675 1.591741 0.027757
0.000397 0.046675 1.591741 0.027757
0.000394 0.046675 1.591741 0.027757
0.000391 0.046675 1.591741 0.027757
0.000389 0.046675 1.591741 0.027757
0.000386 0.046675 1.591741 0.027757
0.000383 0.046675 1.591741 0.027757
0.000381 0.046675 1.591741 0.027757
0.000378 0.046675 1.591741 0.027757
0.000375 0.046675 1.591741 0.027757
0.000373 0.046675 1.591741 0.027757
0.000370 0.046675 1.591741 0.027757
0.000368 0.046675 1.591741 0.027757
0.000365 0.046675 1.591741 0.027757
0.000362 0.046675 1.591741 0.027757
0.000360 0.046675 1.591741 0.027757
0.000357 0.046675 1.591741 0.027757
0.000355 0.046675 1.591741 0.027757
0.000352 0.046675 1.591741 0.027757
0.000350 0.046675 1.591741 0.027757
0.000347 0.046675 1.591741 0.027757
0.000345 0.046675 1.591741 0.027757
0.000343 0.046675 1.591741 0.027757
0.000340 0.046675 1.591741 0.027757
0.000338 0.046675 1.591741 0.027757
0.000335 0.046675 1.591741 0.027757
0.000333 0.046675 1.591741 0.027757
0.000331 0.046675 1.591741 0.027757
0.000329 0.046675 1.591741 0.027757
0.000326 0.046675 1.591741 0.027757
0.000324 0.046675 1.591741 0.027757
0.000322 0.046675 1.591741 0.027757
0.000319 0.046675 1.591741 0.027757
0.000317 0.046675 1.591741 0.027757
0.000315 0.046675 1.591741 0.027757
0.000313 0.046675 1.591741 0.027757
0.000311 0.046675 1.591741 0.027757
0.000308 0.046675 1.591741 0.027757
0.000306 0.046675 1.591741 0.027757
0.000304 0.046675 1.591741 0.027757
0.000302 0.046675 1.591741 0.027757
0.000300 0.046674 1.591741 0.027757
0.000298 0.046674 1.591741 0.027757
0.000296 0.046674 1.591741 0.027757
0.000294 0.046674 1.591741 0.027757
0.000292 0.046674 1.591741 0.027757
0.000290 0.046674 1.591741 0.027757
0.000288 0.046674 1.591741 0.027757
0.000285 0.046674 1.591741 0.027757
0.000283 0.046674 1.591741 0.027757
0.000282 0.046674 1.591741 0.027757
0.000280 0.046674 1.591741 0.027757
0.000278 0.046674 1.591741 0.027757
0.000276 0.046674 1.591741 0.027757
0.000274 0.046674 1.591741 0.027757
0.000272 0.046674 1.591741 0.027757
0.000270 0.046674 1.591741 0.027757
0.000268 0.046674 1.591741 0.027757
0.000266 0.046674 1.591741 0.027757
0.000264 0.046674 1.591741 0.027757
0.000262 0.046674 1.591741 0.027757
0.000261 0.046674 1.591741 0.027757
0.000259 0.046674 1.591741 0.027757
0.000257 0.046674 1.591741 0.027757
0.000255 0.046674 1.591741 0.027757
0.000253 0.046674 1.591741 0.027757
0.000252 0.046674 1.591741 0.027757
0.000250 0.046674 1.591741 0.027757
0.000248 0.046674 1.591741 0.027757
0.000246 0.046674 1.591741 0.027757
0.000245 0.046674 1.591741 0.027757
0.000243 0.046674 1.591741 0.027757
0.000241 0.046674 1.591741 0.027757
0.000240 0.046674 1.591741 0.027757
0.000238 0.046674 1.591741 0.027757
0.000236 0.046674 1.591741 0.027757
0.000235 0.046674 1.591741 0.027757
0.000233 0.046674 1.591741 0.027757
0.000231 0.046674 1.591741 0.027757
0.000230 0.046674 1.591741 0.027757
0.000228 0.046674 1.591741 0.027757
0.000226 0.046674 1.591741 0.027757
0.000225 0.046674 1.591741 0.027757
0.000223 0.046674 1.591741 0.027757
0.000222 0.046674 1.591741 0.027757
0.000220 0.046674 1.591741 0.027757
0.000219 0.046674 1.591741 0.027757
0.000217 0.046674 1.591741 0.027757
0.000216 0.046674 1.591741 0.027757
0.000214 0.046674 1.591741 0.027757
0.000213 0.046674 1.591741 0.027757
0.000211 0.046674 1.591741 0.027757
0.000210 0.046674 1.591741 0.027757
0.000208 0.046674 1.591741 0.027757
0.000207 0.046674 1.591741 0.027757
0.000205 0.046674 1.591741 0.027757
0.000204 0.046674 1.591741 0.027757
0.000202 0.046674 1.591741 0.027757
0.000201 0.046674 1.591741 0.027757
0.000200 0.046674 1.591741 0.027757
0.000198 0.046674 1.591741 0.027757
0.000197 0.046674 1.591741 0.027757
0.000195 0.046674 1.591741 0.027757
0.000194 0.046674 1.591741 0.027757
0.000193 0.046674 1.591741 0.027757
0.000191 0.046674 1.591741 0.027757
0.000190 0.046674 1.591741 0.027757
0.000189 0.046674 1.591741 0.027757
0.000187 0.046674 1.591741 0.027757
0.000186 0.046674 1.591741 0.027757
0.000185 0.046674 1.591741 0.027757
0.000184 0.046674 1.591741 0.027757
0.000182 0.046674 1.591741 0.027757
0.000181 0.046674 1.591741 0.027757
0.000180 0.046674 1.591741 0.027757
0.000178 0.046674 1.591741 0.027757
0.000177 0.046674 1.591741 0.027757
0.000176 0.046674 1.591741 0.027757
0.000175 0.046674 1.591741 0.027757
0.000173 0.046674 1.591741 0.027757
0.000172 0.046674 1.591741 0.027757
0.000171 0.046674 1.591741 0.027757
0.000170 0.046674 1.591741 0.027757
0.000169 0.046674 1.591741 0.027757
0.000168 0.046674 1.591741 0.027757
0.000166 0.046674 1.591741 0.027757
0.000165 0.046674 1.591741 0.027757
0.000164 0.046674 1.591741 0.027757
0.000163 0.046674 1.591741 0.027757
0.000162 0.046674 1.591741 0.027757
0.000161 0.046674 1.591741 0.027757
0.000159 0.046674 1.591741 0.027757
0.000158 0.046674 1.591741 0.027757
0.000157 0.046674 1.591741 0.027757
0.000156 0.046674 1.591741 0.027757
0.000155 0.046674 1.591741 0.027757
0.000154 0.046674 1.591741 0.027757
0.000153 0.046674 1.591741 0.027757
0.000152 0.046674 1.591741 0.027757
0.000151 0.046674 1.591741 0.027757
0.000150 0.046674 1.591741 0.027757
0.000149 0.046674 1.591741 0.027757
0.000148 0.046674 1.591741 0.027757
0.000147 0.046674 1.591741 0.027757
0.000146 0.046674 1.591741 0.027757
0.000145 0.046674 1.591741 0.027757
0.000144 0.046674 1.591741 0.027757
0.000143 0.046674 1.591741 0.027757
0.000142 0.046674 1.591741 0.027757
0.000141 0.046674 1.591741 0.027757
0.000140 0.046674 1.591741 0.027757
0.000139 0.046674 1.591741 0.027757
0.000138 0.046674 1.591741 0.027757
0.000137 0.046674 1.591741 0.027757
0.000136 0.046674 1.591741 0.027757
0.000135 0.046674 1.591741 0.027757
0.000134 0.046674 1.591741 0.027757
0.000133 0.046674 1.591741 0.027757
0.000132 0.046674 1.591741 0.027757
0.000131 0.046674 1.591741 0.027757
0.000130 0.046674 1.591741 0.027757
0.000129 0.046674 1.591741 0.027757
0.000128 0.046674 1.591741 0.027757
0.000127 0.046674 1.591741 0.027757
0.000127 0.046674 1.591741 0.027757
0.000126 0.046674 1.591741 0.027757
0.000125 0.046674 1.591741 0.027757
0.000124 0.046674 1.591741 0.027757
0.000123 0.046674 1.591741 0.027757
0.000122 0.046674 1.591741 0.027757
0.000121 0.046674 1.591741 0.027757
0.000120 0.046674 1.591741 0.027757
0.000120 0.046674 1.591741 0.027757
0.000119 0.046674 1.591741 0.027757
0.000118 0.046674 1.591741 0.027757
0.000117 0.046674 1.591741 0.027757
0.000116 0.046674 1.591741 0.027757
0.000115 0.046674 1.591741 0.027757
0.000115 0.046674 1.591741 0.027757
0.000114 0.046674 1.591741 0.027757
0.000113 0.046674 1.591741 0.027757
0.000112 0.046674 1.591741 0.027757
0.000112 0.046674 1.591741 0.027757
0.000111 0.046674 1.591741 0.027757
0.000110 0.046674 1.591741 0.027757
0.000109 0.046674 1.591741 0.027757
0.000108 0.046674 1.591741 0.027757
0.000108 0.046674 1.591741 0.027757
0.000107 0.046674 1.591741 0.027757
0.000106 0.046674 1.591741 0.027757
0.000105 0.046674 1.591741 0.027757
0.000105 0.046674 1.591741 0.027757
0.000104 0.046674 1.591741 0.027757
0.000103 0.046674 1.591741 0.027757
0.000103 0.046674 1.591741 0.027757
0.000102 0.046674 1.591741 0.027757
0.000101 0.046674 1.591741 0.027757
0.000100 0.046674 1.591741 0.027757
0.000100 0.046674 1.591741 0.027757
0.000099 0.046674 1.591741 0.027757
0.000098 0.046674 1.591741 0.027757
0.000098 0.046674 1.591741 0.027757
0.000097 0.046674 1.591741 0.027757
0.000096 0.046674 1.591741 0.027757
0.000096 0.046674 1.591742 0.027757
0.000095 0.046674 1.591742 0.027757
0.000094 0.046674 1.591742 0.027757
0.000094 0.046674 1.591742 0.027757
0.000093 0.046674 1.591742 0.027757
0.000092 0.046674 1.591742 0.027757
0.000092 0.046674 1.591742 0.027757
0.000091 0.046674 1.591742 0.027757
0.000090 0.046674 1.591742 0.027757
0.000090 0.046674 1.591742 0.027757
0.000089 0.046674 1.591742 0.027757
0.000088 0.046674 1.591742 0.027757
0.000088 0.046674 1.591742 0.027757
0.000087 0.046674 1.591742 0.027757
0.000087 0.046674 1.591742 0.027757
0.000086 0.046674 1.591742 0.027757
0.000085 0.046674 1.591742 0.027757
0.000085 0.046674 1.591742 0.027757
0.000084 0.046674 1.591742 0.027757
0.000084 0.046674 1.591742 0.027757
0.000083 0.046674 1.591742 0.027757
0.000082 0.046674 1.591742 0.027757
0.000082 0.046674 1.591742 0.027757
0.000081 0.046674 1.591742 0.027757
0.000081 0.046674 1.591742 0.027757
0.000080 0.046674 1.591742 0.027757
0.000080 0.046674 1.591742 0.027757
0.000079 0.046674 1.591742 0.027757
0.000079 0.046674 1.591742 0.027757
0.000078 0.046674 1.591742 0.027757
0.000077 0.046674 1.591742 0.027757
0.000077 0.046674 1.591742 0.027757
0.000076 0.046674 1.591742 0.027757
0.000076 0.046674 1.591742 0.027757
0.000075 0.046674 1.591742 0.027757
0.000075 0.046674 1.591742 0.027757
0.000074 0.046674 1.591742 0.027757
0.000074 0.046674 1.591742 0.027757
0.000073 0.046674 1.591742 0.027757
0.000073 0.046674 1.591742 0.027757
0.000072 0.046674 1.591742 0.027757
0.000072 0.046674 1.591742 0.027757
0.000071 0.046674 1.591742 0.027757
0.000071 0.046674 1.591742 0.027757
0.000070 0.046674 1.591742 0.027757
0.000070 0.046674 1.591742 0.027757
0.000069 0.046674 1.591742 0.027757
0.000069 0.046674 1.591742 0.027757
0.000068 0.046674 1.591742 0.027757
0.000068 0.046674 1.591742 0.027757
0.000067 0.046674 1.591742 0.027757
0.000067 0.046674 1.591742 0.027757
0.000066 0.046674 1.591742 0.027757
0.000066 0.046674 1.591742 0.027757
0.000065 0.046674 1.591742 0.027757
0.000065 0.046674 1.591742 0.027757
0.000065 0.046674 1.591742 0.027757
0.000064 0.046674 1.591742 0.027757
0.000064 0.046674 1.591742 0.027757
0.000063 0.046674 1.591742 0.027757
0.000063 0.046674 1.591742 0.027757
0.000062 0.046674 1.591742 0.027757
0.000062 0.046674 1.591742 0.027757
0.000061 0.046674 1.591742 0.027757
0.000061 0.046674 1.591742 0.027757
0.000061 0.046674 1.591742 0.027757
0.000060 0.046674 1.591742 0.027757
0.000060 0.046674 1.591742 0.027757
0.000059 0.046674 1.591742 0.027757
0.000059 0.046674 1.591742 0.027757
0.000058 0.046674 1.591742 0.027757
0.000058 0.046674 1.591742 0.027757
0.000058 0.046674 1.591742 0.027757
0.000057 0.046674 1.591742 0.027757
0.000057 0.046674 1.591742 0.027757
0.000056 0.046674 1.591742 0.027757
0.000056 0.046674 1.591742 0.027757
0.000056 0.046674 1.591742 0.027757
0.000055 0.046674 1.591742 0.027757
0.000055 0.046674 1.591742 0.027757
0.000055 0.046674 1.591742 0.027757
0.000054 0.046674 1.591742 0.027757
0.000054 0.046674 1.591742 0.027757
0.000053 0.046674 1.591742 0.027757
0.000053 0.046674 1.591742 0.027757
0.000053 0.046674 1.591742 0.027757
0.000052 0.046674 1.591742 0.027757
0.000052 0.046674 1.591742 0.027757
0.000052 0.046674 1.591742 0.027757
0.000051 0.046674 1.591742 0.027757
0.000051 0.046674 1.591742 0.027757
0.000050 0.046674 1.591742 0.027757
0.000050 0.046674 1.591742 0.027757
0.000050 0.046674 1.591742 0.027757
0.000049 0.046674 1.591742 0.027757
0.000049 0.046674 1.591742 0.027757
0.000049 0.046674 1.591742 0.027757
0.000048 0.046674 1.591742 0.027757
0.000048 0.046674 1.591742 0.027757
0.000048 0.046674 1.591742 0.027757
0.000047 0.046674 1.591742 0.027757
0.000047 0.046674 1.591742 0.027757
0.000047 0.046674 1.591742 0.027757
0.000046 0.046674 1.591742 0.027757
0.000046 0.046674 1.591742 0.027757
0.000046 0.046674 1.591742 0.027757
0.000045 0.046674 1.591742 0.027757
0.000045 0.046674 1.591742 0.027757
0.000045 0.046674 1.591742 0.027757
0.000044 0.046674 1.591742 0.027757
0.000044 0.046674 1.591742 0.027757
0.000044 0.046674 1.591742 0.027757
0.000044 0.046674 1.591742 0.027757
0.000043 0.046674 1.591742 0.027757
0.000043 0.046674 1.591742 0.027757
0.000043 0.046674 1.591742 0.027757
0.000042 0.046674 1.591742 0.027757
0.000042 0.046674 1.591742 0.027757
0.000042 0.046674 1.591742 0.027757
0.000041 0.046674 1.591742 0.027757
0.000041 0.046674 1.591742 0.027757
0.000041 0.046674 1.591742 0.027757
0.000041 0.046674 1.591742 0.027757
0.000040 0.046674 1.591742 0.027757
0.000040 0.046674 1.591742 0.027757
0.000040 0.046674 1.591742 0.027757
0.000039 0.046674 1.591742 0.027757
0.000039 0.046674 1.591742 0.027757
0.000039 0.046674 1.591742 0.027757
0.000039 0.046674 1.591742 0.027757
0.000038 0.046674 1.591742 0.027757
0.000038 0.046674 1.591742 0.027757
0.000038 0.046674 1.591742 0.027757
0.000038 0.046674 1.591742 0.027757
0.000037 0.046674 1.591742 0.027757
0.000037 0.046674 1.591742 0.027757
0.000037 0.046674 1.591742 0.027757
0.000037 0.046674 1.591742 0.027757
0.000036 0.046674 1.591742 0.027757
0.000036 0.046674 1.591742 0.027757
0.000036 0.046674 1.591742 0.027757
0.000036 0.046674 1.591742 0.027757
0.000035 0.046674 1.591742 0.027757
0.000035 0.046674 1.591742 0.027757
0.000035 0.046674 1.591742 0.027757
0.000035 0.046674 1.591742 0.027757
0.000034 0.046674 1.591742 0.027757
0.000034 0.046674 1.591742 0.027757
0.000034 0.046674 1.591742 0.027757
0.000034 0.046674 1.591742 0.027757
0.000033 0.046674 1.591742 0.027757
0.000033 0.046674 1.591742 0.027757
0.000033 0.046674 1.591742 0.027757
0.000033 0.046674 1.591742 0.027757
0.000032 0.046674 1.591742 0.027757
0.000032 0.046674 1.591742 0.027757
0.000032 0.046674 1.591742 0.027757
0.000032 0.046674 1.591742 0.027757
0.000032 0.046674 1.591742 0.027757
0.000031 0.046674 1.591742 0.027757
0.000031 0.046674 1.591742 0.027757
0.000031 0.046674 1.591742 0.027757
0.000031 0.046674 1.591742 0.027757
0.000030 0.046674 1.591742 0.027757
0.000030 0.046674 1.591742 0.027757
0.000030 0.046674 1.591742 0.027757
0.000030 0.046674 1.591742 0.027757
0.000030 0.046674 1.591742 0.027757
0.000029 0.046674 1.591742 0.027757
0.000029 0.046674 1.591742 0.027757
0.000029 0.046674 1.591742 0.027757
0.000029 0.046674 1.591742 0.027757
0.000029 0.046674 1.591742 0.027757
0.000028 0.046674 1.591742 0.027757
0.000028 0.046674 1.591742 0.027757
0.000028 0.046674 1.591742 0.027757
0.000028 0.046674 1.591742 0.027757
0.000028 0.046674 1.591742 0.027757
0.000027 0.046674 1.591742 0.027757
0.000027 0.046674 1.591742 0.027757
0.000027 0.046674 1.591742 0.027757
0.000027 0.046674 1.591742 0.027757
0.000027 0.046674 1.591742 0.027757
0.000026 0.046674 1.591742 0.027757
0.000026 0.046674 1.591742 0.027757
0.000026 0.046674 1.591742 0.027757
0.000026 0.046674 1.591742 0.027757
0.000026 0.046674 1.591742 0.027757
0.000026 0.046674 1.591742 0.027757
0.000025 0.046674 1.591742 0.027757
0.000025 0.046674 1.591742 0.027757
0.000025 0.046674 1.591742 0.027757
0.000025 0.046674 1.591742 0.027757
0.000025 0.046674 1.591742 0.027757
0.000024 0.046674 1.591742 0.027757
0.000024 0.046674 1.591742 0.027757
0.000024 0.046674 1.591742 0.027757
0.000024 0.046674 1.591742 0.027757
0.000024 0.046674 1.591742 0.027757
0.000024 0.046674 1.591742 0.027757
0.000023 0.046674 1.591742 0.027757
0.000023 0.046674 1.591742 0.027757
0.000023 0.046674 1.591742 0.027757
0.000023 0.046674 1.591742 0.027757
0.000023 0.046674 1.591742 0.027757
0.000023 0.046674 1.591742 0.027757
0.000023 0.046674 1.591742 0.027757
0.000022 0.046674 1.591742 0.027757
0.000022 0.046674 1.591742 0.027757
0.000022 0.046674 1.591742 0.027757
0.000022 0.046674 1.591742 0.027757
0.000022 0.046674 1.591742 0.027757
0.000022 0.046674 1.591742 0.027757
0.000021 0.046674 1.591742 0.027757
0.000021 0.046674 1.591742 0.027757
0.000021 0.046674 1.591742 0.027757
0.000021 0.046674 1.591742 0.027757
0.000021 0.046674 1.591742 0.027757
0.000021 0.046674 1.591742 0.027757
0.000021 0.046674 1.591742 0.027757
0.000020 0.046674 1.591742 0.027757
0.000020 0.046674 1.591742 0.027757
0.000020 0.046674 1.591742 0.027757
0.000020 0.046674 1.591742 0.027757
0.000020 0.046674 1.591742 0.027757
0.000020 0.046674 1.591742 0.027757
0.000020 0.046674 1.591742 0.027757
0.000019 0.046674 1.591742 0.027757
0.000019 0.046674 1.591742 0.027757
0.000019 0.046674 1.591742 0.027757
0.000019 0.046674 1.591742 0.027757
0.000019 0.046674 1.591742 0.027757
0.000019 0.046674 1.591742 0.027757
0.000019 0.046674 1.591742 0.027757
0.000019 0.046674 1.591742 0.027757
0.000018 0.046674 1.591742 0.027757
0.000018 0.046674 1.591742 0.027757
0.000018 0.046674 1.591742 0.027757
0.000018 0.046674 1.591742 0.027757
0.000018 0.046674 1.591742 0.027757
0.000018 0.046674 1.591742 0.027757
0.000018 0.046674 1.591742 0.027757
0.000017 0.046674 1.591742 0.027757
0.000017 0.046674 1.591742 0.027757
0.000017 0.046674 1.591742 0.027757
0.000017 0.046674 1.591742 0.027757
0.000017 0.046674 1.591742 0.027757
0.000017 0.046674 1.591742 0.027757
0.000017 0.046674 1.591742 0.027757
0.000017 0.046674 1.591742 0.027757
0.000017 0.046674 1.591742 0.027757
0.000016 0.046674 1.591742 0.027757
0.000016 0.046674 1.591742 0.027757
0.000016 0.046674 1.591742 0.027757
0.000016 0.046674 1.591742 0.027757
0.000016 0.046674 1.591742 0.027757
0.000016 0.046674 1.591742 0.027757
0.000016 0.046674 1.591742 0.027757
0.000016 0.046674 1.591742 0.027757
0.000016 0.046674 1.591742 0.027757
0.000015 0.046674 1.591742 0.027757
0.000015 0.046674 1.591742 0.027757
0.000015 0.046674 1.591742 0.027757
0.000015 0.046674 1.591742 0.027757
0.000015 0.046674 1.591742 0.027757
0.000015 0.046674 1.591742 0.027757
0.000015 0.046674 1.591742 0.027757
0.000015 0.046674 1.591742 0.027757
0.000015 0.046674 1.591742 0.027757
0.000014 0.046674 1.591742 0.027757
0.000014 0.046674 1.591742 0.027757
0.000014 0.046674 1.591742 0.027757
0.000014 0.046674 1.591742 0.027757
0.000014 0.046674 1.591742 0.027757
0.000014 0.046674 1.591742 0.027757
0.000014 0.046674 1.591742 0.027757
0.000014 0.046674 1.591742 0.027757
0.000014 0.046674 1.591742 0.027757
0.000014 0.046674 1.591742 0.027757
0.000013 0.046674 1.591742 0.027757
0.000013 0.046674 1.591742 0.027757
0.000013 0.046674 1.591742 0.027757
0.000013 0.046674 1.591742 0.027757
0.000013 0.046674 1.591742 0.027757
0.000013 0.046674 1.591742 0.027757
0.000013 0.046674 1.591742 0.027757
0.000013 0.046674 1.591742 0.027757
0.000013 0.046674 1.591742 0.027757
0.000013 0.046674 1.591742 0.027757
0.000013 0.046674 1.591742 0.027757
0.000012 0.046674 1.591742 0.027757
0.000012 0.046674 1.591742 0.027757
0.000012 0.046674 1.591742 0.027757
0.000012 0.046674 1.591742 0.027757
0.000012 0.046674 1.591742 0.027757
0.000012 0.046674 1.591742 0.027757
0.000012 0.046674 1.591742 0.027757
0.000012 0.046674 1.591742 0.027757
0.000012 0.046674 1.591742 0.027757
0.000012 0.046674 1.591742 0.027757
0.000012 0.046674 1.591742 0.027757
0.000012 0.046674 1.591742 0.027757
0.000011 0.046674 1.591742 0.027757
0.000011 0.046674 1.591742 0.027757
0.000011 0.046674 1.591742 0.027757
0.000011 0.046674 1.591742 0.027757
0.000011 0.046674 1.591742 0.027757
0.000011 0.046674 1.591742 0.027757
0.000011 0.046674 1.591742 0.027757
0.000011 0.046674 1.591742 0.027757
0.000011 0.046674 1.591742 0.027757
0.000011 0.046674 1.591742 0.027757
0.000011 0.046674 1.591742 0.027757
0.000011 0.046674 1.591742 0.027757
0.000011 0.046674 1.591742 0.027757
0.000010 0.046674 1.591742 0.027757
0.000010 0.046674 1.591742 0.027757
0.000010 0.046674 1.591742 0.027757
0.000010 0.046674 1.591742 0.027757
0.000010 0.046674 1.591742 0.027757
0.000010 0.046674 1.591742 0.027757
0.000010 0.046674 1.591742 0.027757
0.000010 0.046674 1.591742 0.027757
