2.404131 0.046676 1.591741 0.027758
1.669722 0.046676 1.591741 0.027758
1.291726 0.046888 1.592643 0.027898
1.094486 0.046675 1.591736 0.027757
0.968346 0.046276 1.590066 0.027492
0.869892 0.045872 1.588028 0.027224
0.797812 0.045368 1.585647 0.026897
0.738518 0.044794 1.583103 0.026526
0.686328 0.044210 1.580592 0.026151
0.639118 0.043673 1.578333 0.025809
0.595129 0.043239 1.576706 0.025540
0.554023 0.042979 1.576246 0.025389
0.516188 0.042960 1.577521 0.025402
0.482493 0.043233 1.580953 0.025609
0.453534 0.043810 1.586699 0.026017
0.428994 0.044671 1.594598 0.026606
0.407822 0.045763 1.604200 0.027336
0.388771 0.047016 1.614835 0.028158
0.370726 0.048352 1.625726 0.029019
0.352914 0.049696 1.636101 0.029870
0.334935 0.050979 1.645294 0.030670
0.316585 0.052147 1.652816 0.031386
0.297762 0.053160 1.658383 0.031998
0.278582 0.053996 1.661902 0.032495
0.259508 0.054647 1.663447 0.032877
0.241194 0.055118 1.663215 0.033148
0.224141 0.055424 1.661478 0.033320
0.208434 0.055586 1.658546 0.033407
0.193724 0.055630 1.654738 0.033426
0.179426 0.055583 1.650353 0.033394
0.164997 0.055470 1.645659 0.033327
0.150217 0.055318 1.640881 0.033241
0.135280 0.055146 1.636200 0.033148
0.120814 0.054974 1.631751 0.033059
0.107647 0.054817 1.627629 0.032982
0.096484 0.054684 1.623890 0.032924
0.087627 0.054585 1.620561 0.032890
0.080901 0.054522 1.617643 0.032880
0.075785 0.054497 1.615119 0.032896
0.071693 0.054508 1.612959 0.032937
0.068207 0.054555 1.611123 0.033000
0.065092 0.054631 1.609567 0.033083
0.062290 0.054734 1.608242 0.033183
0.059786 0.054859 1.607104 0.033297
0.057536 0.055001 1.606110 0.033421
0.055529 0.055154 1.605225 0.033553
0.053762 0.055316 1.604418 0.033688
0.052226 0.055482 1.603664 0.033825
0.050923 0.055648 1.602945 0.033961
0.049830 0.055811 1.602245 0.034094
0.048918 0.055967 1.601555 0.034220
0.048158 0.056113 1.600871 0.034337
0.047502 0.056246 1.600194 0.034445
0.046902 0.056366 1.599531 0.034542
0.046311 0.056472 1.598894 0.034628
0.045674 0.056564 1.598294 0.034703
0.044989 0.056644 1.597746 0.034769
0.044244 0.056712 1.597259 0.034825
0.043437 0.056769 1.596844 0.034873
0.042571 0.056818 1.596507 0.034915
0.041654 0.056858 1.596252 0.034950
0.040695 0.056892 1.596080 0.034980
0.039705 0.056920 1.595990 0.035005
0.038695 0.056942 1.595978 0.035026
0.037677 0.056960 1.596038 0.035043
0.036666 0.056974 1.596163 0.035057
0.035671 0.056985 1.596345 0.035069
0.034706 0.056993 1.596575 0.035078
0.033782 0.056998 1.596846 0.035085
0.032901 0.057001 1.597148 0.035090
0.032066 0.057001 1.597474 0.035093
0.031282 0.057000 1.597815 0.035094
0.030550 0.056996 1.598166 0.035094
0.029869 0.056991 1.598521 0.035092
0.029233 0.056984 1.598873 0.035088
0.028635 0.056975 1.599220 0.035083
0.028070 0.056965 1.599558 0.035077
0.027529 0.056953 1.599883 0.035069
0.027007 0.056939 1.600194 0.035059
0.026499 0.056923 1.600489 0.035048
0.026004 0.056905 1.600768 0.035036
0.025519 0.056886 1.601028 0.035022
0.025048 0.056865 1.601270 0.035007
0.024590 0.056842 1.601494 0.034990
0.024148 0.056818 1.601700 0.034972
0.023723 0.056792 1.601887 0.034952
0.023316 0.056764 1.602056 0.034932
0.022923 0.056735 1.602207 0.034910
0.022543 0.056704 1.602340 0.034888
0.022168 0.056673 1.602456 0.034864
0.021793 0.056640 1.602556 0.034840
0.021411 0.056606 1.602638 0.034815
0.021014 0.056572 1.602704 0.034790
0.020599 0.056536 1.602755 0.034764
0.020160 0.056501 1.602791 0.034737
0.019696 0.056464 1.602812 0.034711
0.019205 0.056428 1.602819 0.034685
0.018690 0.056392 1.602813 0.034658
0.018154 0.056356 1.602795 0.034632
0.017601 0.056319 1.602764 0.034606
0.017036 0.056284 1.602723 0.034580
0.016467 0.056248 1.602672 0.034555
0.015898 0.056214 1.602612 0.034530
0.015336 0.056179 1.602544 0.034505
0.014787 0.056146 1.602468 0.034481
0.014255 0.056113 1.602386 0.034458
0.013744 0.056081 1.602299 0.034435
0.013257 0.056051 1.602207 0.034413
0.012797 0.056021 1.602112 0.034392
0.012364 0.055992 1.602014 0.034372
0.011958 0.055964 1.601914 0.034352
0.011569 0.055937 1.601812 0.034334
0.011213 0.055912 1.601710 0.034316
0.010884 0.055887 1.601609 0.034298
0.010581 0.055864 1.601508 0.034282
0.010300 0.055842 1.601409 0.034267
0.010038 0.055821 1.601311 0.034252
0.009792 0.055801 1.601215 0.034238
0.009560 0.055782 1.601122 0.034225
0.009339 0.055764 1.601030 0.034213
0.009129 0.055746 1.600940 0.034201
0.008928 0.055729 1.600851 0.034189
0.008734 0.055712 1.600764 0.034178
0.008548 0.055696 1.600679 0.034167
0.008367 0.055680 1.600596 0.034156
0.008192 0.055665 1.600516 0.034146
0.008022 0.055651 1.600440 0.034136
0.007858 0.055637 1.600368 0.034128
0.007700 0.055626 1.600300 0.034120
0.007546 0.055615 1.600237 0.034113
0.007399 0.055606 1.600179 0.034106
0.007258 0.055598 1.600126 0.034101
0.007122 0.055591 1.600078 0.034097
0.006993 0.055586 1.600036 0.034094
0.006871 0.055582 1.599998 0.034091
0.006754 0.055579 1.599965 0.034089
0.006644 0.055578 1.599937 0.034088
0.006540 0.055578 1.599913 0.034088
0.006443 0.055578 1.599893 0.034088
0.006352 0.055580 1.599877 0.034089
0.006267 0.055582 1.599864 0.034091
0.006187 0.055585 1.599855 0.034093
0.006113 0.055589 1.599849 0.034095
0.006044 0.055593 1.599846 0.034098
0.005979 0.055598 1.599845 0.034101
0.005918 0.055603 1.599847 0.034104
0.005860 0.055609 1.599851 0.034107
0.005804 0.055614 1.599857 0.034111
0.005750 0.055620 1.599865 0.034115
0.005696 0.055627 1.599875 0.034119
0.005644 0.055633 1.599885 0.034123
0.005591 0.055640 1.599898 0.034127
0.005537 0.055647 1.599911 0.034131
0.005483 0.055654 1.599925 0.034135
0.005427 0.055661 1.599940 0.034139
0.005370 0.055668 1.599956 0.034144
0.005311 0.055675 1.599973 0.034148
0.005250 0.055682 1.599990 0.034152
0.005188 0.055690 1.600007 0.034157
0.005125 0.055697 1.600024 0.034161
0.005060 0.055704 1.600042 0.034165
0.004994 0.055711 1.600060 0.034169
0.004927 0.055718 1.600077 0.034173
0.004859 0.055725 1.600095 0.034178
0.004791 0.055732 1.600112 0.034182
0.004723 0.055739 1.600129 0.034185
0.004654 0.055746 1.600145 0.034189
0.004585 0.055752 1.600161 0.034193
0.004517 0.055759 1.600176 0.034197
0.004449 0.055765 1.600191 0.034200
0.004382 0.055771 1.600206 0.034204
0.004316 0.055777 1.600219 0.034207
0.004250 0.055783 1.600232 0.034210
0.004186 0.055789 1.600245 0.034213
0.004123 0.055795 1.600256 0.034217
0.004060 0.055800 1.600267 0.034219
0.003999 0.055806 1.600277 0.034222
0.003939 0.055811 1.600287 0.034225
0.003880 0.055816 1.600296 0.034228
0.003822 0.055821 1.600304 0.034230
0.003765 0.055825 1.600311 0.034233
0.003708 0.055830 1.600318 0.034235
0.003653 0.055834 1.600324 0.034237
0.003598 0.055839 1.600329 0.034240
0.003543 0.055843 1.600334 0.034242
0.003489 0.055847 1.600339 0.034244
0.003436 0.055851 1.600342 0.034245
0.003382 0.055854 1.600346 0.034247
0.003329 0.055858 1.600348 0.034249
0.003276 0.055862 1.600351 0.034251
0.003223 0.055865 1.600352 0.034252
0.003170 0.055868 1.600354 0.034254
0.003117 0.055871 1.600355 0.034255
0.003064 0.055874 1.600355 0.034257
0.003011 0.055877 1.600356 0.034258
0.002958 0.055880 1.600356 0.034259
0.002905 0.055883 1.600356 0.034261
0.002852 0.055885 1.600355 0.034262
0.002799 0.055888 1.600355 0.034263
0.002746 0.055890 1.600354 0.034264
0.002694 0.055893 1.600353 0.034265
0.002642 0.055895 1.600351 0.034266
0.002590 0.055897 1.600350 0.034267
0.002538 0.055899 1.600349 0.034268
0.002487 0.055902 1.600347 0.034269
0.002437 0.055904 1.600346 0.034269
0.002387 0.055906 1.600344 0.034270
0.002338 0.055907 1.600342 0.034271
0.002289 0.055909 1.600340 0.034272
0.002241 0.055911 1.600339 0.034273
0.002194 0.055913 1.600337 0.034273
0.002148 0.055915 1.600335 0.034274
0.002102 0.055916 1.600333 0.034275
0.002057 0.055918 1.600332 0.034275
0.002014 0.055920 1.600330 0.034276
0.001970 0.055921 1.600328 0.034277
0.001928 0.055923 1.600326 0.034277
0.001887 0.055924 1.600325 0.034278
0.001846 0.055926 1.600323 0.034278
0.001806 0.055927 1.600322 0.034279
0.001767 0.055929 1.600320 0.034279
0.001729 0.055930 1.600319 0.034280
0.001692 0.055931 1.600317 0.034281
0.001655 0.055933 1.600316 0.034281
0.001619 0.055934 1.600315 0.034282
0.001584 0.055935 1.600314 0.034282
0.001550 0.055937 1.600312 0.034283
0.001516 0.055938 1.600311 0.034283
0.001483 0.055939 1.600310 0.034284
0.001451 0.055941 1.600309 0.034284
0.001420 0.055942 1.600308 0.034285
0.001389 0.055943 1.600307 0.034285
0.001358 0.055944 1.600306 0.034286
0.001329 0.055945 1.600306 0.034286
0.001300 0.055947 1.600305 0.034287
0.001271 0.055948 1.600304 0.034287
0.001243 0.055949 1.600303 0.034287
0.001216 0.055950 1.600303 0.034288
0.001189 0.055951 1.600302 0.034288
0.001163 0.055952 1.600301 0.034289
0.001137 0.055953 1.600301 0.034289
0.001112 0.055954 1.600300 0.034290
0.001087 0.055955 1.600300 0.034290
0.001062 0.055956 1.600299 0.034291
0.001038 0.055957 1.600298 0.034291
0.001015 0.055958 1.600298 0.034291
0.000992 0.055959 1.600298 0.034292
0.000969 0.055960 1.600297 0.034292
0.000947 0.055961 1.600297 0.034293
0.000925 0.055962 1.600296 0.034293
0.000903 0.055963 1.600296 0.034293
0.000882 0.055964 1.600295 0.034294
0.000862 0.055965 1.600295 0.034294
0.000841 0.055966 1.600294 0.034294
0.000821 0.055966 1.600294 0.034295
0.000801 0.055967 1.600294 0.034295
0.000782 0.055968 1.600293 0.034296
0.000763 0.055969 1.600293 0.034296
0.000744 0.055970 1.600293 0.034296
0.000726 0.055970 1.600292 0.034297
0.000708 0.055971 1.600292 0.034297
0.000690 0.055972 1.600291 0.034297
0.000673 0.055972 1.600291 0.034298
0.000656 0.055973 1.600291 0.034298
0.000639 0.055974 1.600290 0.034298
0.000623 0.055974 1.600290 0.034298
0.000607 0.055975 1.600290 0.034299
0.000591 0.055976 1.600289 0.034299
0.000576 0.055976 1.600289 0.034299
0.000561 0.055977 1.600289 0.034300
0.000546 0.055978 1.600288 0.034300
0.000532 0.055978 1.600288 0.034300
0.000518 0.055979 1.600288 0.034300
0.000504 0.055979 1.600287 0.034301
0.000490 0.055980 1.600287 0.034301
0.000477 0.055980 1.600287 0.034301
0.000464 0.055981 1.600286 0.034301
0.000452 0.055981 1.600286 0.034302
0.000439 0.055982 1.600286 0.034302
0.000427 0.055982 1.600285 0.034302
0.000416 0.055983 1.600285 0.034302
0.000404 0.055983 1.600285 0.034302
0.000393 0.055984 1.600284 0.034303
0.000382 0.055984 1.600284 0.034303
0.000372 0.055984 1.600284 0.034303
0.000361 0.055985 1.600284 0.034303
0.000351 0.055985 1.600283 0.034303
0.000341 0.055986 1.600283 0.034304
0.000332 0.055986 1.600283 0.034304
0.000322 0.055986 1.600283 0.034304
0.000313 0.055987 1.600282 0.034304
0.000304 0.055987 1.600282 0.034304
0.000296 0.055987 1.600282 0.034305
0.000287 0.055988 1.600282 0.034305
0.000279 0.055988 1.600281 0.034305
0.000271 0.055988 1.600281 0.034305
0.000263 0.055989 1.600281 0.034305
0.000256 0.055989 1.600281 0.034305
0.000248 0.055989 1.600281 0.034305
0.000241 0.055990 1.600280 0.034306
0.000234 0.055990 1.600280 0.034306
0.000227 0.055990 1.600280 0.034306
0.000221 0.055990 1.600280 0.034306
0.000214 0.055991 1.600280 0.034306
0.000208 0.055991 1.600280 0.034306
0.000202 0.055991 1.600279 0.034306
0.000196 0.055991 1.600279 0.034307
0.000191 0.055992 1.600279 0.034307
0.000185 0.055992 1.600279 0.034307
0.000180 0.055992 1.600279 0.034307
0.000174 0.055992 1.600279 0.034307
0.000169 0.055993 1.600279 0.034307
0.000164 0.055993 1.600279 0.034307
0.000160 0.055993 1.600278 0.034307
0.000155 0.055993 1.600278 0.034307
0.000151 0.055993 1.600278 0.034308
0.000146 0.055994 1.600278 0.034308
0.000142 0.055994 1.600278 0.034308
0.000138 0.055994 1.600278 0.034308
0.000134 0.055994 1.600278 0.034308
0.000131 0.055994 1.600278 0.034308
0.000127 0.055994 1.600278 0.034308
0.000123 0.055995 1.600278 0.034308
0.000120 0.055995 1.600277 0.034308
0.000117 0.055995 1.600277 0.034308
0.000114 0.055995 1.600277 0.034308
0.000111 0.055995 1.600277 0.034309
0.000108 0.055995 1.600277 0.034309
0.000105 0.055996 1.600277 0.034309
0.000102 0.055996 1.600277 0.034309
0.000099 0.055996 1.600277 0.034309
0.000097 0.055996 1.600277 0.034309
0.000095 0.055996 1.600277 0.034309
0.000092 0.055996 1.600277 0.034309
0.000090 0.055996 1.600277 0.034309
0.000088 0.055996 1.600277 0.034309
0.000086 0.055997 1.600277 0.034309
0.000084 0.055997 1.600277 0.034309
0.000082 0.055997 1.600276 0.034309
0.000080 0.055997 1.600276 0.034309
0.000079 0.055997 1.600276 0.034309
0.000077 0.055997 1.600276 0.034310
0.000075 0.055997 1.600276 0.034310
0.000074 0.055997 1.600276 0.034310
0.000072 0.055997 1.600276 0.034310
0.000071 0.055997 1.600276 0.034310
0.000070 0.055998 1.600276 0.034310
0.000068 0.055998 1.600276 0.034310
0.000067 0.055998 1.600276 0.034310
0.000066 0.055998 1.600276 0.034310
0.000065 0.055998 1.600276 0.034310
0.000064 0.055998 1.600276 0.034310
0.000063 0.055998 1.600276 0.034310
0.000062 0.055998 1.600276 0.034310
0.000061 0.055998 1.600275 0.034310
0.000060 0.055998 1.600275 0.034310
0.000059 0.055998 1.600275 0.034310
0.000058 0.055998 1.600275 0.034310
0.000057 0.055998 1.600275 0.034310
0.000056 0.055998 1.600275 0.034310
0.000056 0.055998 1.600275 0.034310
0.000055 0.055999 1.600275 0.034310
0.000054 0.055999 1.600275 0.034310
0.000054 0.055999 1.600275 0.034310
0.000053 0.055999 1.600275 0.034310
0.000052 0.055999 1.600275 0.034310
0.000052 0.055999 1.600275 0.034310
0.000051 0.055999 1.600275 0.034310
0.000050 0.055999 1.600275 0.034310
0.000050 0.055999 1.600275 0.034310
0.000049 0.055999 1.600275 0.034310
0.000049 0.055999 1.600275 0.034310
0.000048 0.055999 1.600274 0.034310
0.000048 0.055999 1.600274 0.034311
0.000047 0.055999 1.600274 0.034311
0.000047 0.055999 1.600274 0.034311
0.000046 0.055999 1.600274 0.034311
0.000046 0.055999 1.600274 0.034311
0.000045 0.055999 1.600274 0.034311
0.000045 0.055999 1.600274 0.034311
0.000045 0.055999 1.600274 0.034311
0.000044 0.055999 1.600274 0.034311
0.000044 0.055999 1.600274 0.034311
0.000043 0.055999 1.600274 0.034311
0.000043 0.055999 1.600274 0.034311
0.000043 0.055999 1.600274 0.034311
0.000042 0.055999 1.600274 0.034311
0.000042 0.055999 1.600274 0.034311
0.000041 0.055999 1.600274 0.034311
0.000041 0.055999 1.600274 0.034311
0.000041 0.055999 1.600273 0.034311
0.000040 0.056000 1.600273 0.034311
0.000040 0.056000 1.600273 0.034311
0.000040 0.056000 1.600273 0.034311
0.000039 0.056000 1.600273 0.034311
0.000039 0.056000 1.600273 0.034311
0.000039 0.056000 1.600273 0.034311
0.000038 0.056000 1.600273 0.034311
0.000038 0.056000 1.600273 0.034311
0.000038 0.056000 1.600273 0.034311
0.000037 0.056000 1.600273 0.034311
0.000037 0.056000 1.600273 0.034311
0.000037 0.056000 1.600273 0.034311
0.000036 0.056000 1.600273 0.034311
0.000036 0.056000 1.600273 0.034311
0.000036 0.056000 1.600273 0.034311
0.000036 0.056000 1.600273 0.034311
0.000035 0.056000 1.600273 0.034311
0.000035 0.056000 1.600273 0.034311
0.000035 0.056000 1.600273 0.034311
0.000034 0.056000 1.600273 0.034311
0.000034 0.056000 1.600272 0.034311
0.000034 0.056000 1.600272 0.034311
0.000034 0.056000 1.600272 0.034311
0.000033 0.056000 1.600272 0.034311
0.000033 0.056000 1.600272 0.034311
0.000033 0.056000 1.600272 0.034311
0.000033 0.056000 1.600272 0.034311
0.000032 0.056000 1.600272 0.034311
0.000032 0.056000 1.600272 0.034311
0.000032 0.056000 1.600272 0.034311
0.000032 0.056000 1.600272 0.034311
0.000031 0.056000 1.600272 0.034311
0.000031 0.056000 1.600272 0.034311
0.000031 0.056000 1.600272 0.034311
0.000031 0.056000 1.600272 0.034311
0.000030 0.056000 1.600272 0.034311
0.000030 0.056000 1.600272 0.034311
0.000030 0.056000 1.600272 0.034311
0.000030 0.056000 1.600272 0.034311
0.000030 0.056000 1.600272 0.034311
0.000029 0.056000 1.600272 0.034311
0.000029 0.056000 1.600272 0.034311
0.000029 0.056000 1.600272 0.034311
0.000029 0.056000 1.600272 0.034311
0.000028 0.056000 1.600272 0.034311
0.000028 0.056000 1.600272 0.034311
0.000028 0.056000 1.600271 0.034311
0.000028 0.056000 1.600271 0.034311
0.000028 0.056000 1.600271 0.034311
0.000027 0.056000 1.600271 0.034311
0.000027 0.056000 1.600271 0.034311
0.000027 0.056000 1.600271 0.034311
0.000027 0.056000 1.600271 0.034311
0.000027 0.056000 1.600271 0.034311
0.000026 0.056000 1.600271 0.034311
0.000026 0.056000 1.600271 0.034311
0.000026 0.056000 1.600271 0.034311
0.000026 0.056000 1.600271 0.034311
0.000026 0.056000 1.600271 0.034311
0.000025 0.056000 1.600271 0.034311
0.000025 0.056000 1.600271 0.034311
0.000025 0.056000 1.600271 0.034311
0.000025 0.056000 1.600271 0.034311
0.000025 0.056000 1.600271 0.034311
0.000024 0.056000 1.600271 0.034311
0.000024 0.056000 1.600271 0.034311
0.000024 0.056000 1.600271 0.034311
0.000024 0.056000 1.600271 0.034311
0.000024 0.056000 1.600271 0.034311
0.000023 0.056000 1.600271 0.034311
0.000023 0.056000 1.600271 0.034311
0.000023 0.056000 1.600271 0.034311
0.000023 0.056000 1.600271 0.034311
0.000023 0.056000 1.600271 0.034311
0.000023 0.056000 1.600271 0.034311
0.000022 0.056000 1.600271 0.034311
0.000022 0.056000 1.600271 0.034311
0.000022 0.056000 1.600271 0.034311
0.000022 0.056000 1.600271 0.034311
0.000022 0.056000 1.600271 0.034311
0.000022 0.056000 1.600270 0.034311
0.000021 0.056000 1.600270 0.034311
0.000021 0.056000 1.600270 0.034311
0.000021 0.056000 1.600270 0.034311
0.000021 0.056000 1.600270 0.034311
0.000021 0.056000 1.600270 0.034311
0.000021 0.056000 1.600270 0.034311
0.000020 0.056000 1.600270 0.034311
0.000020 0.056000 1.600270 0.034311
0.000020 0.056000 1.600270 0.034311
0.000020 0.056000 1.600270 0.034311
0.000020 0.056000 1.600270 0.034311
0.000020 0.056000 1.600270 0.034311
0.000019 0.056000 1.600270 0.034311
0.000019 0.056000 1.600270 0.034311
0.000019 0.056000 1.600270 0.034311
0.000019 0.056000 1.600270 0.034311
0.000019 0.056000 1.600270 0.034311
0.000019 0.056000 1.600270 0.034311
0.000018 0.056000 1.600270 0.034311
0.000018 0.056000 1.600270 0.034311
0.000018 0.056000 1.600270 0.034311
0.000018 0.056000 1.600270 0.034311
0.000018 0.056000 1.600270 0.034311
0.000018 0.056000 1.600270 0.034311
0.000018 0.056000 1.600270 0.034311
0.000017 0.056000 1.600270 0.034311
0.000017 0.056000 1.600270 0.034311
0.000017 0.056000 1.600270 0.034311
0.000017 0.056000 1.600270 0.034311
0.000017 0.056000 1.600270 0.034311
0.000017 0.056000 1.600270 0.034311
0.000017 0.056000 1.600270 0.034311
0.000016 0.056000 1.600270 0.034311
0.000016 0.056000 1.600270 0.034311
0.000016 0.056000 1.600270 0.034311
0.000016 0.056000 1.600270 0.034311
0.000016 0.056000 1.600270 0.034311
0.000016 0.056000 1.600270 0.034311
0.000016 0.056000 1.600270 0.034311
0.000015 0.056000 1.600270 0.034311
0.000015 0.056000 1.600270 0.034311
0.000015 0.056000 1.600270 0.034311
0.000015 0.056000 1.600270 0.034311
0.000015 0.056000 1.600270 0.034311
0.000015 0.056000 1.600270 0.034311
0.000015 0.056000 1.600270 0.034311
0.000015 0.056000 1.600270 0.034311
0.000014 0.056000 1.600270 0.034311
0.000014 0.056000 1.600270 0.034311
0.000014 0.056000 1.600269 0.034311
0.000014 0.056000 1.600269 0.034311
0.000014 0.056000 1.600269 0.034311
0.000014 0.056000 1.600269 0.034311
0.000014 0.056000 1.600269 0.034311
0.000014 0.056000 1.600269 0.034311
0.000014 0.056000 1.600269 0.034311
0.000013 0.056000 1.600269 0.034311
0.000013 0.056000 1.600269 0.034311
0.000013 0.056000 1.600269 0.034311
0.000013 0.056000 1.600269 0.034311
0.000013 0.056000 1.600269 0.034311
0.000013 0.056000 1.600269 0.034311
0.000013 0.056000 1.600269 0.034311
0.000013 0.056000 1.600269 0.034311
0.000013 0.056000 1.600269 0.034311
0.000012 0.056000 1.600269 0.034311
0.000012 0.056000 1.600269 0.034311
0.000012 0.056000 1.600269 0.034311
0.000012 0.056000 1.600269 0.034311
0.000012 0.056000 1.600269 0.034311
0.000012 0.056000 1.600269 0.034311
0.000012 0.056000 1.600269 0.034311
0.000012 0.056000 1.600269 0.034311
0.000012 0.056000 1.600269 0.034311
0.000012 0.056000 1.600269 0.034311
0.000011 0.056001 1.600269 0.034311
0.000011 0.056001 1.600269 0.034311
0.000011 0.056001 1.600269 0.034311
0.000011 0.056001 1.600269 0.034311
0.000011 0.056001 1.600269 0.034311
0.000011 0.056001 1.600269 0.034311
0.000011 0.056001 1.600269 0.034311
0.000011 0.056001 1.600269 0.034311
0.000011 0.056001 1.600269 0.034311
0.000011 0.056001 1.600269 0.034311
0.000010 0.056001 1.600269 0.034311
0.000010 0.056001 1.600269 0.034311
0.000010 0.056001 1.600269 0.034311
0.000010 0.056001 1.600269 0.034311
0.000010 0.056001 1.600269 0.034311
0.000010 0.056001 1.600269 0.034311
0.000010 0.056001 1.600269 0.034311
