2.482200 0.000214 1.608946 0.003034
1.838595 0.000214 1.608946 0.003034
1.389364 0.000238 1.609316 0.003050
1.158337 0.000204 1.608761 0.003027
1.018475 0.000174 1.607885 0.003009
0.904178 0.000041 1.606386 0.002924
0.818338 -0.000221 1.604482 0.002754
0.751336 -0.000568 1.602408 0.002525
0.694911 -0.000948 1.600324 0.002273
0.646629 -0.001316 1.598429 0.002024
0.604698 -0.001637 1.597085 0.001801
0.567535 -0.001878 1.596759 0.001629
0.533522 -0.002007 1.597921 0.001531
0.501022 -0.001995 1.600929 0.001529
0.470225 -0.001822 1.605953 0.001636
0.441520 -0.001476 1.612920 0.001859
0.415205 -0.000956 1.621500 0.002197
0.391361 -0.000280 1.631140 0.002637
0.369480 0.000516 1.641138 0.003158
0.348693 0.001383 1.650751 0.003727
0.328298 0.002261 1.659298 0.004307
0.307949 0.003091 1.666247 0.004862
0.287582 0.003822 1.671257 0.005359
0.267314 0.004415 1.674193 0.005771
0.247417 0.004849 1.675102 0.006085
0.228233 0.005117 1.674174 0.006295
0.210113 0.005230 1.671696 0.006406
0.193217 0.005206 1.668008 0.006428
0.177600 0.005073 1.663464 0.006379
0.163332 0.004863 1.658399 0.006279
0.150506 0.004609 1.653111 0.006148
0.139122 0.004342 1.647851 0.006005
0.128994 0.004087 1.642813 0.005870
0.119813 0.003871 1.638138 0.005756
0.111322 0.003709 1.633919 0.005677
0.103402 0.003616 1.630202 0.005640
0.096074 0.003600 1.626998 0.005651
0.089402 0.003662 1.624294 0.005711
0.083389 0.003801 1.622057 0.005820
0.077985 0.004011 1.620239 0.005973
0.073126 0.004283 1.618789 0.006165
0.068776 0.004608 1.617652 0.006389
0.064936 0.004975 1.616772 0.006638
0.061628 0.005372 1.616098 0.006904
0.058869 0.005790 1.615581 0.007182
0.056655 0.006218 1.615179 0.007465
0.054946 0.006650 1.614856 0.007748
0.053679 0.007077 1.614585 0.008026
0.052767 0.007494 1.614346 0.008296
0.052122 0.007895 1.614128 0.008553
0.051662 0.008276 1.613927 0.008797
0.051317 0.008634 1.613741 0.009024
0.051035 0.008966 1.613574 0.009234
0.050775 0.009272 1.613430 0.009425
0.050503 0.009550 1.613315 0.009599
0.050192 0.009801 1.613234 0.009754
0.049819 0.010026 1.613192 0.009891
0.049369 0.010224 1.613192 0.010011
0.048828 0.010397 1.613236 0.010116
0.048194 0.010547 1.613323 0.010205
0.047467 0.010676 1.613452 0.010280
0.046653 0.010783 1.613621 0.010342
0.045756 0.010871 1.613824 0.010391
0.044787 0.010942 1.614058 0.010430
0.043761 0.010996 1.614317 0.010457
0.042700 0.011034 1.614594 0.010476
0.041634 0.011058 1.614885 0.010485
0.040596 0.011068 1.615184 0.010486
0.039620 0.011066 1.615485 0.010479
0.038734 0.011052 1.615783 0.010465
0.037955 0.011028 1.616075 0.010444
0.037285 0.010993 1.616356 0.010416
0.036715 0.010949 1.616624 0.010384
0.036228 0.010896 1.616876 0.010346
0.035800 0.010836 1.617110 0.010303
0.035409 0.010769 1.617326 0.010256
0.035033 0.010696 1.617523 0.010206
0.034656 0.010618 1.617701 0.010152
0.034268 0.010535 1.617860 0.010096
0.033862 0.010449 1.618000 0.010037
0.033432 0.010359 1.618123 0.009977
0.032978 0.010268 1.618229 0.009915
0.032498 0.010174 1.618320 0.009853
0.031992 0.010080 1.618396 0.009790
0.031460 0.009985 1.618459 0.009728
0.030903 0.009891 1.618510 0.009665
0.030321 0.009797 1.618550 0.009603
0.029714 0.009704 1.618580 0.009542
0.029085 0.009614 1.618601 0.009483
0.028433 0.009525 1.618614 0.009425
0.027761 0.009438 1.618620 0.009368
0.027071 0.009354 1.618621 0.009313
0.026364 0.009272 1.618615 0.009261
0.025644 0.009194 1.618606 0.009210
0.024911 0.009119 1.618592 0.009162
0.024169 0.009047 1.618576 0.009115
0.023420 0.008979 1.618556 0.009071
0.022666 0.008914 1.618535 0.009030
0.021910 0.008853 1.618512 0.008991
0.021156 0.008795 1.618487 0.008954
0.020406 0.008741 1.618463 0.008919
0.019666 0.008690 1.618438 0.008887
0.018941 0.008642 1.618413 0.008857
0.018234 0.008598 1.618388 0.008829
0.017552 0.008557 1.618365 0.008804
0.016900 0.008520 1.618342 0.008780
0.016284 0.008485 1.618321 0.008759
0.015706 0.008454 1.618302 0.008739
0.015171 0.008425 1.618284 0.008722
0.014681 0.008399 1.618267 0.008706
0.014236 0.008375 1.618253 0.008692
0.013835 0.008354 1.618241 0.008679
0.013475 0.008335 1.618230 0.008668
0.013152 0.008319 1.618222 0.008658
0.012863 0.008304 1.618215 0.008650
0.012603 0.008292 1.618210 0.008642
0.012365 0.008281 1.618207 0.008636
0.012145 0.008272 1.618206 0.008631
0.011938 0.008264 1.618206 0.008627
0.011738 0.008258 1.618207 0.008624
0.011543 0.008253 1.618210 0.008622
0.011351 0.008249 1.618214 0.008621
0.011160 0.008246 1.618218 0.008620
0.010969 0.008244 1.618224 0.008619
0.010780 0.008243 1.618230 0.008620
0.010592 0.008243 1.618236 0.008620
0.010407 0.008244 1.618243 0.008622
0.010226 0.008245 1.618251 0.008623
0.010052 0.008247 1.618258 0.008625
0.009885 0.008249 1.618265 0.008627
0.009726 0.008252 1.618272 0.008630
0.009578 0.008255 1.618279 0.008632
0.009441 0.008259 1.618285 0.008635
0.009316 0.008262 1.618291 0.008638
0.009201 0.008266 1.618296 0.008641
0.009095 0.008271 1.618301 0.008644
0.008999 0.008275 1.618305 0.008648
0.008912 0.008279 1.618308 0.008651
0.008833 0.008284 1.618311 0.008654
0.008759 0.008289 1.618312 0.008658
0.008691 0.008293 1.618313 0.008661
0.008625 0.008298 1.618313 0.008664
0.008561 0.008303 1.618313 0.008668
0.008496 0.008308 1.618311 0.008671
0.008431 0.008312 1.618308 0.008674
0.008363 0.008317 1.618305 0.008677
0.008292 0.008322 1.618301 0.008680
0.008217 0.008326 1.618296 0.008683
0.008140 0.008331 1.618290 0.008686
0.008058 0.008336 1.618284 0.008689
0.007972 0.008340 1.618277 0.008692
0.007883 0.008345 1.618269 0.008695
0.007790 0.008349 1.618260 0.008697
0.007694 0.008354 1.618252 0.008700
0.007595 0.008358 1.618242 0.008703
0.007494 0.008362 1.618232 0.008705
0.007390 0.008367 1.618222 0.008707
0.007286 0.008371 1.618211 0.008710
0.007180 0.008375 1.618200 0.008712
0.007074 0.008379 1.618189 0.008714
0.006968 0.008383 1.618178 0.008717
0.006862 0.008387 1.618166 0.008719
0.006757 0.008391 1.618154 0.008721
0.006651 0.008394 1.618142 0.008723
0.006547 0.008398 1.618130 0.008725
0.006443 0.008402 1.618118 0.008726
0.006340 0.008405 1.618106 0.008728
0.006238 0.008409 1.618095 0.008730
0.006137 0.008412 1.618083 0.008732
0.006036 0.008416 1.618071 0.008733
0.005935 0.008419 1.618060 0.008735
0.005835 0.008422 1.618048 0.008736
0.005735 0.008426 1.618037 0.008738
0.005635 0.008429 1.618026 0.008739
0.005535 0.008432 1.618016 0.008741
0.005435 0.008435 1.618005 0.008742
0.005335 0.008438 1.617995 0.008743
0.005234 0.008441 1.617985 0.008745
0.005133 0.008443 1.617976 0.008746
0.005031 0.008446 1.617966 0.008747
0.004928 0.008449 1.617957 0.008748
0.004825 0.008451 1.617949 0.008749
0.004722 0.008454 1.617940 0.008750
0.004618 0.008456 1.617932 0.008751
0.004514 0.008458 1.617924 0.008752
0.004409 0.008460 1.617917 0.008753
0.004303 0.008463 1.617910 0.008754
0.004198 0.008465 1.617903 0.008755
0.004092 0.008467 1.617896 0.008755
0.003985 0.008469 1.617890 0.008756
0.003879 0.008470 1.617884 0.008757
0.003773 0.008472 1.617878 0.008757
0.003667 0.008474 1.617873 0.008758
0.003561 0.008475 1.617867 0.008758
0.003456 0.008477 1.617862 0.008759
0.003352 0.008478 1.617858 0.008760
0.003248 0.008480 1.617853 0.008760
0.003146 0.008481 1.617849 0.008760
0.003044 0.008482 1.617845 0.008761
0.002944 0.008483 1.617841 0.008761
0.002845 0.008484 1.617837 0.008762
0.002748 0.008486 1.617834 0.008762
0.002653 0.008486 1.617830 0.008762
0.002559 0.008487 1.617827 0.008762
0.002468 0.008488 1.617824 0.008763
0.002378 0.008489 1.617821 0.008763
0.002291 0.008490 1.617819 0.008763
0.002206 0.008490 1.617816 0.008763
0.002123 0.008491 1.617814 0.008763
0.002042 0.008492 1.617812 0.008763
0.001964 0.008492 1.617810 0.008764
0.001889 0.008493 1.617808 0.008764
0.001815 0.008493 1.617806 0.008764
0.001745 0.008494 1.617804 0.008764
0.001676 0.008494 1.617802 0.008764
0.001611 0.008494 1.617801 0.008764
0.001547 0.008495 1.617799 0.008764
0.001486 0.008495 1.617798 0.008764
0.001428 0.008495 1.617797 0.008764
0.001372 0.008495 1.617796 0.008764
0.001318 0.008496 1.617795 0.008764
0.001266 0.008496 1.617793 0.008764
0.001217 0.008496 1.617792 0.008764
0.001170 0.008496 1.617792 0.008764
0.001125 0.008496 1.617791 0.008764
0.001082 0.008496 1.617790 0.008764
0.001042 0.008496 1.617789 0.008764
0.001003 0.008496 1.617788 0.008764
0.000967 0.008496 1.617788 0.008764
0.000932 0.008497 1.617787 0.008764
0.000899 0.008497 1.617787 0.008764
0.000868 0.008497 1.617786 0.008764
0.000838 0.008497 1.617786 0.008764
0.000810 0.008497 1.617785 0.008764
0.000784 0.008496 1.617785 0.008764
0.000759 0.008496 1.617784 0.008764
0.000735 0.008496 1.617784 0.008763
0.000713 0.008496 1.617784 0.008763
0.000693 0.008496 1.617784 0.008763
0.000673 0.008496 1.617783 0.008763
0.000654 0.008496 1.617783 0.008763
0.000637 0.008496 1.617783 0.008763
0.000621 0.008496 1.617783 0.008763
0.000605 0.008496 1.617783 0.008763
0.000591 0.008496 1.617782 0.008763
0.000577 0.008496 1.617782 0.008763
0.000564 0.008496 1.617782 0.008763
0.000552 0.008496 1.617782 0.008763
0.000541 0.008496 1.617782 0.008763
0.000530 0.008495 1.617782 0.008763
0.000519 0.008495 1.617782 0.008763
0.000510 0.008495 1.617782 0.008763
0.000500 0.008495 1.617782 0.008763
0.000492 0.008495 1.617782 0.008763
0.000483 0.008495 1.617782 0.008763
0.000475 0.008495 1.617782 0.008763
0.000468 0.008495 1.617782 0.008763
0.000460 0.008495 1.617782 0.008763
0.000453 0.008495 1.617781 0.008763
0.000447 0.008495 1.617781 0.008763
0.000440 0.008494 1.617781 0.008763
0.000434 0.008494 1.617781 0.008763
0.000428 0.008494 1.617781 0.008763
0.000422 0.008494 1.617781 0.008763
0.000416 0.008494 1.617781 0.008763
0.000411 0.008494 1.617781 0.008763
0.000406 0.008494 1.617781 0.008763
0.000401 0.008494 1.617781 0.008763
0.000396 0.008494 1.617781 0.008763
0.000391 0.008494 1.617781 0.008763
0.000386 0.008494 1.617781 0.008763
0.000381 0.008494 1.617781 0.008763
0.000377 0.008494 1.617781 0.008763
0.000373 0.008493 1.617781 0.008763
0.000368 0.008493 1.617781 0.008763
0.000364 0.008493 1.617781 0.008763
0.000360 0.008493 1.617781 0.008763
0.000356 0.008493 1.617781 0.008763
0.000352 0.008493 1.617781 0.008762
0.000348 0.008493 1.617781 0.008762
0.000344 0.008493 1.617781 0.008762
0.000341 0.008493 1.617780 0.008762
0.000337 0.008493 1.617780 0.008762
0.000333 0.008493 1.617780 0.008762
0.000330 0.008493 1.617780 0.008762
0.000326 0.008493 1.617780 0.008762
0.000323 0.008493 1.617780 0.008762
0.000319 0.008493 1.617780 0.008762
0.000316 0.008492 1.617780 0.008762
0.000313 0.008492 1.617780 0.008762
0.000310 0.008492 1.617779 0.008762
0.000306 0.008492 1.617779 0.008762
0.000303 0.008492 1.617779 0.008762
0.000300 0.008492 1.617779 0.008762
0.000297 0.008492 1.617779 0.008762
0.000294 0.008492 1.617779 0.008762
0.000291 0.008492 1.617778 0.008762
0.000288 0.008492 1.617778 0.008762
0.000285 0.008492 1.617778 0.008762
0.000282 0.008492 1.617778 0.008762
0.000279 0.008492 1.617778 0.008762
0.000276 0.008492 1.617778 0.008762
0.000273 0.008492 1.617777 0.008762
0.000271 0.008492 1.617777 0.008762
0.000268 0.008492 1.617777 0.008762
0.000265 0.008492 1.617777 0.008762
0.000262 0.008492 1.617777 0.008762
0.000260 0.008492 1.617777 0.008762
0.000257 0.008492 1.617776 0.008762
0.000254 0.008491 1.617776 0.008762
0.000252 0.008491 1.617776 0.008762
0.000249 0.008491 1.617776 0.008762
0.000246 0.008491 1.617776 0.008762
0.000244 0.008491 1.617775 0.008762
0.000241 0.008491 1.617775 0.008762
0.000239 0.008491 1.617775 0.008762
0.000236 0.008491 1.617775 0.008762
0.000234 0.008491 1.617775 0.008762
0.000231 0.008491 1.617774 0.008762
0.000229 0.008491 1.617774 0.008762
0.000226 0.008491 1.617774 0.008762
0.000224 0.008491 1.617774 0.008762
0.000221 0.008491 1.617774 0.008762
0.000219 0.008491 1.617774 0.008762
0.000217 0.008491 1.617773 0.008762
0.000214 0.008491 1.617773 0.008762
0.000212 0.008491 1.617773 0.008762
0.000210 0.008491 1.617773 0.008762
0.000207 0.008491 1.617773 0.008762
0.000205 0.008491 1.617772 0.008762
0.000203 0.008491 1.617772 0.008762
0.000201 0.008491 1.617772 0.008762
0.000199 0.008491 1.617772 0.008762
0.000196 0.008491 1.617772 0.008762
0.000194 0.008491 1.617771 0.008762
0.000192 0.008491 1.617771 0.008762
0.000190 0.008491 1.617771 0.008762
0.000188 0.008491 1.617771 0.008762
0.000186 0.008491 1.617771 0.008762
0.000184 0.008490 1.617771 0.008762
0.000182 0.008490 1.617770 0.008762
0.000180 0.008490 1.617770 0.008762
0.000178 0.008490 1.617770 0.008762
0.000176 0.008490 1.617770 0.008762
0.000175 0.008490 1.617770 0.008762
0.000173 0.008490 1.617770 0.008762
0.000171 0.008490 1.617769 0.008762
0.000170 0.008490 1.617769 0.008761
0.000168 0.008490 1.617769 0.008761
0.000166 0.008490 1.617769 0.008761
0.000165 0.008490 1.617769 0.008761
0.000163 0.008490 1.617769 0.008761
0.000161 0.008490 1.617768 0.008761
0.000160 0.008490 1.617768 0.008761
0.000158 0.008490 1.617768 0.008761
0.000156 0.008490 1.617768 0.008761
0.000155 0.008490 1.617768 0.008761
0.000153 0.008490 1.617768 0.008761
0.000152 0.008490 1.617767 0.008761
0.000150 0.008490 1.617767 0.008761
0.000149 0.008490 1.617767 0.008761
0.000147 0.008490 1.617767 0.008761
0.000146 0.008490 1.617767 0.008761
0.000144 0.008490 1.617767 0.008761
0.000143 0.008490 1.617767 0.008761
0.000141 0.008490 1.617766 0.008761
0.000140 0.008490 1.617766 0.008761
0.000138 0.008490 1.617766 0.008761
0.000137 0.008490 1.617766 0.008761
0.000136 0.008490 1.617766 0.008761
0.000134 0.008490 1.617766 0.008761
0.000133 0.008490 1.617766 0.008761
0.000132 0.008490 1.617765 0.008761
0.000130 0.008490 1.617765 0.008761
0.000129 0.008490 1.617765 0.008761
0.000128 0.008490 1.617765 0.008761
0.000127 0.008490 1.617765 0.008761
0.000125 0.008490 1.617765 0.008761
0.000124 0.008490 1.617765 0.008761
0.000123 0.008490 1.617765 0.008761
0.000122 0.008490 1.617764 0.008761
0.000120 0.008490 1.617764 0.008761
0.000119 0.008490 1.617764 0.008761
0.000118 0.008490 1.617764 0.008761
0.000117 0.008490 1.617764 0.008761
0.000116 0.008490 1.617764 0.008761
0.000115 0.008490 1.617764 0.008761
0.000113 0.008490 1.617764 0.008761
0.000112 0.008490 1.617764 0.008761
0.000111 0.008490 1.617763 0.008761
0.000110 0.008490 1.617763 0.008761
0.000109 0.008490 1.617763 0.008761
0.000108 0.008490 1.617763 0.008761
0.000107 0.008490 1.617763 0.008761
0.000106 0.008490 1.617763 0.008761
0.000105 0.008490 1.617763 0.008761
0.000104 0.008489 1.617763 0.008761
0.000103 0.008489 1.617763 0.008761
0.000102 0.008489 1.617762 0.008761
0.000101 0.008489 1.617762 0.008761
0.000100 0.008489 1.617762 0.008761
0.000099 0.008489 1.617762 0.008761
0.000098 0.008489 1.617762 0.008761
0.000097 0.008489 1.617762 0.008761
0.000096 0.008489 1.617762 0.008761
0.000095 0.008489 1.617762 0.008761
0.000094 0.008489 1.617762 0.008761
0.000094 0.008489 1.617762 0.008761
0.000093 0.008489 1.617761 0.008761
0.000092 0.008489 1.617761 0.008761
0.000091 0.008489 1.617761 0.008761
0.000090 0.008489 1.617761 0.008761
0.000089 0.008489 1.617761 0.008761
0.000088 0.008489 1.617761 0.008761
0.000088 0.008489 1.617761 0.008761
0.000087 0.008489 1.617761 0.008761
0.000086 0.008489 1.617761 0.008761
0.000085 0.008489 1.617761 0.008761
0.000084 0.008489 1.617760 0.008761
0.000084 0.008489 1.617760 0.008761
0.000083 0.008489 1.617760 0.008761
0.000082 0.008489 1.617760 0.008761
0.000081 0.008489 1.617760 0.008761
0.000081 0.008489 1.617760 0.008761
0.000080 0.008489 1.617760 0.008761
0.000079 0.008489 1.617760 0.008761
0.000078 0.008489 1.617760 0.008761
0.000078 0.008489 1.617760 0.008761
0.000077 0.008489 1.617760 0.008761
0.000076 0.008489 1.617760 0.008761
0.000076 0.008489 1.617759 0.008761
0.000075 0.008489 1.617759 0.008761
0.000074 0.008489 1.617759 0.008761
0.000074 0.008489 1.617759 0.008761
0.000073 0.008489 1.617759 0.008761
0.000072 0.008489 1.617759 0.008761
0.000072 0.008489 1.617759 0.008761
0.000071 0.008489 1.617759 0.008761
0.000070 0.008489 1.617759 0.008761
0.000070 0.008489 1.617759 0.008761
0.000069 0.008489 1.617759 0.008761
0.000068 0.008489 1.617759 0.008761
0.000068 0.008489 1.617759 0.008761
0.000067 0.008489 1.617759 0.008761
0.000067 0.008489 1.617758 0.008761
0.000066 0.008489 1.617758 0.008761
0.000065 0.008489 1.617758 0.008761
0.000065 0.008489 1.617758 0.008761
0.000064 0.008489 1.617758 0.008761
0.000064 0.008489 1.617758 0.008761
0.000063 0.008489 1.617758 0.008761
0.000062 0.008489 1.617758 0.008761
0.000062 0.008489 1.617758 0.008761
0.000061 0.008489 1.617758 0.008761
0.000061 0.008489 1.617758 0.008761
0.000060 0.008489 1.617758 0.008761
0.000060 0.008489 1.617758 0.008761
0.000059 0.008489 1.617758 0.008761
0.000059 0.008489 1.617758 0.008761
0.000058 0.008489 1.617757 0.008761
0.000058 0.008489 1.617757 0.008761
0.000057 0.008489 1.617757 0.008761
0.000056 0.008489 1.617757 0.008761
0.000056 0.008489 1.617757 0.008761
0.000055 0.008489 1.617757 0.008761
0.000055 0.008489 1.617757 0.008761
0.000054 0.008489 1.617757 0.008761
0.000054 0.008489 1.617757 0.008761
0.000053 0.008489 1.617757 0.008761
0.000053 0.008489 1.617757 0.008761
0.000053 0.008489 1.617757 0.008761
0.000052 0.008489 1.617757 0.008761
0.000052 0.008489 1.617757 0.008761
0.000051 0.008489 1.617757 0.008761
0.000051 0.008489 1.617757 0.008761
0.000050 0.008489 1.617757 0.008761
0.000050 0.008489 1.617756 0.008761
0.000049 0.008489 1.617756 0.008761
0.000049 0.008489 1.617756 0.008761
0.000048 0.008489 1.617756 0.008761
0.000048 0.008489 1.617756 0.008761
0.000048 0.008489 1.617756 0.008761
0.000047 0.008489 1.617756 0.008761
0.000047 0.008489 1.617756 0.008761
0.000046 0.008489 1.617756 0.008761
0.000046 0.008489 1.617756 0.008761
0.000045 0.008489 1.617756 0.008761
0.000045 0.008489 1.617756 0.008761
0.000045 0.008489 1.617756 0.008761
0.000044 0.008489 1.617756 0.008761
0.000044 0.008489 1.617756 0.008761
0.000043 0.008489 1.617756 0.008761
0.000043 0.008489 1.617756 0.008761
0.000043 0.008489 1.617756 0.008761
0.000042 0.008489 1.617756 0.008761
0.000042 0.008489 1.617756 0.008761
0.000042 0.008489 1.617756 0.008761
0.000041 0.008489 1.617755 0.008761
0.000041 0.008489 1.617755 0.008761
0.000040 0.008489 1.617755 0.008761
0.000040 0.008489 1.617755 0.008761
0.000040 0.008489 1.617755 0.008761
0.000039 0.008489 1.617755 0.008761
0.000039 0.008489 1.617755 0.008761
0.000039 0.008489 1.617755 0.008761
0.000038 0.008489 1.617755 0.008761
0.000038 0.008489 1.617755 0.008761
0.000038 0.008489 1.617755 0.008761
0.000037 0.008489 1.617755 0.008761
0.000037 0.008489 1.617755 0.008761
0.000037 0.008489 1.617755 0.008761
0.000036 0.008489 1.617755 0.008761
0.000036 0.008489 1.617755 0.008761
0.000036 0.008489 1.617755 0.008761
0.000035 0.008489 1.617755 0.008761
0.000035 0.008489 1.617755 0.008761
0.000035 0.008489 1.617755 0.008761
0.000034 0.008489 1.617755 0.008761
0.000034 0.008489 1.617755 0.008761
0.000034 0.008489 1.617755 0.008761
0.000033 0.008489 1.617755 0.008761
0.000033 0.008489 1.617755 0.008761
0.000033 0.008489 1.617754 0.008761
0.000033 0.008489 1.617754 0.008761
0.000032 0.008489 1.617754 0.008761
0.000032 0.008489 1.617754 0.008761
0.000032 0.008489 1.617754 0.008761
0.000031 0.008489 1.617754 0.008761
0.000031 0.008489 1.617754 0.008761
0.000031 0.008489 1.617754 0.008761
0.000031 0.008489 1.617754 0.008761
0.000030 0.008489 1.617754 0.008761
0.000030 0.008489 1.617754 0.008761
0.000030 0.008489 1.617754 0.008761
0.000030 0.008489 1.617754 0.008761
0.000029 0.008489 1.617754 0.008761
0.000029 0.008489 1.617754 0.008761
0.000029 0.008489 1.617754 0.008761
0.000028 0.008489 1.617754 0.008761
0.000028 0.008489 1.617754 0.008761
0.000028 0.008489 1.617754 0.008761
0.000028 0.008489 1.617754 0.008761
0.000027 0.008489 1.617754 0.008761
0.000027 0.008489 1.617754 0.008761
0.000027 0.008489 1.617754 0.008761
0.000027 0.008489 1.617754 0.008761
0.000027 0.008489 1.617754 0.008761
0.000026 0.008489 1.617754 0.008761
0.000026 0.008489 1.617754 0.008761
0.000026 0.008489 1.617754 0.008761
0.000026 0.008489 1.617754 0.008761
0.000025 0.008489 1.617754 0.008761
0.000025 0.008489 1.617754 0.008761
0.000025 0.008489 1.617754 0.008761
0.000025 0.008489 1.617754 0.008761
0.000024 0.008489 1.617753 0.008761
0.000024 0.008489 1.617753 0.008761
0.000024 0.008489 1.617753 0.008761
0.000024 0.008489 1.617753 0.008761
0.000024 0.008489 1.617753 0.008761
0.000023 0.008489 1.617753 0.008761
0.000023 0.008489 1.617753 0.008761
0.000023 0.008489 1.617753 0.008761
0.000023 0.008489 1.617753 0.008761
0.000023 0.008489 1.617753 0.008761
0.000022 0.008489 1.617753 0.008761
0.000022 0.008489 1.617753 0.008761
0.000022 0.008489 1.617753 0.008761
0.000022 0.008489 1.617753 0.008761
0.000022 0.008489 1.617753 0.008761
0.000021 0.008489 1.617753 0.008761
0.000021 0.008489 1.617753 0.008761
0.000021 0.008489 1.617753 0.008761
0.000021 0.008489 1.617753 0.008761
0.000021 0.008489 1.617753 0.008761
0.000020 0.008489 1.617753 0.008761
0.000020 0.008489 1.617753 0.008761
0.000020 0.008489 1.617753 0.008761
0.000020 0.008489 1.617753 0.008761
0.000020 0.008489 1.617753 0.008761
0.000020 0.008489 1.617753 0.008761
0.000019 0.008489 1.617753 0.008761
0.000019 0.008489 1.617753 0.008761
0.000019 0.008489 1.617753 0.008761
0.000019 0.008489 1.617753 0.008761
0.000019 0.008489 1.617753 0.008761
0.000019 0.008489 1.617753 0.008761
0.000018 0.008489 1.617753 0.008761
0.000018 0.008489 1.617753 0.008761
0.000018 0.008489 1.617753 0.008761
0.000018 0.008489 1.617753 0.008761
0.000018 0.008489 1.617753 0.008761
0.000018 0.008489 1.617753 0.008761
0.000017 0.008489 1.617753 0.008761
0.000017 0.008489 1.617753 0.008761
0.000017 0.008489 1.617753 0.008761
0.000017 0.008489 1.617753 0.008761
0.000017 0.008489 1.617753 0.008761
0.000017 0.008489 1.617753 0.008761
0.000017 0.008489 1.617753 0.008761
0.000016 0.008489 1.617753 0.008761
0.000016 0.008489 1.617753 0.008761
0.000016 0.008489 1.617752 0.008761
0.000016 0.008489 1.617752 0.008761
0.000016 0.008489 1.617752 0.008761
0.000016 0.008489 1.617752 0.008761
0.000016 0.008489 1.617752 0.008761
0.000015 0.008489 1.617752 0.008761
0.000015 0.008489 1.617752 0.008761
0.000015 0.008489 1.617752 0.008761
0.000015 0.008489 1.617752 0.008761
0.000015 0.008489 1.617752 0.008761
0.000015 0.008489 1.617752 0.008761
0.000015 0.008489 1.617752 0.008761
0.000014 0.008489 1.617752 0.008761
0.000014 0.008489 1.617752 0.008761
0.000014 0.008489 1.617752 0.008761
0.000014 0.008489 1.617752 0.008761
0.000014 0.008489 1.617752 0.008761
0.000014 0.008489 1.617752 0.008761
0.000014 0.008489 1.617752 0.008761
0.000014 0.008489 1.617752 0.008761
0.000013 0.008489 1.617752 0.008761
0.000013 0.008489 1.617752 0.008761
0.000013 0.008489 1.617752 0.008761
0.000013 0.008489 1.617752 0.008761
0.000013 0.008489 1.617752 0.008761
0.000013 0.008489 1.617752 0.008761
0.000013 0.008489 1.617752 0.008761
0.000013 0.008489 1.617752 0.008761
0.000013 0.008489 1.617752 0.008761
0.000012 0.008489 1.617752 0.008761
0.000012 0.008489 1.617752 0.008761
0.000012 0.008489 1.617752 0.008761
0.000012 0.008489 1.617752 0.008761
0.000012 0.008489 1.617752 0.008761
0.000012 0.008489 1.617752 0.008761
0.000012 0.008489 1.617752 0.008761
0.000012 0.008489 1.617752 0.008761
0.000012 0.008489 1.617752 0.008761
0.000011 0.008489 1.617752 0.008761
0.000011 0.008489 1.617752 0.008761
0.000011 0.008489 1.617752 0.008761
0.000011 0.008489 1.617752 0.008761
0.000011 0.008489 1.617752 0.008761
0.000011 0.008489 1.617752 0.008761
0.000011 0.008489 1.617752 0.008761
0.000011 0.008489 1.617752 0.008761
0.000011 0.008489 1.617752 0.008761
0.000011 0.008489 1.617752 0.008761
0.000010 0.008489 1.617752 0.008761
0.000010 0.008489 1.617752 0.008761
0.000010 0.008489 1.617752 0.008761
0.000010 0.008489 1.617752 0.008761
0.000010 0.008489 1.617752 0.008761
0.000010 0.008489 1.617752 0.008761
0.000010 0.008489 1.617752 0.008761
