0.617233 0.102529 1.579985 0.054970
0.442375 0.103111 1.580442 0.054823
0.318276 0.103336 1.580405 0.054839
0.247136 0.103340 1.580092 0.054807
0.208397 0.103317 1.579756 0.054801
0.180882 0.103190 1.579059 0.054736
0.160715 0.102967 1.577983 0.054618
0.146431 0.102737 1.576702 0.054496
0.135930 0.102511 1.575342 0.054374
0.127651 0.102332 1.574077 0.054279
0.120909 0.102261 1.573093 0.054253
0.115239 0.102335 1.572551 0.054321
0.110284 0.102569 1.572621 0.054497
0.105836 0.102960 1.573474 0.054777
0.101766 0.103484 1.575254 0.055143
0.097967 0.104099 1.578064 0.055566
0.094439 0.104754 1.581943 0.056011
0.091153 0.105395 1.586867 0.056441
0.088115 0.105972 1.592737 0.056825
0.085325 0.106439 1.599385 0.057131
0.082756 0.106763 1.606587 0.057339
0.080362 0.106923 1.614084 0.057435
0.078093 0.106912 1.621606 0.057414
0.075894 0.106740 1.628889 0.057284
0.073756 0.106424 1.635701 0.057057
0.071681 0.105994 1.641846 0.056753
0.069674 0.105481 1.647174 0.056397
0.067747 0.104922 1.651583 0.056012
0.065923 0.104351 1.655015 0.055624
0.064229 0.103801 1.657451 0.055255
0.062691 0.103301 1.658909 0.054924
0.061319 0.102875 1.659434 0.054647
0.060121 0.102539 1.659095 0.054435
0.059066 0.102302 1.657977 0.054293
0.058115 0.102168 1.656176 0.054223
0.057248 0.102132 1.653795 0.054223
0.056435 0.102187 1.650939 0.054286
0.055655 0.102320 1.647713 0.054402
0.054892 0.102516 1.644216 0.054562
0.054141 0.102758 1.640543 0.054755
0.053403 0.103031 1.636776 0.054967
0.052657 0.103318 1.632991 0.055190
0.051893 0.103606 1.629251 0.055413
0.051109 0.103882 1.625607 0.055628
0.050302 0.104136 1.622102 0.055827
0.049493 0.104361 1.618767 0.056006
0.048687 0.104551 1.615623 0.056161
0.047889 0.104703 1.612684 0.056288
0.047103 0.104814 1.609959 0.056388
0.046332 0.104884 1.607448 0.056459
0.045577 0.104914 1.605148 0.056501
0.044837 0.104905 1.603055 0.056517
0.044111 0.104862 1.601156 0.056508
0.043396 0.104785 1.599441 0.056477
0.042690 0.104681 1.597896 0.056425
0.041992 0.104552 1.596506 0.056356
0.041298 0.104404 1.595256 0.056272
0.040606 0.104240 1.594130 0.056178
0.039919 0.104064 1.593113 0.056075
0.039233 0.103882 1.592191 0.055966
0.038550 0.103696 1.591351 0.055855
0.037870 0.103510 1.590580 0.055743
0.037194 0.103329 1.589868 0.055633
0.036524 0.103153 1.589205 0.055527
0.035863 0.102987 1.588584 0.055426
0.035214 0.102831 1.587998 0.055332
0.034581 0.102688 1.587443 0.055246
0.033968 0.102558 1.586914 0.055168
0.033375 0.102443 1.586411 0.055100
0.032807 0.102341 1.585930 0.055041
0.032264 0.102254 1.585471 0.054990
0.031746 0.102180 1.585033 0.054948
0.031255 0.102118 1.584617 0.054915
0.030788 0.102067 1.584223 0.054888
0.030343 0.102026 1.583852 0.054868
0.029919 0.101993 1.583505 0.054853
0.029512 0.101967 1.583184 0.054842
0.029119 0.101946 1.582890 0.054835
0.028734 0.101929 1.582625 0.054829
0.028355 0.101914 1.582391 0.054826
0.027979 0.101899 1.582188 0.054822
0.027602 0.101885 1.582016 0.054819
0.027224 0.101870 1.581877 0.054815
0.026842 0.101853 1.581769 0.054809
0.026456 0.101833 1.581691 0.054802
0.026068 0.101811 1.581644 0.054793
0.025677 0.101786 1.581625 0.054781
0.025284 0.101758 1.581632 0.054768
0.024892 0.101728 1.581664 0.054752
0.024502 0.101694 1.581718 0.054734
0.024116 0.101658 1.581792 0.054714
0.023735 0.101620 1.581884 0.054693
0.023361 0.101581 1.581992 0.054670
0.022995 0.101540 1.582113 0.054646
0.022639 0.101499 1.582246 0.054620
0.022293 0.101457 1.582388 0.054595
0.021958 0.101416 1.582538 0.054568
0.021635 0.101375 1.582693 0.054542
0.021326 0.101335 1.582853 0.054516
0.021030 0.101297 1.583015 0.054491
0.020746 0.101260 1.583180 0.054466
0.020476 0.101225 1.583345 0.054442
0.020218 0.101192 1.583511 0.054419
0.019973 0.101161 1.583675 0.054397
0.019741 0.101133 1.583839 0.054376
0.019522 0.101107 1.584001 0.054357
0.019315 0.101083 1.584160 0.054338
0.019121 0.101062 1.584317 0.054322
0.018939 0.101043 1.584471 0.054306
0.018770 0.101027 1.584623 0.054292
0.018609 0.101012 1.584771 0.054280
0.018456 0.101000 1.584916 0.054268
0.018310 0.100990 1.585058 0.054258
0.018170 0.100982 1.585197 0.054250
0.018034 0.100976 1.585333 0.054242
0.017901 0.100971 1.585465 0.054235
0.017769 0.100968 1.585594 0.054230
0.017638 0.100967 1.585719 0.054225
0.017510 0.100967 1.585842 0.054222
0.017381 0.100968 1.585961 0.054219
0.017249 0.100970 1.586077 0.054217
0.017115 0.100973 1.586190 0.054216
0.016978 0.100977 1.586299 0.054215
0.016838 0.100982 1.586406 0.054215
0.016694 0.100987 1.586509 0.054216
0.016546 0.100993 1.586609 0.054217
0.016394 0.101000 1.586706 0.054219
0.016239 0.101008 1.586800 0.054221
0.016081 0.101016 1.586891 0.054224
0.015924 0.101024 1.586979 0.054227
0.015764 0.101033 1.587063 0.054230
0.015601 0.101043 1.587145 0.054234
0.015434 0.101052 1.587224 0.054238
0.015263 0.101062 1.587300 0.054243
0.015088 0.101072 1.587373 0.054248
0.014909 0.101082 1.587443 0.054253
0.014727 0.101093 1.587510 0.054258
0.014542 0.101104 1.587575 0.054264
0.014353 0.101114 1.587637 0.054269
0.014162 0.101125 1.587696 0.054275
0.013967 0.101136 1.587753 0.054282
0.013771 0.101147 1.587808 0.054288
0.013572 0.101158 1.587860 0.054294
0.013372 0.101169 1.587910 0.054301
0.013170 0.101181 1.587958 0.054308
0.012968 0.101192 1.588005 0.054314
0.012765 0.101202 1.588049 0.054321
0.012562 0.101213 1.588092 0.054328
0.012360 0.101224 1.588133 0.054335
0.012159 0.101235 1.588172 0.054342
0.011960 0.101245 1.588210 0.054348
0.011764 0.101255 1.588247 0.054355
0.011571 0.101265 1.588282 0.054362
0.011383 0.101275 1.588316 0.054368
0.011199 0.101284 1.588350 0.054375
0.011021 0.101294 1.588382 0.054381
0.010849 0.101303 1.588413 0.054388
0.010684 0.101311 1.588443 0.054394
0.010526 0.101320 1.588472 0.054400
0.010376 0.101328 1.588501 0.054406
0.010234 0.101336 1.588529 0.054411
0.010101 0.101343 1.588556 0.054417
0.009975 0.101351 1.588583 0.054422
0.009858 0.101358 1.588608 0.054427
0.009748 0.101364 1.588634 0.054432
0.009646 0.101371 1.588659 0.054437
0.009552 0.101377 1.588683 0.054442
0.009464 0.101382 1.588707 0.054446
0.009382 0.101388 1.588731 0.054450
0.009305 0.101393 1.588754 0.054454
0.009233 0.101398 1.588777 0.054458
0.009165 0.101402 1.588799 0.054462
0.009101 0.101407 1.588821 0.054465
0.009040 0.101411 1.588843 0.054468
0.008981 0.101414 1.588865 0.054472
0.008923 0.101418 1.588886 0.054474
0.008867 0.101421 1.588906 0.054477
0.008812 0.101424 1.588926 0.054480
0.008757 0.101427 1.588946 0.054482
0.008702 0.101429 1.588966 0.054484
0.008647 0.101431 1.588984 0.054486
0.008592 0.101433 1.589003 0.054488
0.008534 0.101435 1.589021 0.054489
0.008475 0.101436 1.589038 0.054491
0.008417 0.101438 1.589056 0.054492
0.008358 0.101439 1.589072 0.054493
0.008299 0.101440 1.589089 0.054494
0.008239 0.101441 1.589105 0.054495
0.008177 0.101441 1.589121 0.054496
0.008115 0.101442 1.589137 0.054497
0.008052 0.101442 1.589152 0.054497
0.007988 0.101442 1.589167 0.054497
0.007923 0.101442 1.589182 0.054498
0.007858 0.101442 1.589197 0.054498
0.007792 0.101442 1.589211 0.054497
0.007726 0.101441 1.589226 0.054497
0.007660 0.101441 1.589240 0.054497
0.007594 0.101440 1.589254 0.054497
0.007527 0.101439 1.589267 0.054496
0.007461 0.101438 1.589280 0.054495
0.007396 0.101437 1.589292 0.054495
0.007331 0.101436 1.589304 0.054494
0.007267 0.101436 1.589314 0.054493
0.007204 0.101435 1.589323 0.054493
0.007143 0.101434 1.589331 0.054492
0.007082 0.101433 1.589339 0.054491
0.007023 0.101432 1.589345 0.054490
0.006966 0.101431 1.589351 0.054490
0.006910 0.101430 1.589356 0.054489
0.006856 0.101429 1.589360 0.054488
0.006804 0.101428 1.589364 0.054487
0.006754 0.101427 1.589368 0.054486
0.006705 0.101426 1.589372 0.054485
0.006658 0.101425 1.589376 0.054483
0.006614 0.101424 1.589379 0.054482
0.006571 0.101422 1.589383 0.054481
0.006529 0.101421 1.589387 0.054479
0.006490 0.101419 1.589391 0.054478
0.006452 0.101418 1.589395 0.054476
0.006415 0.101416 1.589398 0.054475
0.006380 0.101415 1.589402 0.054473
0.006347 0.101413 1.589404 0.054472
0.006314 0.101412 1.589407 0.054470
0.006283 0.101410 1.589409 0.054469
0.006253 0.101409 1.589411 0.054467
0.006223 0.101408 1.589413 0.054466
0.006195 0.101406 1.589414 0.054465
0.006167 0.101405 1.589416 0.054463
0.006139 0.101404 1.589418 0.054462
0.006112 0.101403 1.589420 0.054460
0.006086 0.101402 1.589422 0.054459
0.006060 0.101400 1.589424 0.054457
0.006034 0.101399 1.589427 0.054456
0.006009 0.101398 1.589429 0.054454
0.005984 0.101397 1.589432 0.054453
0.005960 0.101395 1.589435 0.054451
0.005936 0.101394 1.589439 0.054450
0.005912 0.101392 1.589442 0.054448
0.005888 0.101391 1.589445 0.054447
0.005865 0.101390 1.589449 0.054445
0.005843 0.101388 1.589453 0.054443
0.005820 0.101387 1.589456 0.054442
0.005799 0.101385 1.589460 0.054440
0.005777 0.101384 1.589464 0.054438
0.005756 0.101382 1.589467 0.054437
0.005736 0.101381 1.589471 0.054435
0.005716 0.101379 1.589474 0.054434
0.005697 0.101378 1.589478 0.054432
0.005678 0.101376 1.589481 0.054430
0.005660 0.101375 1.589485 0.054429
0.005643 0.101374 1.589488 0.054427
0.005626 0.101373 1.589492 0.054426
0.005611 0.101371 1.589495 0.054424
0.005595 0.101370 1.589498 0.054423
0.005581 0.101369 1.589502 0.054422
0.005567 0.101368 1.589505 0.054420
0.005554 0.101367 1.589508 0.054419
0.005542 0.101366 1.589511 0.054418
0.005530 0.101365 1.589514 0.054417
0.005519 0.101364 1.589517 0.054415
0.005508 0.101363 1.589520 0.054414
0.005498 0.101363 1.589523 0.054413
0.005488 0.101362 1.589526 0.054412
0.005478 0.101361 1.589529 0.054411
0.005468 0.101361 1.589532 0.054410
0.005458 0.101360 1.589535 0.054409
0.005447 0.101359 1.589538 0.054409
0.005437 0.101359 1.589541 0.054408
0.005426 0.101358 1.589544 0.054407
0.005414 0.101358 1.589547 0.054406
0.005402 0.101357 1.589549 0.054405
0.005389 0.101357 1.589552 0.054405
0.005375 0.101357 1.589555 0.054404
0.005359 0.101356 1.589558 0.054403
0.005343 0.101356 1.589561 0.054403
0.005326 0.101356 1.589564 0.054402
0.005307 0.101356 1.589566 0.054402
0.005287 0.101355 1.589569 0.054401
0.005266 0.101355 1.589572 0.054401
0.005244 0.101355 1.589574 0.054400
0.005220 0.101355 1.589577 0.054400
0.005195 0.101355 1.589580 0.054400
0.005169 0.101355 1.589582 0.054399
0.005141 0.101355 1.589585 0.054399
0.005113 0.101355 1.589587 0.054399
0.005083 0.101355 1.589590 0.054398
0.005052 0.101355 1.589592 0.054398
0.005020 0.101355 1.589595 0.054398
0.004987 0.101355 1.589597 0.054398
0.004953 0.101355 1.589600 0.054398
0.004919 0.101355 1.589602 0.054397
0.004883 0.101355 1.589605 0.054397
0.004848 0.101356 1.589607 0.054397
0.004811 0.101356 1.589609 0.054397
0.004775 0.101356 1.589612 0.054397
0.004738 0.101356 1.589614 0.054397
0.004700 0.101357 1.589616 0.054397
0.004663 0.101357 1.589619 0.054397
0.004625 0.101357 1.589621 0.054397
0.004588 0.101357 1.589624 0.054397
0.004550 0.101358 1.589626 0.054397
0.004513 0.101358 1.589628 0.054398
0.004476 0.101358 1.589630 0.054398
0.004439 0.101359 1.589632 0.054398
0.004402 0.101359 1.589634 0.054398
0.004365 0.101359 1.589636 0.054398
0.004329 0.101360 1.589638 0.054398
0.004293 0.101360 1.589640 0.054398
0.004258 0.101361 1.589641 0.054399
0.004223 0.101361 1.589643 0.054399
0.004188 0.101361 1.589644 0.054399
0.004153 0.101362 1.589646 0.054399
0.004119 0.101362 1.589648 0.054399
0.004085 0.101363 1.589649 0.054400
0.004052 0.101363 1.589651 0.054400
0.004019 0.101363 1.589653 0.054400
0.003987 0.101364 1.589654 0.054400
0.003954 0.101364 1.589656 0.054401
0.003922 0.101365 1.589658 0.054401
0.003891 0.101365 1.589659 0.054401
0.003860 0.101365 1.589661 0.054401
0.003829 0.101366 1.589663 0.054401
0.003799 0.101366 1.589665 0.054402
0.003769 0.101366 1.589667 0.054402
0.003740 0.101367 1.589669 0.054402
0.003710 0.101367 1.589671 0.054402
0.003682 0.101367 1.589673 0.054403
0.003653 0.101368 1.589675 0.054403
0.003626 0.101368 1.589677 0.054403
0.003598 0.101368 1.589679 0.054403
0.003571 0.101369 1.589681 0.054403
0.003544 0.101369 1.589683 0.054404
0.003518 0.101369 1.589685 0.054404
0.003492 0.101369 1.589687 0.054404
0.003467 0.101370 1.589689 0.054404
0.003442 0.101370 1.589690 0.054405
0.003417 0.101370 1.589692 0.054405
0.003392 0.101371 1.589694 0.054405
0.003368 0.101371 1.589696 0.054405
0.003344 0.101371 1.589698 0.054406
0.003321 0.101372 1.589700 0.054406
0.003298 0.101372 1.589702 0.054406
0.003276 0.101372 1.589703 0.054406
0.003254 0.101373 1.589705 0.054406
0.003233 0.101373 1.589707 0.054407
0.003213 0.101373 1.589709 0.054407
0.003193 0.101374 1.589710 0.054407
0.003173 0.101374 1.589712 0.054407
0.003153 0.101374 1.589714 0.054408
0.003134 0.101374 1.589715 0.054408
0.003114 0.101375 1.589717 0.054408
0.003094 0.101375 1.589718 0.054408
0.003076 0.101375 1.589720 0.054408
0.003057 0.101376 1.589721 0.054409
0.003039 0.101376 1.589722 0.054409
0.003022 0.101376 1.589724 0.054409
0.003005 0.101376 1.589725 0.054409
0.002988 0.101377 1.589726 0.054409
0.002971 0.101377 1.589728 0.054410
0.002954 0.101377 1.589729 0.054410
0.002938 0.101377 1.589730 0.054410
0.002922 0.101378 1.589731 0.054410
0.002907 0.101378 1.589732 0.054410
0.002891 0.101378 1.589733 0.054410
0.002876 0.101378 1.589735 0.054411
0.002861 0.101379 1.589736 0.054411
0.002846 0.101379 1.589737 0.054411
0.002832 0.101379 1.589738 0.054411
0.002818 0.101379 1.589738 0.054411
0.002804 0.101380 1.589739 0.054411
0.002790 0.101380 1.589740 0.054412
0.002777 0.101380 1.589741 0.054412
0.002763 0.101380 1.589742 0.054412
0.002750 0.101380 1.589743 0.054412
0.002738 0.101381 1.589744 0.054412
0.002725 0.101381 1.589744 0.054412
0.002708 0.101381 1.589745 0.054412
0.002693 0.101381 1.589746 0.054412
0.002679 0.101381 1.589746 0.054413
0.002667 0.101382 1.589747 0.054413
0.002655 0.101382 1.589747 0.054413
0.002645 0.101382 1.589748 0.054413
0.002635 0.101382 1.589748 0.054413
0.002626 0.101382 1.589747 0.054413
0.002617 0.101383 1.589747 0.054413
0.002609 0.101383 1.589746 0.054414
0.002602 0.101383 1.589745 0.054414
0.002594 0.101384 1.589744 0.054414
0.002587 0.101384 1.589743 0.054414
0.002579 0.101385 1.589741 0.054414
0.002572 0.101385 1.589740 0.054415
0.002564 0.101385 1.589739 0.054415
0.002557 0.101386 1.589737 0.054415
0.002550 0.101386 1.589736 0.054415
0.002543 0.101386 1.589735 0.054416
0.002536 0.101387 1.589734 0.054416
0.002530 0.101387 1.589733 0.054416
0.002524 0.101387 1.589733 0.054416
0.002518 0.101388 1.589732 0.054416
0.002513 0.101388 1.589732 0.054416
0.002507 0.101388 1.589731 0.054416
0.002502 0.101388 1.589731 0.054416
0.002496 0.101388 1.589730 0.054416
0.002491 0.101388 1.589730 0.054416
0.002486 0.101388 1.589729 0.054416
0.002480 0.101388 1.589728 0.054416
0.002475 0.101388 1.589727 0.054416
0.002469 0.101389 1.589727 0.054416
0.002463 0.101389 1.589726 0.054416
0.002458 0.101389 1.589725 0.054416
0.002452 0.101389 1.589724 0.054416
0.002446 0.101389 1.589723 0.054417
0.002440 0.101389 1.589723 0.054417
0.002434 0.101390 1.589722 0.054417
0.002428 0.101390 1.589722 0.054417
0.002422 0.101390 1.589721 0.054417
0.002417 0.101390 1.589721 0.054417
0.002411 0.101390 1.589720 0.054417
0.002405 0.101390 1.589720 0.054417
0.002399 0.101391 1.589720 0.054417
0.002393 0.101391 1.589720 0.054417
0.002387 0.101391 1.589720 0.054417
0.002382 0.101391 1.589720 0.054417
0.002376 0.101391 1.589721 0.054417
0.002370 0.101391 1.589721 0.054417
0.002365 0.101391 1.589721 0.054417
0.002360 0.101392 1.589722 0.054417
0.002355 0.101392 1.589722 0.054417
0.002350 0.101392 1.589722 0.054417
0.002345 0.101392 1.589723 0.054417
0.002341 0.101392 1.589723 0.054417
0.002337 0.101392 1.589724 0.054417
0.002333 0.101392 1.589724 0.054417
0.002329 0.101392 1.589724 0.054417
0.002325 0.101393 1.589725 0.054418
0.002322 0.101393 1.589725 0.054418
0.002319 0.101393 1.589726 0.054418
0.002316 0.101393 1.589726 0.054418
0.002313 0.101393 1.589726 0.054418
0.002311 0.101393 1.589727 0.054418
0.002309 0.101393 1.589727 0.054418
0.002307 0.101394 1.589727 0.054418
0.002306 0.101394 1.589728 0.054418
0.002304 0.101394 1.589728 0.054418
0.002303 0.101394 1.589728 0.054418
0.002302 0.101394 1.589728 0.054418
0.002301 0.101394 1.589729 0.054418
0.002300 0.101395 1.589729 0.054418
0.002300 0.101395 1.589729 0.054418
0.002299 0.101395 1.589729 0.054418
0.002299 0.101395 1.589730 0.054418
0.002299 0.101395 1.589730 0.054419
0.002299 0.101395 1.589730 0.054419
0.002299 0.101396 1.589730 0.054419
0.002299 0.101396 1.589730 0.054419
0.002299 0.101396 1.589731 0.054419
0.002299 0.101396 1.589731 0.054419
0.002299 0.101396 1.589731 0.054419
0.002299 0.101397 1.589731 0.054419
0.002299 0.101397 1.589731 0.054419
0.002300 0.101397 1.589731 0.054419
0.002300 0.101397 1.589731 0.054419
0.002300 0.101397 1.589731 0.054420
0.002300 0.101398 1.589732 0.054420
0.002301 0.101398 1.589732 0.054420
0.002301 0.101398 1.589732 0.054420
0.002301 0.101398 1.589732 0.054420
0.002301 0.101398 1.589732 0.054420
0.002302 0.101399 1.589732 0.054420
0.002302 0.101399 1.589732 0.054420
0.002302 0.101399 1.589732 0.054420
0.002302 0.101399 1.589732 0.054420
0.002302 0.101400 1.589732 0.054421
0.002302 0.101400 1.589732 0.054421
0.002303 0.101400 1.589732 0.054421
0.002303 0.101400 1.589732 0.054421
0.002303 0.101400 1.589732 0.054421
0.002303 0.101401 1.589733 0.054421
0.002304 0.101401 1.589733 0.054421
0.002304 0.101401 1.589733 0.054421
0.002305 0.101401 1.589733 0.054421
0.002305 0.101402 1.589733 0.054422
0.002305 0.101402 1.589733 0.054422
0.002306 0.101402 1.589733 0.054422
0.002306 0.101402 1.589733 0.054422
0.002306 0.101402 1.589733 0.054422
0.002306 0.101403 1.589733 0.054422
0.002306 0.101403 1.589733 0.054422
0.002306 0.101403 1.589733 0.054422
0.002306 0.101403 1.589733 0.054422
0.002306 0.101403 1.589733 0.054423
0.002306 0.101403 1.589733 0.054423
0.002306 0.101404 1.589733 0.054423
0.002306 0.101404 1.589733 0.054423
0.002306 0.101404 1.589733 0.054423
0.002305 0.101404 1.589733 0.054423
0.002305 0.101404 1.589732 0.054423
0.002304 0.101404 1.589732 0.054423
0.002304 0.101404 1.589732 0.054423
0.002303 0.101405 1.589732 0.054423
0.002303 0.101405 1.589732 0.054423
0.002302 0.101405 1.589732 0.054423
0.002301 0.101405 1.589732 0.054423
0.002300 0.101405 1.589732 0.054423
0.002299 0.101405 1.589732 0.054424
0.002298 0.101405 1.589731 0.054424
0.002297 0.101405 1.589731 0.054424
0.002295 0.101406 1.589731 0.054424
0.002294 0.101406 1.589731 0.054424
0.002292 0.101406 1.589731 0.054424
0.002291 0.101406 1.589731 0.054424
0.002289 0.101406 1.589731 0.054424
0.002288 0.101406 1.589731 0.054424
0.002286 0.101406 1.589731 0.054424
0.002284 0.101406 1.589731 0.054424
0.002282 0.101407 1.589731 0.054424
0.002280 0.101407 1.589731 0.054424
0.002278 0.101407 1.589731 0.054424
0.002276 0.101407 1.589731 0.054425
0.002273 0.101407 1.589730 0.054425
0.002271 0.101407 1.589730 0.054425
0.002269 0.101407 1.589730 0.054425
0.002266 0.101408 1.589730 0.054425
0.002264 0.101408 1.589730 0.054425
0.002262 0.101408 1.589730 0.054425
0.002259 0.101408 1.589730 0.054425
0.002257 0.101408 1.589730 0.054425
0.002254 0.101408 1.589730 0.054425
0.002252 0.101408 1.589730 0.054425
0.002249 0.101408 1.589730 0.054425
0.002246 0.101409 1.589730 0.054425
0.002244 0.101409 1.589730 0.054426
0.002241 0.101409 1.589730 0.054426
0.002239 0.101409 1.589730 0.054426
0.002236 0.101409 1.589730 0.054426
0.002234 0.101409 1.589730 0.054426
0.002231 0.101409 1.589730 0.054426
0.002229 0.101409 1.589730 0.054426
0.002227 0.101410 1.589730 0.054426
0.002224 0.101410 1.589729 0.054426
0.002222 0.101410 1.589729 0.054426
0.002219 0.101410 1.589729 0.054426
0.002217 0.101410 1.589729 0.054426
0.002215 0.101410 1.589728 0.054426
0.002213 0.101411 1.589728 0.054427
0.002211 0.101411 1.589728 0.054427
0.002208 0.101411 1.589728 0.054427
0.002206 0.101411 1.589727 0.054427
0.002204 0.101411 1.589727 0.054427
0.002203 0.101411 1.589727 0.054427
0.002201 0.101411 1.589727 0.054427
0.002199 0.101411 1.589726 0.054427
0.002197 0.101412 1.589726 0.054427
0.002195 0.101412 1.589726 0.054427
0.002194 0.101412 1.589726 0.054427
0.002192 0.101412 1.589726 0.054427
0.002191 0.101412 1.589726 0.054427
0.002189 0.101412 1.589726 0.054427
0.002187 0.101412 1.589726 0.054427
0.002185 0.101412 1.589726 0.054428
0.002184 0.101412 1.589726 0.054428
0.002182 0.101412 1.589725 0.054428
0.002181 0.101412 1.589725 0.054428
0.002179 0.101412 1.589725 0.054428
0.002178 0.101412 1.589725 0.054428
0.002177 0.101412 1.589725 0.054428
0.002175 0.101412 1.589725 0.054428
0.002174 0.101412 1.589725 0.054428
0.002173 0.101413 1.589725 0.054428
0.002173 0.101413 1.589725 0.054428
0.002172 0.101413 1.589725 0.054428
0.002172 0.101413 1.589725 0.054428
0.002171 0.101413 1.589725 0.054428
0.002171 0.101413 1.589725 0.054428
0.002171 0.101413 1.589725 0.054428
0.002171 0.101413 1.589725 0.054428
0.002171 0.101413 1.589725 0.054428
0.002172 0.101413 1.589725 0.054428
0.002172 0.101413 1.589725 0.054428
0.002172 0.101413 1.589725 0.054428
0.002173 0.101413 1.589725 0.054428
0.002174 0.101413 1.589725 0.054428
0.002175 0.101413 1.589725 0.054428
0.002176 0.101413 1.589724 0.054428
0.002177 0.101413 1.589724 0.054428
0.002178 0.101413 1.589724 0.054428
0.002180 0.101413 1.589724 0.054428
0.002181 0.101413 1.589724 0.054428
0.002183 0.101413 1.589724 0.054428
0.002184 0.101414 1.589724 0.054429
0.002185 0.101414 1.589724 0.054429
0.002187 0.101414 1.589724 0.054429
0.002188 0.101414 1.589724 0.054429
0.002189 0.101414 1.589724 0.054429
0.002190 0.101414 1.589724 0.054429
0.002192 0.101414 1.589724 0.054429
0.002193 0.101414 1.589724 0.054429
0.002195 0.101414 1.589724 0.054429
0.002196 0.101414 1.589724 0.054429
0.002198 0.101414 1.589724 0.054429
0.002200 0.101414 1.589724 0.054429
0.002202 0.101414 1.589724 0.054429
0.002204 0.101414 1.589723 0.054429
0.002206 0.101414 1.589723 0.054429
0.002208 0.101414 1.589723 0.054429
0.002210 0.101414 1.589723 0.054429
0.002212 0.101414 1.589723 0.054429
0.002214 0.101414 1.589723 0.054429
0.002216 0.101414 1.589723 0.054429
0.002218 0.101414 1.589723 0.054429
0.002220 0.101414 1.589723 0.054429
0.002222 0.101414 1.589723 0.054429
0.002224 0.101414 1.589723 0.054429
0.002226 0.101414 1.589723 0.054429
0.002228 0.101414 1.589723 0.054429
0.002230 0.101414 1.589723 0.054429
0.002232 0.101414 1.589723 0.054429
0.002234 0.101414 1.589722 0.054429
0.002235 0.101414 1.589722 0.054429
0.002237 0.101414 1.589722 0.054429
0.002239 0.101414 1.589722 0.054429
0.002241 0.101414 1.589722 0.054429
0.002242 0.101414 1.589722 0.054429
0.002244 0.101414 1.589722 0.054429
0.002245 0.101414 1.589722 0.054429
0.002247 0.101414 1.589722 0.054429
0.002248 0.101414 1.589722 0.054429
0.002250 0.101414 1.589722 0.054429
0.002251 0.101414 1.589722 0.054429
0.002252 0.101414 1.589722 0.054429
0.002254 0.101414 1.589721 0.054429
0.002255 0.101414 1.589721 0.054429
0.002255 0.101414 1.589721 0.054429
0.002256 0.101414 1.589721 0.054429
0.002257 0.101414 1.589721 0.054429
0.002258 0.101414 1.589721 0.054429
0.002258 0.101414 1.589721 0.054429
0.002259 0.101414 1.589721 0.054429
0.002260 0.101414 1.589721 0.054429
0.002261 0.101414 1.589720 0.054429
0.002261 0.101414 1.589720 0.054429
0.002262 0.101414 1.589720 0.054429
0.002262 0.101414 1.589720 0.054429
0.002263 0.101414 1.589720 0.054429
0.002263 0.101414 1.589720 0.054429
0.002264 0.101414 1.589720 0.054429
0.002264 0.101414 1.589720 0.054429
0.002265 0.101414 1.589719 0.054429
0.002265 0.101414 1.589719 0.054429
0.002265 0.101414 1.589719 0.054429
0.002265 0.101414 1.589719 0.054429
0.002265 0.101414 1.589719 0.054429
0.002265 0.101414 1.589719 0.054429
0.002265 0.101414 1.589719 0.054429
0.002265 0.101414 1.589719 0.054429
0.002264 0.101414 1.589719 0.054429
0.002264 0.101414 1.589718 0.054429
0.002263 0.101414 1.589718 0.054429
0.002263 0.101414 1.589718 0.054429
0.002262 0.101414 1.589718 0.054429
0.002261 0.101414 1.589718 0.054429
0.002260 0.101414 1.589718 0.054429
0.002260 0.101414 1.589718 0.054429
0.002259 0.101414 1.589718 0.054429
0.002257 0.101414 1.589718 0.054429
0.002256 0.101414 1.589718 0.054429
0.002255 0.101414 1.589718 0.054429
0.002254 0.101414 1.589717 0.054429
0.002252 0.101414 1.589717 0.054429
0.002250 0.101414 1.589717 0.054429
0.002249 0.101414 1.589717 0.054429
0.002247 0.101414 1.589717 0.054429
0.002245 0.101414 1.589717 0.054429
0.002243 0.101414 1.589717 0.054429
0.002241 0.101414 1.589717 0.054429
0.002239 0.101414 1.589717 0.054429
0.002237 0.101414 1.589717 0.054429
0.002234 0.101414 1.589717 0.054429
0.002232 0.101414 1.589717 0.054429
0.002229 0.101414 1.589717 0.054429
0.002226 0.101414 1.589717 0.054429
0.002223 0.101414 1.589717 0.054429
0.002221 0.101414 1.589716 0.054429
0.002218 0.101414 1.589716 0.054430
0.002214 0.101414 1.589716 0.054430
0.002211 0.101414 1.589716 0.054430
0.002208 0.101414 1.589716 0.054430
0.002204 0.101414 1.589716 0.054430
0.002201 0.101414 1.589716 0.054430
0.002197 0.101414 1.589716 0.054430
0.002194 0.101414 1.589716 0.054430
0.002190 0.101414 1.589716 0.054430
0.002186 0.101414 1.589716 0.054430
0.002182 0.101414 1.589716 0.054430
0.002178 0.101414 1.589716 0.054430
0.002173 0.101414 1.589716 0.054430
0.002169 0.101414 1.589715 0.054430
0.002164 0.101414 1.589715 0.054429
0.002160 0.101414 1.589715 0.054429
0.002155 0.101414 1.589715 0.054429
0.002150 0.101414 1.589715 0.054429
0.002145 0.101414 1.589715 0.054429
0.002140 0.101414 1.589715 0.054429
0.002135 0.101414 1.589715 0.054429
0.002130 0.101414 1.589715 0.054429
0.002124 0.101414 1.589714 0.054429
0.002119 0.101414 1.589714 0.054429
0.002113 0.101414 1.589714 0.054429
0.002108 0.101414 1.589714 0.054429
0.002102 0.101414 1.589714 0.054429
0.002096 0.101414 1.589714 0.054429
0.002090 0.101414 1.589714 0.054429
0.002084 0.101414 1.589714 0.054429
0.002078 0.101414 1.589714 0.054429
0.002072 0.101414 1.589714 0.054429
0.002065 0.101414 1.589713 0.054429
0.002059 0.101414 1.589713 0.054429
0.002052 0.101414 1.589713 0.054429
0.002045 0.101414 1.589713 0.054429
0.002039 0.101414 1.589713 0.054429
0.002032 0.101413 1.589713 0.054429
0.002025 0.101413 1.589713 0.054429
0.002018 0.101413 1.589713 0.054429
0.002011 0.101413 1.589713 0.054429
0.002004 0.101413 1.589713 0.054429
0.001996 0.101413 1.589713 0.054429
0.001989 0.101413 1.589712 0.054429
0.001982 0.101413 1.589712 0.054429
0.001974 0.101413 1.589712 0.054429
0.001966 0.101413 1.589712 0.054429
0.001959 0.101413 1.589712 0.054429
0.001951 0.101413 1.589712 0.054429
0.001943 0.101413 1.589712 0.054429
0.001935 0.101413 1.589712 0.054429
0.001927 0.101413 1.589712 0.054429
0.001919 0.101413 1.589712 0.054429
0.001911 0.101413 1.589712 0.054429
0.001903 0.101413 1.589712 0.054429
0.001894 0.101413 1.589712 0.054429
0.001886 0.101413 1.589711 0.054429
0.001877 0.101413 1.589711 0.054429
0.001869 0.101413 1.589711 0.054429
0.001860 0.101413 1.589711 0.054429
0.001852 0.101413 1.589711 0.054429
0.001843 0.101413 1.589711 0.054429
0.001834 0.101413 1.589711 0.054429
0.001825 0.101413 1.589711 0.054429
0.001816 0.101413 1.589711 0.054429
0.001807 0.101413 1.589711 0.054429
0.001798 0.101413 1.589711 0.054429
0.001789 0.101413 1.589711 0.054429
0.001780 0.101413 1.589711 0.054429
0.001771 0.101413 1.589711 0.054429
0.001762 0.101413 1.589711 0.054429
0.001753 0.101413 1.589710 0.054429
0.001743 0.101413 1.589710 0.054429
0.001734 0.101413 1.589710 0.054429
0.001725 0.101413 1.589710 0.054429
0.001715 0.101413 1.589710 0.054429
0.001706 0.101413 1.589710 0.054429
0.001696 0.101413 1.589710 0.054429
0.001686 0.101413 1.589710 0.054429
0.001677 0.101413 1.589710 0.054429
0.001667 0.101413 1.589710 0.054429
0.001657 0.101413 1.589710 0.054429
0.001648 0.101413 1.589710 0.054429
0.001638 0.101413 1.589710 0.054430
0.001628 0.101413 1.589710 0.054430
0.001618 0.101413 1.589710 0.054430
0.001608 0.101413 1.589710 0.054430
0.001598 0.101413 1.589710 0.054430
0.001588 0.101413 1.589710 0.054430
0.001578 0.101413 1.589709 0.054430
0.001568 0.101413 1.589709 0.054430
0.001558 0.101413 1.589709 0.054430
0.001548 0.101413 1.589709 0.054430
0.001538 0.101413 1.589709 0.054430
0.001528 0.101413 1.589709 0.054430
0.001518 0.101413 1.589709 0.054430
0.001508 0.101413 1.589709 0.054430
0.001498 0.101413 1.589709 0.054430
0.001488 0.101413 1.589709 0.054430
0.001477 0.101413 1.589709 0.054430
0.001467 0.101413 1.589709 0.054430
0.001457 0.101413 1.589709 0.054430
0.001447 0.101413 1.589709 0.054430
0.001437 0.101413 1.589709 0.054430
0.001426 0.101413 1.589709 0.054430
0.001416 0.101413 1.589709 0.054430
0.001406 0.101413 1.589709 0.054430
0.001396 0.101413 1.589708 0.054430
0.001386 0.101413 1.589708 0.054430
0.001375 0.101413 1.589708 0.054430
0.001365 0.101413 1.589708 0.054430
0.001355 0.101413 1.589708 0.054430
0.001345 0.101413 1.589708 0.054430
0.001334 0.101413 1.589708 0.054430
0.001324 0.101413 1.589708 0.054430
0.001314 0.101413 1.589708 0.054430
0.001304 0.101413 1.589708 0.054430
0.001294 0.101413 1.589708 0.054430
0.001284 0.101413 1.589708 0.054430
0.001273 0.101413 1.589708 0.054430
0.001263 0.101413 1.589708 0.054430
0.001253 0.101413 1.589708 0.054430
0.001243 0.101413 1.589708 0.054430
0.001233 0.101413 1.589708 0.054430
0.001223 0.101413 1.589708 0.054430
0.001213 0.101413 1.589707 0.054430
0.001203 0.101413 1.589707 0.054430
0.001193 0.101413 1.589707 0.054430
0.001183 0.101413 1.589707 0.054430
0.001173 0.101413 1.589707 0.054430
0.001163 0.101413 1.589707 0.054430
0.001153 0.101413 1.589707 0.054430
0.001144 0.101413 1.589707 0.054430
0.001134 0.101413 1.589707 0.054430
0.001124 0.101413 1.589707 0.054430
0.001114 0.101413 1.589707 0.054430
0.001105 0.101413 1.589707 0.054430
0.001095 0.101413 1.589707 0.054430
0.001085 0.101413 1.589707 0.054430
0.001076 0.101413 1.589707 0.054430
0.001066 0.101413 1.589707 0.054430
0.001057 0.101413 1.589707 0.054430
0.001047 0.101413 1.589707 0.054430
0.001038 0.101413 1.589706 0.054430
0.001028 0.101413 1.589706 0.054430
0.001019 0.101413 1.589706 0.054430
0.001010 0.101413 1.589706 0.054430
0.001000 0.101413 1.589706 0.054430
0.000991 0.101413 1.589706 0.054430
0.000982 0.101413 1.589706 0.054430
0.000973 0.101413 1.589706 0.054430
0.000964 0.101413 1.589706 0.054430
0.000955 0.101413 1.589706 0.054430
0.000946 0.101413 1.589706 0.054430
0.000937 0.101413 1.589706 0.054430
0.000928 0.101413 1.589706 0.054430
0.000919 0.101413 1.589706 0.054430
0.000910 0.101413 1.589706 0.054430
0.000902 0.101413 1.589706 0.054430
0.000893 0.101413 1.589706 0.054430
0.000884 0.101413 1.589706 0.054430
0.000876 0.101413 1.589705 0.054430
0.000867 0.101413 1.589705 0.054430
0.000859 0.101413 1.589705 0.054430
0.000851 0.101413 1.589705 0.054430
0.000842 0.101413 1.589705 0.054430
0.000834 0.101413 1.589705 0.054430
0.000826 0.101413 1.589705 0.054430
0.000818 0.101413 1.589705 0.054430
0.000810 0.101413 1.589705 0.054430
0.000802 0.101413 1.589705 0.054430
0.000794 0.101413 1.589705 0.054430
0.000786 0.101413 1.589705 0.054430
0.000778 0.101413 1.589705 0.054430
0.000770 0.101413 1.589705 0.054430
0.000762 0.101413 1.589705 0.054430
0.000755 0.101413 1.589705 0.054430
0.000747 0.101413 1.589705 0.054430
0.000740 0.101413 1.589705 0.054430
0.000732 0.101413 1.589704 0.054430
0.000725 0.101413 1.589704 0.054430
0.000718 0.101413 1.589704 0.054430
0.000711 0.101413 1.589704 0.054430
0.000704 0.101413 1.589704 0.054430
0.000697 0.101413 1.589704 0.054430
0.000690 0.101413 1.589704 0.054430
0.000683 0.101413 1.589704 0.054430
0.000676 0.101413 1.589704 0.054430
0.000669 0.101413 1.589704 0.054430
0.000662 0.101413 1.589704 0.054430
0.000656 0.101413 1.589704 0.054430
0.000649 0.101413 1.589704 0.054430
0.000643 0.101413 1.589704 0.054430
0.000637 0.101413 1.589704 0.054430
0.000630 0.101413 1.589704 0.054430
0.000624 0.101413 1.589704 0.054430
0.000618 0.101413 1.589704 0.054430
0.000612 0.101413 1.589704 0.054430
0.000606 0.101413 1.589703 0.054430
0.000600 0.101413 1.589703 0.054430
0.000594 0.101413 1.589703 0.054430
0.000589 0.101413 1.589703 0.054430
0.000583 0.101413 1.589703 0.054430
0.000577 0.101413 1.589703 0.054430
0.000572 0.101413 1.589703 0.054430
0.000566 0.101413 1.589703 0.054430
0.000561 0.101413 1.589703 0.054430
0.000556 0.101413 1.589703 0.054430
0.000551 0.101413 1.589703 0.054430
0.000546 0.101413 1.589703 0.054430
0.000541 0.101413 1.589703 0.054430
0.000536 0.101413 1.589703 0.054430
0.000531 0.101413 1.589703 0.054430
0.000526 0.101413 1.589703 0.054430
0.000522 0.101413 1.589703 0.054430
0.000517 0.101413 1.589703 0.054430
0.000513 0.101413 1.589703 0.054430
0.000508 0.101413 1.589702 0.054430
0.000504 0.101413 1.589702 0.054430
0.000500 0.101413 1.589702 0.054430
0.000495 0.101413 1.589702 0.054430
0.000491 0.101413 1.589702 0.054430
0.000487 0.101413 1.589702 0.054430
0.000484 0.101413 1.589702 0.054430
0.000480 0.101413 1.589702 0.054430
0.000476 0.101413 1.589702 0.054430
0.000472 0.101413 1.589702 0.054430
0.000469 0.101413 1.589702 0.054430
0.000465 0.101413 1.589702 0.054430
0.000462 0.101413 1.589702 0.054430
0.000459 0.101413 1.589702 0.054430
0.000455 0.101413 1.589702 0.054430
0.000452 0.101413 1.589702 0.054430
0.000449 0.101413 1.589702 0.054430
0.000446 0.101413 1.589702 0.054430
0.000443 0.101413 1.589702 0.054430
0.000440 0.101413 1.589702 0.054430
0.000437 0.101413 1.589701 0.054430
0.000435 0.101413 1.589701 0.054430
0.000432 0.101413 1.589701 0.054430
0.000429 0.101413 1.589701 0.054430
0.000427 0.101413 1.589701 0.054430
0.000424 0.101413 1.589701 0.054430
0.000422 0.101413 1.589701 0.054430
0.000420 0.101413 1.589701 0.054430
0.000418 0.101413 1.589701 0.054430
0.000415 0.101413 1.589701 0.054430
0.000413 0.101413 1.589701 0.054430
0.000411 0.101413 1.589701 0.054430
0.000409 0.101413 1.589701 0.054430
0.000408 0.101413 1.589701 0.054430
0.000406 0.101413 1.589701 0.054430
0.000404 0.101413 1.589701 0.054430
0.000402 0.101413 1.589701 0.054430
0.000401 0.101413 1.589701 0.054430
0.000399 0.101413 1.589701 0.054430
0.000397 0.101413 1.589701 0.054430
0.000396 0.101413 1.589701 0.054430
0.000395 0.101413 1.589700 0.054430
0.000393 0.101413 1.589700 0.054430
0.000392 0.101413 1.589700 0.054430
0.000391 0.101413 1.589700 0.054430
0.000389 0.101413 1.589700 0.054430
0.000388 0.101413 1.589700 0.054430
0.000387 0.101413 1.589700 0.054430
0.000386 0.101413 1.589700 0.054430
0.000385 0.101413 1.589700 0.054430
0.000384 0.101413 1.589700 0.054430
0.000383 0.101413 1.589700 0.054430
0.000382 0.101413 1.589700 0.054430
0.000382 0.101413 1.589700 0.054430
0.000381 0.101413 1.589700 0.054430
0.000380 0.101413 1.589700 0.054430
0.000379 0.101413 1.589700 0.054430
0.000379 0.101413 1.589700 0.054430
0.000378 0.101413 1.589700 0.054430
0.000377 0.101413 1.589700 0.054430
0.000377 0.101413 1.589700 0.054430
0.000376 0.101413 1.589700 0.054430
0.000376 0.101413 1.589700 0.054430
0.000375 0.101413 1.589700 0.054430
0.000375 0.101413 1.589699 0.054430
0.000374 0.101413 1.589699 0.054430
0.000374 0.101413 1.589699 0.054430
0.000374 0.101413 1.589699 0.054430
0.000373 0.101413 1.589699 0.054430
0.000373 0.101413 1.589699 0.054430
0.000373 0.101413 1.589699 0.054430
0.000372 0.101413 1.589699 0.054430
0.000372 0.101413 1.589699 0.054430
0.000372 0.101413 1.589699 0.054430
0.000372 0.101413 1.589699 0.054430
0.000371 0.101413 1.589699 0.054430
0.000371 0.101413 1.589699 0.054430
0.000371 0.101413 1.589699 0.054430
0.000371 0.101413 1.589699 0.054430
0.000371 0.101413 1.589699 0.054430
0.000371 0.101413 1.589699 0.054430
0.000370 0.101413 1.589699 0.054430
0.000370 0.101413 1.589699 0.054430
0.000370 0.101413 1.589699 0.054430
0.000370 0.101413 1.589699 0.054430
0.000370 0.101413 1.589699 0.054430
0.000370 0.101413 1.589699 0.054430
0.000370 0.101413 1.589698 0.054430
0.000370 0.101413 1.589698 0.054430
0.000370 0.101413 1.589698 0.054430
0.000370 0.101413 1.589698 0.054430
0.000370 0.101413 1.589698 0.054430
0.000370 0.101413 1.589698 0.054430
0.000370 0.101413 1.589698 0.054430
0.000370 0.101413 1.589698 0.054430
0.000370 0.101413 1.589698 0.054430
0.000370 0.101413 1.589698 0.054430
0.000370 0.101413 1.589698 0.054430
0.000370 0.101413 1.589698 0.054430
0.000369 0.101413 1.589698 0.054430
0.000369 0.101413 1.589698 0.054430
0.000369 0.101413 1.589698 0.054430
0.000369 0.101413 1.589698 0.054430
0.000369 0.101413 1.589698 0.054430
0.000369 0.101413 1.589698 0.054430
0.000369 0.101413 1.589698 0.054430
0.000369 0.101413 1.589698 0.054430
0.000369 0.101413 1.589698 0.054430
0.000369 0.101413 1.589698 0.054430
0.000369 0.101413 1.589698 0.054431
0.000369 0.101413 1.589698 0.054431
0.000369 0.101413 1.589697 0.054431
0.000369 0.101413 1.589697 0.054431
0.000369 0.101413 1.589697 0.054431
0.000369 0.101413 1.589697 0.054431
0.000369 0.101413 1.589697 0.054431
0.000369 0.101413 1.589697 0.054431
0.000369 0.101413 1.589697 0.054431
0.000369 0.101413 1.589697 0.054431
0.000369 0.101413 1.589697 0.054431
0.000369 0.101413 1.589697 0.054431
0.000369 0.101413 1.589697 0.054431
0.000369 0.101413 1.589697 0.054431
0.000369 0.101413 1.589697 0.054431
0.000369 0.101413 1.589697 0.054431
0.000369 0.101413 1.589697 0.054431
0.000369 0.101413 1.589697 0.054431
0.000368 0.101413 1.589697 0.054431
0.000368 0.101413 1.589697 0.054431
0.000368 0.101413 1.589697 0.054431
0.000368 0.101413 1.589697 0.054431
0.000368 0.101413 1.589697 0.054431
0.000368 0.101413 1.589697 0.054431
0.000368 0.101413 1.589697 0.054431
0.000368 0.101413 1.589697 0.054431
0.000368 0.101413 1.589697 0.054431
0.000367 0.101413 1.589697 0.054431
0.000367 0.101413 1.589696 0.054431
0.000367 0.101413 1.589696 0.054431
0.000367 0.101413 1.589696 0.054431
0.000367 0.101413 1.589696 0.054431
0.000367 0.101413 1.589696 0.054431
0.000366 0.101413 1.589696 0.054431
0.000366 0.101413 1.589696 0.054431
0.000366 0.101413 1.589696 0.054431
0.000366 0.101413 1.589696 0.054431
0.000366 0.101413 1.589696 0.054431
0.000365 0.101413 1.589696 0.054431
0.000365 0.101413 1.589696 0.054431
0.000365 0.101413 1.589696 0.054431
0.000365 0.101413 1.589696 0.054431
0.000364 0.101413 1.589696 0.054431
0.000364 0.101413 1.589696 0.054431
0.000364 0.101413 1.589696 0.054431
0.000364 0.101413 1.589696 0.054431
0.000363 0.101413 1.589696 0.054431
0.000363 0.101413 1.589696 0.054431
0.000363 0.101413 1.589696 0.054431
0.000363 0.101413 1.589696 0.054431
0.000362 0.101413 1.589696 0.054431
0.000362 0.101413 1.589696 0.054431
0.000362 0.101413 1.589696 0.054431
0.000361 0.101413 1.589696 0.054431
0.000361 0.101413 1.589696 0.054431
0.000361 0.101413 1.589695 0.054431
0.000360 0.101413 1.589695 0.054431
0.000360 0.101413 1.589695 0.054431
0.000360 0.101413 1.589695 0.054431
0.000359 0.101413 1.589695 0.054431
0.000359 0.101413 1.589695 0.054431
0.000359 0.101413 1.589695 0.054431
0.000358 0.101413 1.589695 0.054431
0.000358 0.101413 1.589695 0.054431
0.000358 0.101413 1.589695 0.054431
0.000357 0.101413 1.589695 0.054431
0.000357 0.101413 1.589695 0.054431
0.000356 0.101413 1.589695 0.054431
0.000356 0.101413 1.589695 0.054431
0.000356 0.101413 1.589695 0.054431
0.000355 0.101413 1.589695 0.054431
0.000355 0.101413 1.589695 0.054431
0.000354 0.101413 1.589695 0.054431
0.000354 0.101413 1.589695 0.054431
0.000354 0.101413 1.589695 0.054431
0.000353 0.101413 1.589695 0.054431
0.000353 0.101413 1.589695 0.054431
0.000352 0.101413 1.589695 0.054431
0.000352 0.101413 1.589695 0.054431
0.000351 0.101413 1.589695 0.054431
0.000351 0.101413 1.589695 0.054431
0.000350 0.101413 1.589695 0.054431
0.000350 0.101413 1.589695 0.054431
0.000350 0.101413 1.589695 0.054431
0.000349 0.101413 1.589694 0.054431
0.000349 0.101413 1.589694 0.054431
0.000348 0.101413 1.589694 0.054431
0.000348 0.101413 1.589694 0.054431
0.000347 0.101413 1.589694 0.054431
0.000347 0.101413 1.589694 0.054431
0.000346 0.101413 1.589694 0.054431
0.000346 0.101413 1.589694 0.054431
0.000345 0.101413 1.589694 0.054431
0.000345 0.101413 1.589694 0.054431
0.000344 0.101413 1.589694 0.054431
0.000344 0.101413 1.589694 0.054431
0.000343 0.101413 1.589694 0.054431
0.000343 0.101413 1.589694 0.054431
0.000342 0.101413 1.589694 0.054431
0.000342 0.101413 1.589694 0.054431
0.000341 0.101413 1.589694 0.054431
0.000340 0.101413 1.589694 0.054431
0.000340 0.101413 1.589694 0.054431
0.000339 0.101413 1.589694 0.054431
0.000339 0.101413 1.589694 0.054431
0.000338 0.101413 1.589694 0.054431
0.000338 0.101413 1.589694 0.054431
0.000337 0.101413 1.589694 0.054431
0.000337 0.101413 1.589694 0.054431
0.000336 0.101413 1.589694 0.054431
0.000336 0.101413 1.589694 0.054431
0.000335 0.101413 1.589694 0.054431
0.000334 0.101413 1.589694 0.054431
0.000334 0.101413 1.589694 0.054431
0.000333 0.101413 1.589694 0.054431
0.000333 0.101413 1.589693 0.054431
0.000332 0.101413 1.589693 0.054431
0.000332 0.101413 1.589693 0.054431
0.000331 0.101413 1.589693 0.054431
0.000330 0.101413 1.589693 0.054431
0.000330 0.101413 1.589693 0.054431
0.000329 0.101413 1.589693 0.054431
0.000329 0.101413 1.589693 0.054431
0.000328 0.101413 1.589693 0.054431
0.000327 0.101413 1.589693 0.054431
0.000327 0.101413 1.589693 0.054431
0.000326 0.101413 1.589693 0.054431
0.000326 0.101413 1.589693 0.054431
0.000325 0.101413 1.589693 0.054431
0.000324 0.101413 1.589693 0.054431
0.000324 0.101413 1.589693 0.054431
0.000323 0.101413 1.589693 0.054431
0.000323 0.101413 1.589693 0.054431
0.000322 0.101413 1.589693 0.054431
0.000321 0.101413 1.589693 0.054431
0.000321 0.101413 1.589693 0.054431
0.000320 0.101413 1.589693 0.054431
0.000320 0.101413 1.589693 0.054431
0.000319 0.101413 1.589693 0.054431
0.000318 0.101413 1.589693 0.054431
0.000318 0.101413 1.589693 0.054431
0.000317 0.101413 1.589693 0.054431
0.000317 0.101413 1.589693 0.054431
0.000316 0.101413 1.589693 0.054431
0.000315 0.101413 1.589693 0.054431
0.000315 0.101413 1.589693 0.054431
0.000314 0.101413 1.589693 0.054431
0.000313 0.101413 1.589693 0.054431
0.000313 0.101413 1.589692 0.054431
0.000312 0.101413 1.589692 0.054431
0.000312 0.101413 1.589692 0.054431
0.000311 0.101413 1.589692 0.054431
0.000310 0.101413 1.589692 0.054431
0.000310 0.101413 1.589692 0.054431
0.000309 0.101413 1.589692 0.054431
0.000308 0.101413 1.589692 0.054431
0.000308 0.101413 1.589692 0.054431
0.000307 0.101413 1.589692 0.054431
0.000306 0.101413 1.589692 0.054431
0.000306 0.101413 1.589692 0.054431
0.000305 0.101413 1.589692 0.054431
0.000305 0.101413 1.589692 0.054431
0.000304 0.101413 1.589692 0.054431
0.000303 0.101413 1.589692 0.054431
0.000303 0.101413 1.589692 0.054431
0.000302 0.101413 1.589692 0.054431
0.000301 0.101413 1.589692 0.054431
0.000301 0.101413 1.589692 0.054431
0.000300 0.101413 1.589692 0.054431
0.000299 0.101413 1.589692 0.054431
0.000299 0.101413 1.589692 0.054431
0.000298 0.101413 1.589692 0.054431
0.000298 0.101413 1.589692 0.054431
0.000297 0.101413 1.589692 0.054431
0.000296 0.101413 1.589692 0.054431
0.000296 0.101413 1.589692 0.054431
0.000295 0.101413 1.589692 0.054431
0.000294 0.101413 1.589692 0.054431
0.000294 0.101413 1.589692 0.054431
0.000293 0.101413 1.589692 0.054431
0.000292 0.101413 1.589692 0.054431
0.000292 0.101413 1.589692 0.054431
0.000291 0.101413 1.589692 0.054431
0.000291 0.101413 1.589692 0.054431
0.000290 0.101413 1.589691 0.054431
0.000289 0.101413 1.589691 0.054431
0.000289 0.101413 1.589691 0.054431
0.000288 0.101413 1.589691 0.054431
0.000287 0.101413 1.589691 0.054431
0.000287 0.101413 1.589691 0.054431
0.000286 0.101413 1.589691 0.054431
0.000285 0.101413 1.589691 0.054431
0.000285 0.101413 1.589691 0.054431
0.000284 0.101413 1.589691 0.054431
0.000283 0.101413 1.589691 0.054431
0.000283 0.101413 1.589691 0.054431
0.000282 0.101413 1.589691 0.054431
0.000282 0.101413 1.589691 0.054431
0.000281 0.101413 1.589691 0.054431
0.000280 0.101413 1.589691 0.054431
0.000280 0.101413 1.589691 0.054431
0.000279 0.101413 1.589691 0.054431
0.000278 0.101413 1.589691 0.054431
0.000278 0.101413 1.589691 0.054431
0.000277 0.101413 1.589691 0.054431
0.000276 0.101413 1.589691 0.054431
0.000276 0.101413 1.589691 0.054431
0.000275 0.101413 1.589691 0.054431
0.000275 0.101413 1.589691 0.054431
0.000274 0.101413 1.589691 0.054431
0.000273 0.101413 1.589691 0.054431
0.000273 0.101413 1.589691 0.054431
0.000272 0.101413 1.589691 0.054431
0.000271 0.101413 1.589691 0.054431
0.000271 0.101413 1.589691 0.054431
0.000270 0.101413 1.589691 0.054431
0.000269 0.101413 1.589691 0.054431
0.000269 0.101413 1.589691 0.054431
0.000268 0.101413 1.589691 0.054431
0.000268 0.101413 1.589691 0.054431
0.000267 0.101413 1.589691 0.054431
0.000266 0.101413 1.589691 0.054431
0.000266 0.101413 1.589691 0.054431
0.000265 0.101413 1.589690 0.054431
0.000264 0.101413 1.589690 0.054431
0.000264 0.101413 1.589690 0.054431
0.000263 0.101413 1.589690 0.054431
0.000263 0.101413 1.589690 0.054431
0.000262 0.101413 1.589690 0.054431
0.000261 0.101413 1.589690 0.054431
0.000261 0.101413 1.589690 0.054431
0.000260 0.101413 1.589690 0.054431
0.000259 0.101413 1.589690 0.054431
0.000259 0.101413 1.589690 0.054431
0.000258 0.101413 1.589690 0.054431
0.000258 0.101413 1.589690 0.054431
0.000257 0.101413 1.589690 0.054431
0.000256 0.101413 1.589690 0.054431
0.000256 0.101413 1.589690 0.054431
0.000255 0.101413 1.589690 0.054431
0.000254 0.101413 1.589690 0.054431
0.000254 0.101413 1.589690 0.054431
0.000253 0.101413 1.589690 0.054431
0.000253 0.101413 1.589690 0.054431
0.000252 0.101413 1.589690 0.054431
0.000252 0.101413 1.589690 0.054431
0.000251 0.101413 1.589690 0.054431
0.000250 0.101413 1.589690 0.054431
0.000250 0.101413 1.589690 0.054431
0.000249 0.101413 1.589690 0.054431
0.000248 0.101413 1.589690 0.054431
0.000248 0.101413 1.589690 0.054431
0.000247 0.101413 1.589690 0.054431
0.000247 0.101413 1.589690 0.054431
0.000246 0.101413 1.589690 0.054431
0.000245 0.101413 1.589690 0.054431
0.000245 0.101413 1.589690 0.054431
0.000244 0.101413 1.589690 0.054431
0.000244 0.101413 1.589690 0.054432
0.000243 0.101413 1.589690 0.054432
0.000242 0.101413 1.589690 0.054432
0.000242 0.101413 1.589690 0.054432
0.000241 0.101413 1.589690 0.054432
0.000241 0.101413 1.589690 0.054432
0.000240 0.101413 1.589690 0.054432
0.000239 0.101413 1.589689 0.054432
0.000239 0.101413 1.589689 0.054432
0.000238 0.101413 1.589689 0.054432
0.000238 0.101413 1.589689 0.054432
0.000237 0.101413 1.589689 0.054432
0.000236 0.101413 1.589689 0.054432
0.000236 0.101413 1.589689 0.054432
0.000235 0.101413 1.589689 0.054432
0.000235 0.101413 1.589689 0.054432
0.000234 0.101413 1.589689 0.054432
0.000233 0.101413 1.589689 0.054432
0.000233 0.101413 1.589689 0.054432
0.000232 0.101413 1.589689 0.054432
0.000232 0.101413 1.589689 0.054432
0.000231 0.101413 1.589689 0.054432
0.000230 0.101413 1.589689 0.054432
0.000230 0.101413 1.589689 0.054432
0.000229 0.101413 1.589689 0.054432
0.000229 0.101413 1.589689 0.054432
0.000228 0.101413 1.589689 0.054432
0.000228 0.101413 1.589689 0.054432
0.000227 0.101413 1.589689 0.054432
0.000226 0.101413 1.589689 0.054432
0.000226 0.101413 1.589689 0.054432
0.000225 0.101413 1.589689 0.054432
0.000225 0.101413 1.589689 0.054432
0.000224 0.101413 1.589689 0.054432
0.000224 0.101413 1.589689 0.054432
0.000223 0.101413 1.589689 0.054432
0.000222 0.101413 1.589689 0.054432
0.000222 0.101413 1.589689 0.054432
0.000221 0.101413 1.589689 0.054432
0.000221 0.101413 1.589689 0.054432
0.000220 0.101413 1.589689 0.054432
0.000220 0.101413 1.589689 0.054432
0.000219 0.101413 1.589689 0.054432
0.000218 0.101413 1.589689 0.054432
0.000218 0.101413 1.589689 0.054432
0.000217 0.101413 1.589689 0.054432
0.000217 0.101413 1.589689 0.054432
0.000216 0.101413 1.589689 0.054432
0.000216 0.101413 1.589689 0.054432
0.000215 0.101413 1.589689 0.054432
0.000215 0.101413 1.589689 0.054432
0.000214 0.101413 1.589689 0.054432
0.000213 0.101413 1.589689 0.054432
0.000213 0.101413 1.589688 0.054432
0.000212 0.101413 1.589688 0.054432
0.000212 0.101413 1.589688 0.054432
0.000211 0.101413 1.589688 0.054432
0.000211 0.101413 1.589688 0.054432
0.000210 0.101413 1.589688 0.054432
0.000210 0.101413 1.589688 0.054432
0.000209 0.101413 1.589688 0.054432
0.000209 0.101413 1.589688 0.054432
0.000208 0.101413 1.589688 0.054432
0.000208 0.101414 1.589688 0.054432
0.000207 0.101414 1.589688 0.054432
0.000206 0.101414 1.589688 0.054432
0.000206 0.101414 1.589688 0.054432
0.000205 0.101414 1.589688 0.054432
0.000205 0.101414 1.589688 0.054432
0.000204 0.101414 1.589688 0.054432
0.000204 0.101414 1.589688 0.054432
0.000203 0.101414 1.589688 0.054432
0.000203 0.101414 1.589688 0.054432
0.000202 0.101414 1.589688 0.054432
0.000202 0.101414 1.589688 0.054432
0.000201 0.101414 1.589688 0.054432
0.000201 0.101414 1.589688 0.054432
0.000200 0.101414 1.589688 0.054432
0.000200 0.101414 1.589688 0.054432
0.000199 0.101414 1.589688 0.054432
0.000199 0.101414 1.589688 0.054432
0.000198 0.101414 1.589688 0.054432
0.000198 0.101414 1.589688 0.054432
0.000197 0.101414 1.589688 0.054432
0.000197 0.101414 1.589688 0.054432
0.000196 0.101414 1.589688 0.054432
0.000196 0.101414 1.589688 0.054432
0.000195 0.101414 1.589688 0.054432
0.000195 0.101414 1.589688 0.054432
0.000194 0.101414 1.589688 0.054432
0.000194 0.101414 1.589688 0.054432
0.000193 0.101414 1.589688 0.054432
0.000193 0.101414 1.589688 0.054432
0.000192 0.101414 1.589688 0.054432
0.000192 0.101414 1.589688 0.054432
0.000191 0.101414 1.589688 0.054432
0.000191 0.101414 1.589688 0.054432
0.000190 0.101414 1.589688 0.054432
0.000190 0.101414 1.589688 0.054432
0.000189 0.101414 1.589688 0.054432
0.000189 0.101414 1.589688 0.054432
0.000188 0.101414 1.589688 0.054432
0.000188 0.101414 1.589688 0.054432
0.000187 0.101414 1.589688 0.054432
0.000187 0.101414 1.589688 0.054432
0.000186 0.101414 1.589688 0.054432
0.000186 0.101414 1.589688 0.054432
0.000185 0.101414 1.589688 0.054432
0.000185 0.101414 1.589688 0.054432
0.000184 0.101414 1.589687 0.054432
0.000184 0.101414 1.589687 0.054432
0.000183 0.101414 1.589687 0.054432
0.000183 0.101414 1.589687 0.054432
0.000182 0.101414 1.589687 0.054432
0.000182 0.101414 1.589687 0.054432
0.000181 0.101414 1.589687 0.054432
0.000181 0.101414 1.589687 0.054432
0.000180 0.101414 1.589687 0.054432
0.000180 0.101414 1.589687 0.054432
0.000180 0.101414 1.589687 0.054432
0.000179 0.101414 1.589687 0.054432
0.000179 0.101414 1.589687 0.054432
0.000178 0.101414 1.589687 0.054432
0.000178 0.101414 1.589687 0.054432
0.000177 0.101414 1.589687 0.054432
0.000177 0.101414 1.589687 0.054432
0.000176 0.101414 1.589687 0.054432
0.000176 0.101414 1.589687 0.054432
0.000175 0.101414 1.589687 0.054432
0.000175 0.101414 1.589687 0.054432
0.000174 0.101414 1.589687 0.054432
0.000174 0.101414 1.589687 0.054432
0.000174 0.101414 1.589687 0.054432
0.000173 0.101414 1.589687 0.054432
0.000173 0.101414 1.589687 0.054432
0.000172 0.101414 1.589687 0.054432
0.000172 0.101414 1.589687 0.054432
0.000171 0.101414 1.589687 0.054432
0.000171 0.101414 1.589687 0.054432
0.000170 0.101414 1.589687 0.054432
0.000170 0.101414 1.589687 0.054432
0.000170 0.101414 1.589687 0.054432
0.000169 0.101414 1.589687 0.054432
0.000169 0.101414 1.589687 0.054432
0.000168 0.101414 1.589687 0.054432
0.000168 0.101414 1.589687 0.054432
0.000167 0.101414 1.589687 0.054432
0.000167 0.101414 1.589687 0.054432
0.000166 0.101414 1.589687 0.054432
0.000166 0.101414 1.589687 0.054432
0.000166 0.101414 1.589687 0.054432
0.000165 0.101414 1.589687 0.054432
0.000165 0.101414 1.589687 0.054432
0.000164 0.101414 1.589687 0.054432
0.000164 0.101414 1.589687 0.054432
0.000163 0.101414 1.589687 0.054432
0.000163 0.101414 1.589687 0.054432
0.000163 0.101414 1.589687 0.054432
0.000162 0.101414 1.589687 0.054432
0.000162 0.101414 1.589687 0.054432
0.000161 0.101414 1.589687 0.054432
0.000161 0.101414 1.589687 0.054432
0.000160 0.101414 1.589687 0.054432
0.000160 0.101414 1.589687 0.054432
0.000160 0.101414 1.589687 0.054432
0.000159 0.101414 1.589687 0.054432
0.000159 0.101414 1.589687 0.054432
0.000158 0.101414 1.589687 0.054432
0.000158 0.101414 1.589687 0.054432
0.000157 0.101414 1.589687 0.054432
0.000157 0.101414 1.589687 0.054432
0.000157 0.101414 1.589687 0.054432
0.000156 0.101414 1.589687 0.054432
0.000156 0.101414 1.589687 0.054432
0.000155 0.101414 1.589687 0.054432
0.000155 0.101414 1.589687 0.054432
0.000155 0.101414 1.589686 0.054432
0.000154 0.101414 1.589686 0.054432
0.000154 0.101414 1.589686 0.054432
0.000153 0.101414 1.589686 0.054432
0.000153 0.101414 1.589686 0.054432
0.000153 0.101414 1.589686 0.054432
0.000152 0.101414 1.589686 0.054432
0.000152 0.101414 1.589686 0.054432
0.000151 0.101414 1.589686 0.054432
0.000151 0.101414 1.589686 0.054432
0.000151 0.101414 1.589686 0.054432
0.000150 0.101414 1.589686 0.054432
0.000150 0.101414 1.589686 0.054432
0.000149 0.101414 1.589686 0.054432
0.000149 0.101414 1.589686 0.054432
0.000149 0.101414 1.589686 0.054432
0.000148 0.101414 1.589686 0.054432
0.000148 0.101414 1.589686 0.054432
0.000147 0.101414 1.589686 0.054432
0.000147 0.101414 1.589686 0.054432
0.000147 0.101414 1.589686 0.054432
0.000146 0.101414 1.589686 0.054432
0.000146 0.101414 1.589686 0.054432
0.000145 0.101414 1.589686 0.054432
0.000145 0.101414 1.589686 0.054432
0.000145 0.101414 1.589686 0.054432
0.000144 0.101414 1.589686 0.054432
0.000144 0.101414 1.589686 0.054432
0.000144 0.101414 1.589686 0.054432
0.000143 0.101414 1.589686 0.054432
0.000143 0.101414 1.589686 0.054432
0.000142 0.101414 1.589686 0.054432
0.000142 0.101414 1.589686 0.054432
0.000142 0.101414 1.589686 0.054432
0.000141 0.101414 1.589686 0.054432
0.000141 0.101414 1.589686 0.054432
0.000141 0.101414 1.589686 0.054432
0.000140 0.101414 1.589686 0.054432
0.000140 0.101414 1.589686 0.054432
0.000139 0.101414 1.589686 0.054432
0.000139 0.101414 1.589686 0.054432
0.000139 0.101414 1.589686 0.054432
0.000138 0.101414 1.589686 0.054432
0.000138 0.101414 1.589686 0.054432
0.000138 0.101414 1.589686 0.054432
0.000137 0.101414 1.589686 0.054432
0.000137 0.101414 1.589686 0.054432
0.000136 0.101414 1.589686 0.054432
0.000136 0.101414 1.589686 0.054432
0.000136 0.101414 1.589686 0.054432
0.000135 0.101414 1.589686 0.054432
0.000135 0.101414 1.589686 0.054432
0.000135 0.101414 1.589686 0.054432
0.000134 0.101414 1.589686 0.054432
0.000134 0.101414 1.589686 0.054432
0.000134 0.101414 1.589686 0.054432
0.000133 0.101414 1.589686 0.054432
0.000133 0.101414 1.589686 0.054432
0.000133 0.101414 1.589686 0.054432
0.000132 0.101414 1.589686 0.054432
0.000132 0.101414 1.589686 0.054432
0.000132 0.101414 1.589686 0.054432
0.000131 0.101414 1.589686 0.054432
0.000131 0.101414 1.589686 0.054432
0.000131 0.101414 1.589686 0.054432
0.000130 0.101414 1.589686 0.054432
0.000130 0.101414 1.589686 0.054432
0.000129 0.101414 1.589686 0.054432
0.000129 0.101414 1.589686 0.054432
0.000129 0.101414 1.589686 0.054432
0.000128 0.101414 1.589686 0.054432
0.000128 0.101414 1.589686 0.054432
0.000128 0.101414 1.589686 0.054432
0.000127 0.101414 1.589686 0.054432
0.000127 0.101414 1.589686 0.054432
0.000127 0.101414 1.589686 0.054432
0.000126 0.101414 1.589686 0.054432
0.000126 0.101414 1.589686 0.054432
0.000126 0.101414 1.589686 0.054432
0.000125 0.101414 1.589685 0.054432
0.000125 0.101414 1.589685 0.054432
0.000125 0.101414 1.589685 0.054432
0.000124 0.101414 1.589685 0.054432
0.000124 0.101414 1.589685 0.054432
0.000124 0.101414 1.589685 0.054432
0.000123 0.101414 1.589685 0.054432
0.000123 0.101414 1.589685 0.054432
0.000123 0.101414 1.589685 0.054432
0.000122 0.101414 1.589685 0.054432
0.000122 0.101414 1.589685 0.054432
0.000122 0.101414 1.589685 0.054432
0.000121 0.101414 1.589685 0.054432
0.000121 0.101414 1.589685 0.054432
0.000121 0.101414 1.589685 0.054432
0.000120 0.101414 1.589685 0.054432
0.000120 0.101414 1.589685 0.054432
0.000120 0.101414 1.589685 0.054432
0.000119 0.101414 1.589685 0.054432
0.000119 0.101414 1.589685 0.054432
0.000119 0.101414 1.589685 0.054432
0.000118 0.101414 1.589685 0.054432
0.000118 0.101414 1.589685 0.054432
0.000118 0.101414 1.589685 0.054432
0.000117 0.101414 1.589685 0.054432
0.000117 0.101414 1.589685 0.054432
0.000117 0.101414 1.589685 0.054432
0.000117 0.101414 1.589685 0.054432
0.000116 0.101414 1.589685 0.054432
0.000116 0.101414 1.589685 0.054432
0.000116 0.101414 1.589685 0.054432
0.000115 0.101414 1.589685 0.054432
0.000115 0.101414 1.589685 0.054432
0.000115 0.101414 1.589685 0.054432
0.000114 0.101414 1.589685 0.054432
0.000114 0.101414 1.589685 0.054432
0.000114 0.101414 1.589685 0.054432
0.000113 0.101414 1.589685 0.054432
0.000113 0.101414 1.589685 0.054432
0.000113 0.101414 1.589685 0.054432
0.000113 0.101414 1.589685 0.054432
0.000112 0.101414 1.589685 0.054432
0.000112 0.101414 1.589685 0.054432
0.000112 0.101414 1.589685 0.054432
0.000111 0.101414 1.589685 0.054432
0.000111 0.101414 1.589685 0.054432
0.000111 0.101414 1.589685 0.054432
0.000110 0.101414 1.589685 0.054432
0.000110 0.101414 1.589685 0.054432
0.000110 0.101414 1.589685 0.054432
0.000110 0.101414 1.589685 0.054432
0.000109 0.101414 1.589685 0.054432
0.000109 0.101414 1.589685 0.054432
0.000109 0.101414 1.589685 0.054432
0.000108 0.101414 1.589685 0.054432
0.000108 0.101414 1.589685 0.054432
0.000108 0.101414 1.589685 0.054432
0.000108 0.101414 1.589685 0.054432
0.000107 0.101414 1.589685 0.054432
0.000107 0.101414 1.589685 0.054432
0.000107 0.101414 1.589685 0.054432
0.000106 0.101414 1.589685 0.054432
0.000106 0.101414 1.589685 0.054432
0.000106 0.101414 1.589685 0.054432
0.000106 0.101414 1.589685 0.054432
0.000105 0.101414 1.589685 0.054432
0.000105 0.101414 1.589685 0.054432
0.000105 0.101414 1.589685 0.054432
0.000104 0.101414 1.589685 0.054432
0.000104 0.101414 1.589685 0.054432
0.000104 0.101414 1.589685 0.054432
0.000104 0.101414 1.589685 0.054432
0.000103 0.101414 1.589685 0.054432
0.000103 0.101414 1.589685 0.054432
0.000103 0.101414 1.589685 0.054432
0.000102 0.101414 1.589685 0.054432
0.000102 0.101414 1.589685 0.054432
0.000102 0.101414 1.589685 0.054432
0.000102 0.101414 1.589685 0.054432
0.000101 0.101414 1.589685 0.054432
0.000101 0.101414 1.589685 0.054432
0.000101 0.101414 1.589685 0.054432
0.000101 0.101414 1.589685 0.054432
0.000100 0.101414 1.589685 0.054432
0.000100 0.101414 1.589685 0.054432
0.000100 0.101414 1.589685 0.054432
0.000100 0.101414 1.589685 0.054432
0.000099 0.101414 1.589685 0.054432
0.000099 0.101414 1.589685 0.054432
0.000099 0.101414 1.589685 0.054432
0.000098 0.101414 1.589685 0.054432
0.000098 0.101414 1.589685 0.054432
0.000098 0.101414 1.589685 0.054432
0.000098 0.101414 1.589685 0.054432
0.000097 0.101414 1.589685 0.054432
0.000097 0.101414 1.589685 0.054432
0.000097 0.101414 1.589685 0.054432
0.000097 0.101414 1.589685 0.054432
0.000096 0.101414 1.589685 0.054432
0.000096 0.101414 1.589685 0.054432
0.000096 0.101414 1.589685 0.054432
0.000096 0.101414 1.589684 0.054432
0.000095 0.101414 1.589684 0.054432
0.000095 0.101414 1.589684 0.054432
0.000095 0.101414 1.589684 0.054432
0.000095 0.101414 1.589684 0.054432
0.000094 0.101414 1.589684 0.054432
0.000094 0.101414 1.589684 0.054432
0.000094 0.101414 1.589684 0.054432
0.000094 0.101414 1.589684 0.054432
0.000093 0.101414 1.589684 0.054432
0.000093 0.101414 1.589684 0.054432
0.000093 0.101414 1.589684 0.054432
0.000093 0.101414 1.589684 0.054432
0.000092 0.101414 1.589684 0.054432
0.000092 0.101414 1.589684 0.054432
0.000092 0.101414 1.589684 0.054432
0.000092 0.101414 1.589684 0.054432
0.000091 0.101414 1.589684 0.054432
0.000091 0.101414 1.589684 0.054432
0.000091 0.101414 1.589684 0.054432
0.000091 0.101414 1.589684 0.054432
0.000090 0.101414 1.589684 0.054432
0.000090 0.101414 1.589684 0.054432
0.000090 0.101414 1.589684 0.054432
0.000090 0.101414 1.589684 0.054432
0.000089 0.101414 1.589684 0.054432
0.000089 0.101414 1.589684 0.054432
0.000089 0.101414 1.589684 0.054432
0.000089 0.101414 1.589684 0.054432
0.000088 0.101414 1.589684 0.054432
0.000088 0.101414 1.589684 0.054432
0.000088 0.101414 1.589684 0.054432
0.000088 0.101414 1.589684 0.054432
0.000087 0.101414 1.589684 0.054432
0.000087 0.101414 1.589684 0.054432
0.000087 0.101414 1.589684 0.054432
0.000087 0.101414 1.589684 0.054432
0.000086 0.101414 1.589684 0.054432
0.000086 0.101414 1.589684 0.054432
0.000086 0.101414 1.589684 0.054432
0.000086 0.101414 1.589684 0.054432
0.000086 0.101414 1.589684 0.054432
0.000085 0.101414 1.589684 0.054432
0.000085 0.101414 1.589684 0.054432
0.000085 0.101414 1.589684 0.054432
0.000085 0.101414 1.589684 0.054432
0.000084 0.101414 1.589684 0.054432
0.000084 0.101414 1.589684 0.054432
0.000084 0.101414 1.589684 0.054432
0.000084 0.101414 1.589684 0.054432
0.000083 0.101414 1.589684 0.054432
0.000083 0.101414 1.589684 0.054432
0.000083 0.101414 1.589684 0.054432
0.000083 0.101414 1.589684 0.054432
0.000083 0.101414 1.589684 0.054432
0.000082 0.101414 1.589684 0.054432
0.000082 0.101414 1.589684 0.054432
0.000082 0.101414 1.589684 0.054432
0.000082 0.101414 1.589684 0.054432
0.000081 0.101414 1.589684 0.054432
0.000081 0.101414 1.589684 0.054432
0.000081 0.101414 1.589684 0.054432
0.000081 0.101414 1.589684 0.054432
0.000081 0.101414 1.589684 0.054432
0.000080 0.101414 1.589684 0.054432
0.000080 0.101414 1.589684 0.054432
0.000080 0.101414 1.589684 0.054432
0.000080 0.101414 1.589684 0.054432
0.000079 0.101414 1.589684 0.054432
0.000079 0.101414 1.589684 0.054432
0.000079 0.101414 1.589684 0.054432
0.000079 0.101414 1.589684 0.054432
0.000079 0.101414 1.589684 0.054432
0.000078 0.101414 1.589684 0.054432
0.000078 0.101414 1.589684 0.054432
0.000078 0.101414 1.589684 0.054432
0.000078 0.101414 1.589684 0.054432
0.000078 0.101414 1.589684 0.054432
0.000077 0.101414 1.589684 0.054432
0.000077 0.101414 1.589684 0.054432
0.000077 0.101414 1.589684 0.054432
0.000077 0.101414 1.589684 0.054432
0.000076 0.101414 1.589684 0.054432
0.000076 0.101414 1.589684 0.054432
0.000076 0.101414 1.589684 0.054432
0.000076 0.101414 1.589684 0.054432
0.000076 0.101414 1.589684 0.054432
0.000075 0.101414 1.589684 0.054432
0.000075 0.101414 1.589684 0.054432
0.000075 0.101414 1.589684 0.054432
0.000075 0.101414 1.589684 0.054432
0.000075 0.101414 1.589684 0.054432
0.000074 0.101414 1.589684 0.054432
0.000074 0.101414 1.589684 0.054432
0.000074 0.101414 1.589684 0.054432
0.000074 0.101414 1.589684 0.054432
0.000074 0.101414 1.589684 0.054432
0.000073 0.101414 1.589684 0.054432
0.000073 0.101414 1.589684 0.054432
0.000073 0.101414 1.589684 0.054432
0.000073 0.101414 1.589684 0.054432
0.000073 0.101414 1.589684 0.054432
0.000072 0.101414 1.589684 0.054432
0.000072 0.101414 1.589684 0.054432
0.000072 0.101414 1.589684 0.054432
0.000072 0.101414 1.589684 0.054432
0.000072 0.101414 1.589684 0.054432
0.000071 0.101414 1.589684 0.054432
0.000071 0.101414 1.589684 0.054432
0.000071 0.101414 1.589684 0.054432
0.000071 0.101414 1.589684 0.054432
0.000071 0.101414 1.589684 0.054432
0.000070 0.101414 1.589684 0.054432
0.000070 0.101414 1.589684 0.054432
0.000070 0.101414 1.589684 0.054432
0.000070 0.101414 1.589684 0.054432
0.000070 0.101414 1.589684 0.054432
0.000070 0.101414 1.589684 0.054432
0.000069 0.101414 1.589684 0.054432
0.000069 0.101414 1.589684 0.054432
0.000069 0.101414 1.589684 0.054432
0.000069 0.101414 1.589684 0.054432
0.000069 0.101414 1.589684 0.054432
0.000068 0.101414 1.589684 0.054432
0.000068 0.101414 1.589684 0.054432
0.000068 0.101414 1.589684 0.054432
0.000068 0.101414 1.589684 0.054432
0.000068 0.101414 1.589684 0.054432
0.000067 0.101414 1.589684 0.054432
0.000067 0.101414 1.589684 0.054432
0.000067 0.101414 1.589684 0.054432
0.000067 0.101414 1.589684 0.054432
0.000067 0.101414 1.589684 0.054432
0.000066 0.101414 1.589684 0.054432
0.000066 0.101414 1.589684 0.054432
0.000066 0.101414 1.589684 0.054432
0.000066 0.101414 1.589683 0.054433
0.000066 0.101414 1.589683 0.054433
0.000066 0.101414 1.589683 0.054433
0.000065 0.101414 1.589683 0.054433
0.000065 0.101414 1.589683 0.054433
0.000065 0.101414 1.589683 0.054433
0.000065 0.101414 1.589683 0.054433
0.000065 0.101414 1.589683 0.054433
0.000065 0.101414 1.589683 0.054433
0.000064 0.101414 1.589683 0.054433
0.000064 0.101414 1.589683 0.054433
0.000064 0.101414 1.589683 0.054433
0.000064 0.101414 1.589683 0.054433
0.000064 0.101414 1.589683 0.054433
0.000063 0.101414 1.589683 0.054433
0.000063 0.101414 1.589683 0.054433
0.000063 0.101414 1.589683 0.054433
0.000063 0.101414 1.589683 0.054433
0.000063 0.101414 1.589683 0.054433
0.000063 0.101414 1.589683 0.054433
0.000062 0.101414 1.589683 0.054433
0.000062 0.101414 1.589683 0.054433
0.000062 0.101414 1.589683 0.054433
0.000062 0.101414 1.589683 0.054433
0.000062 0.101414 1.589683 0.054433
0.000062 0.101414 1.589683 0.054433
0.000061 0.101414 1.589683 0.054433
0.000061 0.101414 1.589683 0.054433
0.000061 0.101414 1.589683 0.054433
0.000061 0.101414 1.589683 0.054433
0.000061 0.101414 1.589683 0.054433
0.000061 0.101414 1.589683 0.054433
0.000060 0.101414 1.589683 0.054433
0.000060 0.101414 1.589683 0.054433
0.000060 0.101414 1.589683 0.054433
0.000060 0.101414 1.589683 0.054433
0.000060 0.101414 1.589683 0.054433
0.000060 0.101414 1.589683 0.054433
0.000059 0.101414 1.589683 0.054433
0.000059 0.101414 1.589683 0.054433
0.000059 0.101414 1.589683 0.054433
0.000059 0.101414 1.589683 0.054433
0.000059 0.101414 1.589683 0.054433
0.000059 0.101414 1.589683 0.054433
0.000058 0.101414 1.589683 0.054433
0.000058 0.101414 1.589683 0.054433
0.000058 0.101414 1.589683 0.054433
0.000058 0.101414 1.589683 0.054433
0.000058 0.101414 1.589683 0.054433
0.000058 0.101414 1.589683 0.054433
0.000058 0.101414 1.589683 0.054433
0.000057 0.101414 1.589683 0.054433
0.000057 0.101414 1.589683 0.054433
0.000057 0.101414 1.589683 0.054433
0.000057 0.101414 1.589683 0.054433
0.000057 0.101414 1.589683 0.054433
0.000057 0.101414 1.589683 0.054433
0.000056 0.101414 1.589683 0.054433
0.000056 0.101414 1.589683 0.054433
0.000056 0.101414 1.589683 0.054433
0.000056 0.101414 1.589683 0.054433
0.000056 0.101414 1.589683 0.054433
0.000056 0.101414 1.589683 0.054433
0.000056 0.101414 1.589683 0.054433
0.000055 0.101414 1.589683 0.054433
0.000055 0.101414 1.589683 0.054433
0.000055 0.101414 1.589683 0.054433
0.000055 0.101414 1.589683 0.054433
0.000055 0.101414 1.589683 0.054433
0.000055 0.101414 1.589683 0.054433
0.000054 0.101414 1.589683 0.054433
0.000054 0.101414 1.589683 0.054433
0.000054 0.101414 1.589683 0.054433
0.000054 0.101414 1.589683 0.054433
0.000054 0.101414 1.589683 0.054433
0.000054 0.101414 1.589683 0.054433
0.000054 0.101414 1.589683 0.054433
0.000053 0.101414 1.589683 0.054433
0.000053 0.101414 1.589683 0.054433
0.000053 0.101414 1.589683 0.054433
0.000053 0.101414 1.589683 0.054433
0.000053 0.101414 1.589683 0.054433
0.000053 0.101414 1.589683 0.054433
0.000053 0.101414 1.589683 0.054433
0.000052 0.101414 1.589683 0.054433
0.000052 0.101414 1.589683 0.054433
0.000052 0.101414 1.589683 0.054433
0.000052 0.101414 1.589683 0.054433
0.000052 0.101414 1.589683 0.054433
0.000052 0.101414 1.589683 0.054433
0.000052 0.101414 1.589683 0.054433
0.000051 0.101414 1.589683 0.054433
0.000051 0.101414 1.589683 0.054433
0.000051 0.101414 1.589683 0.054433
0.000051 0.101414 1.589683 0.054433
0.000051 0.101414 1.589683 0.054433
0.000051 0.101414 1.589683 0.054433
0.000051 0.101414 1.589683 0.054433
0.000050 0.101414 1.589683 0.054433
0.000050 0.101414 1.589683 0.054433
0.000050 0.101414 1.589683 0.054433
0.000050 0.101414 1.589683 0.054433
0.000050 0.101414 1.589683 0.054433
0.000050 0.101414 1.589683 0.054433
0.000050 0.101414 1.589683 0.054433
0.000050 0.101414 1.589683 0.054433
0.000049 0.101414 1.589683 0.054433
0.000049 0.101414 1.589683 0.054433
0.000049 0.101414 1.589683 0.054433
0.000049 0.101414 1.589683 0.054433
0.000049 0.101414 1.589683 0.054433
0.000049 0.101414 1.589683 0.054433
0.000049 0.101414 1.589683 0.054433
0.000048 0.101414 1.589683 0.054433
0.000048 0.101414 1.589683 0.054433
0.000048 0.101414 1.589683 0.054433
0.000048 0.101414 1.589683 0.054433
0.000048 0.101414 1.589683 0.054433
0.000048 0.101414 1.589683 0.054433
0.000048 0.101414 1.589683 0.054433
0.000048 0.101414 1.589683 0.054433
0.000047 0.101414 1.589683 0.054433
0.000047 0.101414 1.589683 0.054433
0.000047 0.101414 1.589683 0.054433
0.000047 0.101414 1.589683 0.054433
0.000047 0.101414 1.589683 0.054433
0.000047 0.101414 1.589683 0.054433
0.000047 0.101414 1.589683 0.054433
0.000047 0.101414 1.589683 0.054433
0.000046 0.101414 1.589683 0.054433
0.000046 0.101414 1.589683 0.054433
0.000046 0.101414 1.589683 0.054433
0.000046 0.101414 1.589683 0.054433
0.000046 0.101414 1.589683 0.054433
0.000046 0.101414 1.589683 0.054433
0.000046 0.101414 1.589683 0.054433
0.000046 0.101414 1.589683 0.054433
0.000045 0.101414 1.589683 0.054433
0.000045 0.101414 1.589683 0.054433
0.000045 0.101414 1.589683 0.054433
0.000045 0.101414 1.589683 0.054433
0.000045 0.101414 1.589683 0.054433
0.000045 0.101414 1.589683 0.054433
0.000045 0.101414 1.589683 0.054433
0.000045 0.101414 1.589683 0.054433
0.000044 0.101414 1.589683 0.054433
0.000044 0.101414 1.589683 0.054433
0.000044 0.101414 1.589683 0.054433
0.000044 0.101414 1.589683 0.054433
0.000044 0.101414 1.589683 0.054433
0.000044 0.101414 1.589683 0.054433
0.000044 0.101414 1.589683 0.054433
0.000044 0.101414 1.589683 0.054433
0.000044 0.101414 1.589683 0.054433
0.000043 0.101414 1.589683 0.054433
0.000043 0.101414 1.589683 0.054433
0.000043 0.101414 1.589683 0.054433
0.000043 0.101414 1.589683 0.054433
0.000043 0.101414 1.589683 0.054433
0.000043 0.101414 1.589683 0.054433
0.000043 0.101414 1.589683 0.054433
0.000043 0.101414 1.589683 0.054433
0.000042 0.101414 1.589683 0.054433
0.000042 0.101414 1.589683 0.054433
0.000042 0.101414 1.589683 0.054433
0.000042 0.101414 1.589683 0.054433
0.000042 0.101414 1.589683 0.054433
0.000042 0.101414 1.589683 0.054433
0.000042 0.101414 1.589683 0.054433
0.000042 0.101414 1.589683 0.054433
0.000042 0.101414 1.589683 0.054433
0.000041 0.101414 1.589683 0.054433
0.000041 0.101414 1.589683 0.054433
0.000041 0.101414 1.589683 0.054433
0.000041 0.101414 1.589683 0.054433
0.000041 0.101414 1.589683 0.054433
0.000041 0.101414 1.589683 0.054433
0.000041 0.101414 1.589683 0.054433
0.000041 0.101414 1.589683 0.054433
0.000041 0.101414 1.589683 0.054433
0.000040 0.101414 1.589683 0.054433
0.000040 0.101414 1.589683 0.054433
0.000040 0.101414 1.589683 0.054433
0.000040 0.101414 1.589683 0.054433
0.000040 0.101414 1.589683 0.054433
0.000040 0.101414 1.589683 0.054433
0.000040 0.101414 1.589683 0.054433
0.000040 0.101414 1.589683 0.054433
0.000040 0.101414 1.589683 0.054433
0.000039 0.101414 1.589683 0.054433
0.000039 0.101414 1.589683 0.054433
0.000039 0.101414 1.589683 0.054433
0.000039 0.101414 1.589683 0.054433
0.000039 0.101414 1.589683 0.054433
0.000039 0.101414 1.589683 0.054433
0.000039 0.101414 1.589683 0.054433
0.000039 0.101414 1.589683 0.054433
0.000039 0.101414 1.589683 0.054433
0.000038 0.101414 1.589683 0.054433
0.000038 0.101414 1.589683 0.054433
0.000038 0.101414 1.589683 0.054433
0.000038 0.101414 1.589683 0.054433
0.000038 0.101414 1.589683 0.054433
0.000038 0.101414 1.589683 0.054433
0.000038 0.101414 1.589683 0.054433
0.000038 0.101414 1.589683 0.054433
0.000038 0.101414 1.589683 0.054433
0.000038 0.101414 1.589683 0.054433
0.000037 0.101414 1.589683 0.054433
0.000037 0.101414 1.589683 0.054433
0.000037 0.101414 1.589683 0.054433
0.000037 0.101414 1.589682 0.054433
0.000037 0.101414 1.589682 0.054433
0.000037 0.101414 1.589682 0.054433
0.000037 0.101414 1.589682 0.054433
0.000037 0.101414 1.589682 0.054433
0.000037 0.101414 1.589682 0.054433
0.000037 0.101414 1.589682 0.054433
0.000036 0.101414 1.589682 0.054433
0.000036 0.101414 1.589682 0.054433
0.000036 0.101414 1.589682 0.054433
0.000036 0.101414 1.589682 0.054433
0.000036 0.101414 1.589682 0.054433
0.000036 0.101414 1.589682 0.054433
0.000036 0.101414 1.589682 0.054433
0.000036 0.101414 1.589682 0.054433
0.000036 0.101414 1.589682 0.054433
0.000036 0.101414 1.589682 0.054433
0.000035 0.101414 1.589682 0.054433
0.000035 0.101414 1.589682 0.054433
0.000035 0.101414 1.589682 0.054433
0.000035 0.101414 1.589682 0.054433
0.000035 0.101414 1.589682 0.054433
0.000035 0.101414 1.589682 0.054433
0.000035 0.101414 1.589682 0.054433
0.000035 0.101414 1.589682 0.054433
0.000035 0.101414 1.589682 0.054433
0.000035 0.101414 1.589682 0.054433
0.000035 0.101414 1.589682 0.054433
0.000034 0.101414 1.589682 0.054433
0.000034 0.101414 1.589682 0.054433
0.000034 0.101414 1.589682 0.054433
0.000034 0.101414 1.589682 0.054433
0.000034 0.101414 1.589682 0.054433
0.000034 0.101414 1.589682 0.054433
0.000034 0.101414 1.589682 0.054433
0.000034 0.101414 1.589682 0.054433
0.000034 0.101414 1.589682 0.054433
0.000034 0.101414 1.589682 0.054433
0.000034 0.101414 1.589682 0.054433
0.000033 0.101414 1.589682 0.054433
0.000033 0.101414 1.589682 0.054433
0.000033 0.101414 1.589682 0.054433
0.000033 0.101414 1.589682 0.054433
0.000033 0.101414 1.589682 0.054433
0.000033 0.101414 1.589682 0.054433
0.000033 0.101414 1.589682 0.054433
0.000033 0.101414 1.589682 0.054433
0.000033 0.101414 1.589682 0.054433
0.000033 0.101414 1.589682 0.054433
0.000033 0.101414 1.589682 0.054433
0.000032 0.101414 1.589682 0.054433
0.000032 0.101414 1.589682 0.054433
0.000032 0.101414 1.589682 0.054433
0.000032 0.101414 1.589682 0.054433
0.000032 0.101414 1.589682 0.054433
0.000032 0.101414 1.589682 0.054433
0.000032 0.101414 1.589682 0.054433
0.000032 0.101414 1.589682 0.054433
0.000032 0.101414 1.589682 0.054433
0.000032 0.101414 1.589682 0.054433
0.000032 0.101414 1.589682 0.054433
0.000031 0.101414 1.589682 0.054433
0.000031 0.101414 1.589682 0.054433
0.000031 0.101414 1.589682 0.054433
0.000031 0.101414 1.589682 0.054433
0.000031 0.101414 1.589682 0.054433
0.000031 0.101414 1.589682 0.054433
0.000031 0.101414 1.589682 0.054433
0.000031 0.101414 1.589682 0.054433
0.000031 0.101414 1.589682 0.054433
0.000031 0.101414 1.589682 0.054433
0.000031 0.101414 1.589682 0.054433
0.000031 0.101414 1.589682 0.054433
0.000030 0.101414 1.589682 0.054433
0.000030 0.101414 1.589682 0.054433
0.000030 0.101414 1.589682 0.054433
0.000030 0.101414 1.589682 0.054433
0.000030 0.101414 1.589682 0.054433
0.000030 0.101414 1.589682 0.054433
0.000030 0.101414 1.589682 0.054433
0.000030 0.101414 1.589682 0.054433
0.000030 0.101414 1.589682 0.054433
0.000030 0.101414 1.589682 0.054433
0.000030 0.101414 1.589682 0.054433
0.000030 0.101414 1.589682 0.054433
0.000030 0.101414 1.589682 0.054433
0.000029 0.101414 1.589682 0.054433
0.000029 0.101414 1.589682 0.054433
0.000029 0.101414 1.589682 0.054433
0.000029 0.101414 1.589682 0.054433
0.000029 0.101414 1.589682 0.054433
0.000029 0.101414 1.589682 0.054433
0.000029 0.101414 1.589682 0.054433
0.000029 0.101414 1.589682 0.054433
0.000029 0.101414 1.589682 0.054433
0.000029 0.101414 1.589682 0.054433
0.000029 0.101414 1.589682 0.054433
0.000029 0.101414 1.589682 0.054433
0.000028 0.101414 1.589682 0.054433
0.000028 0.101414 1.589682 0.054433
0.000028 0.101414 1.589682 0.054433
0.000028 0.101414 1.589682 0.054433
0.000028 0.101414 1.589682 0.054433
0.000028 0.101414 1.589682 0.054433
0.000028 0.101414 1.589682 0.054433
0.000028 0.101414 1.589682 0.054433
0.000028 0.101414 1.589682 0.054433
0.000028 0.101414 1.589682 0.054433
0.000028 0.101414 1.589682 0.054433
0.000028 0.101414 1.589682 0.054433
0.000028 0.101414 1.589682 0.054433
0.000027 0.101414 1.589682 0.054433
0.000027 0.101414 1.589682 0.054433
0.000027 0.101414 1.589682 0.054433
0.000027 0.101414 1.589682 0.054433
0.000027 0.101414 1.589682 0.054433
0.000027 0.101414 1.589682 0.054433
0.000027 0.101414 1.589682 0.054433
0.000027 0.101414 1.589682 0.054433
0.000027 0.101414 1.589682 0.054433
0.000027 0.101415 1.589682 0.054433
0.000027 0.101415 1.589682 0.054433
0.000027 0.101415 1.589682 0.054433
0.000027 0.101415 1.589682 0.054433
0.000027 0.101415 1.589682 0.054433
0.000026 0.101415 1.589682 0.054433
0.000026 0.101415 1.589682 0.054433
0.000026 0.101415 1.589682 0.054433
0.000026 0.101415 1.589682 0.054433
0.000026 0.101415 1.589682 0.054433
0.000026 0.101415 1.589682 0.054433
0.000026 0.101415 1.589682 0.054433
0.000026 0.101415 1.589682 0.054433
0.000026 0.101415 1.589682 0.054433
0.000026 0.101415 1.589682 0.054433
0.000026 0.101415 1.589682 0.054433
0.000026 0.101415 1.589682 0.054433
0.000026 0.101415 1.589682 0.054433
0.000026 0.101415 1.589682 0.054433
0.000025 0.101415 1.589682 0.054433
0.000025 0.101415 1.589682 0.054433
0.000025 0.101415 1.589682 0.054433
0.000025 0.101415 1.589682 0.054433
0.000025 0.101415 1.589682 0.054433
0.000025 0.101415 1.589682 0.054433
0.000025 0.101415 1.589682 0.054433
0.000025 0.101415 1.589682 0.054433
0.000025 0.101415 1.589682 0.054433
0.000025 0.101415 1.589682 0.054433
0.000025 0.101415 1.589682 0.054433
0.000025 0.101415 1.589682 0.054433
0.000025 0.101415 1.589682 0.054433
0.000025 0.101415 1.589682 0.054433
0.000025 0.101415 1.589682 0.054433
0.000024 0.101415 1.589682 0.054433
0.000024 0.101415 1.589682 0.054433
0.000024 0.101415 1.589682 0.054433
0.000024 0.101415 1.589682 0.054433
0.000024 0.101415 1.589682 0.054433
0.000024 0.101415 1.589682 0.054433
0.000024 0.101415 1.589682 0.054433
0.000024 0.101415 1.589682 0.054433
0.000024 0.101415 1.589682 0.054433
0.000024 0.101415 1.589682 0.054433
0.000024 0.101415 1.589682 0.054433
0.000024 0.101415 1.589682 0.054433
0.000024 0.101415 1.589682 0.054433
0.000024 0.101415 1.589682 0.054433
0.000024 0.101415 1.589682 0.054433
0.000023 0.101415 1.589682 0.054433
0.000023 0.101415 1.589682 0.054433
0.000023 0.101415 1.589682 0.054433
0.000023 0.101415 1.589682 0.054433
0.000023 0.101415 1.589682 0.054433
0.000023 0.101415 1.589682 0.054433
0.000023 0.101415 1.589682 0.054433
0.000023 0.101415 1.589682 0.054433
0.000023 0.101415 1.589682 0.054433
0.000023 0.101415 1.589682 0.054433
0.000023 0.101415 1.589682 0.054433
0.000023 0.101415 1.589682 0.054433
0.000023 0.101415 1.589682 0.054433
0.000023 0.101415 1.589682 0.054433
0.000023 0.101415 1.589682 0.054433
0.000023 0.101415 1.589682 0.054433
0.000022 0.101415 1.589682 0.054433
0.000022 0.101415 1.589682 0.054433
0.000022 0.101415 1.589682 0.054433
0.000022 0.101415 1.589682 0.054433
0.000022 0.101415 1.589682 0.054433
0.000022 0.101415 1.589682 0.054433
0.000022 0.101415 1.589682 0.054433
0.000022 0.101415 1.589682 0.054433
0.000022 0.101415 1.589682 0.054433
0.000022 0.101415 1.589682 0.054433
0.000022 0.101415 1.589682 0.054433
0.000022 0.101415 1.589682 0.054433
0.000022 0.101415 1.589682 0.054433
0.000022 0.101415 1.589682 0.054433
0.000022 0.101415 1.589682 0.054433
0.000022 0.101415 1.589682 0.054433
0.000022 0.101415 1.589682 0.054433
0.000021 0.101415 1.589682 0.054433
0.000021 0.101415 1.589682 0.054433
0.000021 0.101415 1.589682 0.054433
0.000021 0.101415 1.589682 0.054433
0.000021 0.101415 1.589682 0.054433
0.000021 0.101415 1.589682 0.054433
0.000021 0.101415 1.589682 0.054433
0.000021 0.101415 1.589682 0.054433
0.000021 0.101415 1.589682 0.054433
0.000021 0.101415 1.589682 0.054433
0.000021 0.101415 1.589682 0.054433
0.000021 0.101415 1.589682 0.054433
0.000021 0.101415 1.589682 0.054433
0.000021 0.101415 1.589682 0.054433
0.000021 0.101415 1.589682 0.054433
0.000021 0.101415 1.589682 0.054433
0.000021 0.101415 1.589682 0.054433
0.000021 0.101415 1.589682 0.054433
0.000020 0.101415 1.589682 0.054433
0.000020 0.101415 1.589682 0.054433
0.000020 0.101415 1.589682 0.054433
0.000020 0.101415 1.589682 0.054433
0.000020 0.101415 1.589682 0.054433
0.000020 0.101415 1.589682 0.054433
0.000020 0.101415 1.589682 0.054433
0.000020 0.101415 1.589682 0.054433
0.000020 0.101415 1.589682 0.054433
0.000020 0.101415 1.589682 0.054433
0.000020 0.101415 1.589682 0.054433
0.000020 0.101415 1.589682 0.054433
0.000020 0.101415 1.589682 0.054433
0.000020 0.101415 1.589682 0.054433
0.000020 0.101415 1.589682 0.054433
0.000020 0.101415 1.589682 0.054433
0.000020 0.101415 1.589682 0.054433
0.000020 0.101415 1.589682 0.054433
0.000019 0.101415 1.589682 0.054433
0.000019 0.101415 1.589682 0.054433
0.000019 0.101415 1.589682 0.054433
0.000019 0.101415 1.589682 0.054433
0.000019 0.101415 1.589682 0.054433
0.000019 0.101415 1.589682 0.054433
0.000019 0.101415 1.589682 0.054433
0.000019 0.101415 1.589682 0.054433
0.000019 0.101415 1.589682 0.054433
0.000019 0.101415 1.589682 0.054433
0.000019 0.101415 1.589682 0.054433
0.000019 0.101415 1.589682 0.054433
0.000019 0.101415 1.589682 0.054433
0.000019 0.101415 1.589682 0.054433
0.000019 0.101415 1.589682 0.054433
0.000019 0.101415 1.589682 0.054433
0.000019 0.101415 1.589682 0.054433
0.000019 0.101415 1.589682 0.054433
0.000019 0.101415 1.589682 0.054433
0.000019 0.101415 1.589682 0.054433
0.000018 0.101415 1.589682 0.054433
0.000018 0.101415 1.589682 0.054433
0.000018 0.101415 1.589682 0.054433
0.000018 0.101415 1.589682 0.054433
0.000018 0.101415 1.589682 0.054433
0.000018 0.101415 1.589682 0.054433
0.000018 0.101415 1.589682 0.054433
0.000018 0.101415 1.589682 0.054433
0.000018 0.101415 1.589682 0.054433
0.000018 0.101415 1.589682 0.054433
0.000018 0.101415 1.589682 0.054433
0.000018 0.101415 1.589682 0.054433
0.000018 0.101415 1.589682 0.054433
0.000018 0.101415 1.589682 0.054433
0.000018 0.101415 1.589682 0.054433
0.000018 0.101415 1.589682 0.054433
0.000018 0.101415 1.589682 0.054433
0.000018 0.101415 1.589682 0.054433
0.000018 0.101415 1.589682 0.054433
0.000018 0.101415 1.589682 0.054433
0.000017 0.101415 1.589682 0.054433
0.000017 0.101415 1.589682 0.054433
0.000017 0.101415 1.589682 0.054433
0.000017 0.101415 1.589682 0.054433
0.000017 0.101415 1.589682 0.054433
0.000017 0.101415 1.589682 0.054433
0.000017 0.101415 1.589682 0.054433
0.000017 0.101415 1.589682 0.054433
0.000017 0.101415 1.589682 0.054433
0.000017 0.101415 1.589682 0.054433
0.000017 0.101415 1.589682 0.054433
0.000017 0.101415 1.589682 0.054433
0.000017 0.101415 1.589682 0.054433
0.000017 0.101415 1.589682 0.054433
0.000017 0.101415 1.589682 0.054433
0.000017 0.101415 1.589682 0.054433
0.000017 0.101415 1.589682 0.054433
0.000017 0.101415 1.589682 0.054433
0.000017 0.101415 1.589682 0.054433
0.000017 0.101415 1.589682 0.054433
0.000017 0.101415 1.589682 0.054433
0.000017 0.101415 1.589682 0.054433
0.000016 0.101415 1.589682 0.054433
0.000016 0.101415 1.589682 0.054433
0.000016 0.101415 1.589682 0.054433
0.000016 0.101415 1.589682 0.054433
0.000016 0.101415 1.589682 0.054433
0.000016 0.101415 1.589682 0.054433
0.000016 0.101415 1.589682 0.054433
0.000016 0.101415 1.589682 0.054433
0.000016 0.101415 1.589682 0.054433
0.000016 0.101415 1.589682 0.054433
0.000016 0.101415 1.589682 0.054433
0.000016 0.101415 1.589682 0.054433
0.000016 0.101415 1.589682 0.054433
0.000016 0.101415 1.589682 0.054433
0.000016 0.101415 1.589682 0.054433
0.000016 0.101415 1.589682 0.054433
0.000016 0.101415 1.589682 0.054433
0.000016 0.101415 1.589682 0.054433
0.000016 0.101415 1.589682 0.054433
0.000016 0.101415 1.589682 0.054433
0.000016 0.101415 1.589682 0.054433
0.000016 0.101415 1.589682 0.054433
0.000016 0.101415 1.589682 0.054433
0.000015 0.101415 1.589682 0.054433
0.000015 0.101415 1.589682 0.054433
0.000015 0.101415 1.589682 0.054433
0.000015 0.101415 1.589682 0.054433
0.000015 0.101415 1.589682 0.054433
0.000015 0.101415 1.589682 0.054433
0.000015 0.101415 1.589682 0.054433
0.000015 0.101415 1.589682 0.054433
0.000015 0.101415 1.589682 0.054433
0.000015 0.101415 1.589682 0.054433
0.000015 0.101415 1.589682 0.054433
0.000015 0.101415 1.589682 0.054433
0.000015 0.101415 1.589682 0.054433
0.000015 0.101415 1.589682 0.054433
0.000015 0.101415 1.589682 0.054433
0.000015 0.101415 1.589682 0.054433
0.000015 0.101415 1.589682 0.054433
0.000015 0.101415 1.589682 0.054433
0.000015 0.101415 1.589682 0.054433
0.000015 0.101415 1.589682 0.054433
0.000015 0.101415 1.589682 0.054433
0.000015 0.101415 1.589682 0.054433
0.000015 0.101415 1.589682 0.054433
0.000015 0.101415 1.589682 0.054433
0.000015 0.101415 1.589682 0.054433
0.000014 0.101415 1.589682 0.054433
0.000014 0.101415 1.589682 0.054433
0.000014 0.101415 1.589682 0.054433
0.000014 0.101415 1.589682 0.054433
0.000014 0.101415 1.589682 0.054433
0.000014 0.101415 1.589682 0.054433
0.000014 0.101415 1.589682 0.054433
0.000014 0.101415 1.589682 0.054433
0.000014 0.101415 1.589682 0.054433
0.000014 0.101415 1.589682 0.054433
0.000014 0.101415 1.589682 0.054433
0.000014 0.101415 1.589682 0.054433
0.000014 0.101415 1.589682 0.054433
0.000014 0.101415 1.589682 0.054433
0.000014 0.101415 1.589682 0.054433
0.000014 0.101415 1.589682 0.054433
0.000014 0.101415 1.589682 0.054433
0.000014 0.101415 1.589682 0.054433
0.000014 0.101415 1.589682 0.054433
0.000014 0.101415 1.589682 0.054433
0.000014 0.101415 1.589682 0.054433
0.000014 0.101415 1.589682 0.054433
0.000014 0.101415 1.589682 0.054433
0.000014 0.101415 1.589682 0.054433
0.000014 0.101415 1.589682 0.054433
0.000014 0.101415 1.589682 0.054433
0.000013 0.101415 1.589682 0.054433
0.000013 0.101415 1.589682 0.054433
0.000013 0.101415 1.589682 0.054433
0.000013 0.101415 1.589682 0.054433
0.000013 0.101415 1.589682 0.054433
0.000013 0.101415 1.589682 0.054433
0.000013 0.101415 1.589682 0.054433
0.000013 0.101415 1.589682 0.054433
0.000013 0.101415 1.589682 0.054433
0.000013 0.101415 1.589682 0.054433
0.000013 0.101415 1.589682 0.054433
0.000013 0.101415 1.589682 0.054433
0.000013 0.101415 1.589682 0.054433
0.000013 0.101415 1.589682 0.054433
0.000013 0.101415 1.589682 0.054433
0.000013 0.101415 1.589682 0.054433
0.000013 0.101415 1.589682 0.054433
0.000013 0.101415 1.589682 0.054433
0.000013 0.101415 1.589682 0.054433
0.000013 0.101415 1.589682 0.054433
0.000013 0.101415 1.589682 0.054433
0.000013 0.101415 1.589682 0.054433
0.000013 0.101415 1.589682 0.054433
0.000013 0.101415 1.589682 0.054433
0.000013 0.101415 1.589682 0.054433
0.000013 0.101415 1.589682 0.054433
0.000013 0.101415 1.589682 0.054433
0.000013 0.101415 1.589682 0.054433
0.000012 0.101415 1.589682 0.054433
0.000012 0.101415 1.589682 0.054433
0.000012 0.101415 1.589682 0.054433
0.000012 0.101415 1.589682 0.054433
0.000012 0.101415 1.589682 0.054433
0.000012 0.101415 1.589682 0.054433
0.000012 0.101415 1.589682 0.054433
0.000012 0.101415 1.589682 0.054433
0.000012 0.101415 1.589682 0.054433
0.000012 0.101415 1.589682 0.054433
0.000012 0.101415 1.589682 0.054433
0.000012 0.101415 1.589682 0.054433
0.000012 0.101415 1.589682 0.054433
0.000012 0.101415 1.589682 0.054433
0.000012 0.101415 1.589682 0.054433
0.000012 0.101415 1.589682 0.054433
0.000012 0.101415 1.589682 0.054433
0.000012 0.101415 1.589682 0.054433
0.000012 0.101415 1.589682 0.054433
0.000012 0.101415 1.589682 0.054433
0.000012 0.101415 1.589682 0.054433
0.000012 0.101415 1.589682 0.054433
0.000012 0.101415 1.589682 0.054433
0.000012 0.101415 1.589682 0.054433
0.000012 0.101415 1.589682 0.054433
0.000012 0.101415 1.589682 0.054433
0.000012 0.101415 1.589682 0.054433
0.000012 0.101415 1.589682 0.054433
0.000012 0.101415 1.589682 0.054433
0.000012 0.101415 1.589682 0.054433
0.000012 0.101415 1.589682 0.054433
0.000011 0.101415 1.589682 0.054433
0.000011 0.101415 1.589682 0.054433
0.000011 0.101415 1.589682 0.054433
0.000011 0.101415 1.589682 0.054433
0.000011 0.101415 1.589682 0.054433
0.000011 0.101415 1.589682 0.054433
0.000011 0.101415 1.589682 0.054433
0.000011 0.101415 1.589682 0.054433
0.000011 0.101415 1.589682 0.054433
0.000011 0.101415 1.589682 0.054433
0.000011 0.101415 1.589682 0.054433
0.000011 0.101415 1.589682 0.054433
0.000011 0.101415 1.589682 0.054433
0.000011 0.101415 1.589682 0.054433
0.000011 0.101415 1.589682 0.054433
0.000011 0.101415 1.589682 0.054433
0.000011 0.101415 1.589682 0.054433
0.000011 0.101415 1.589682 0.054433
0.000011 0.101415 1.589682 0.054433
0.000011 0.101415 1.589682 0.054433
0.000011 0.101415 1.589682 0.054433
0.000011 0.101415 1.589682 0.054433
0.000011 0.101415 1.589682 0.054433
0.000011 0.101415 1.589682 0.054433
0.000011 0.101415 1.589682 0.054433
0.000011 0.101415 1.589682 0.054433
0.000011 0.101415 1.589682 0.054433
0.000011 0.101415 1.589682 0.054433
0.000011 0.101415 1.589682 0.054433
0.000011 0.101415 1.589682 0.054433
0.000011 0.101415 1.589682 0.054433
0.000011 0.101415 1.589682 0.054433
0.000011 0.101415 1.589682 0.054433
0.000011 0.101415 1.589682 0.054433
0.000010 0.101415 1.589682 0.054433
0.000010 0.101415 1.589682 0.054433
0.000010 0.101415 1.589682 0.054433
0.000010 0.101415 1.589682 0.054433
0.000010 0.101415 1.589682 0.054433
0.000010 0.101415 1.589682 0.054433
0.000010 0.101415 1.589682 0.054433
0.000010 0.101415 1.589682 0.054433
0.000010 0.101415 1.589682 0.054433
0.000010 0.101415 1.589682 0.054433
0.000010 0.101415 1.589682 0.054433
0.000010 0.101415 1.589682 0.054433
0.000010 0.101415 1.589682 0.054433
0.000010 0.101415 1.589682 0.054433
0.000010 0.101415 1.589682 0.054433
0.000010 0.101415 1.589682 0.054433
0.000010 0.101415 1.589682 0.054433
0.000010 0.101415 1.589682 0.054433
0.000010 0.101415 1.589682 0.054433
