1.017194 0.055661 1.604345 0.034071
0.709019 0.055661 1.604345 0.034071
0.510043 0.055661 1.604345 0.034071
0.397772 0.055661 1.604345 0.034071
0.336061 0.055662 1.604347 0.034072
0.295288 0.055640 1.604231 0.034057
0.267725 0.055567 1.603886 0.034009
0.247612 0.055471 1.603361 0.033947
0.232001 0.055367 1.602617 0.033880
0.219403 0.055276 1.601638 0.033823
0.208713 0.055234 1.600584 0.033799
0.199255 0.055276 1.599785 0.033832
0.190583 0.055420 1.599665 0.033932
0.182582 0.055669 1.600671 0.034102
0.175212 0.056015 1.603192 0.034335
0.168516 0.056439 1.607480 0.034617
0.162464 0.056911 1.613592 0.034928
0.156941 0.057394 1.621351 0.035242
0.151769 0.057843 1.630367 0.035532
0.146768 0.058212 1.640082 0.035766
0.141828 0.058463 1.649861 0.035921
0.136934 0.058568 1.659079 0.035978
0.132176 0.058516 1.667202 0.035932
0.127702 0.058310 1.673835 0.035784
0.123618 0.057970 1.678746 0.035547
0.119936 0.057523 1.681853 0.035241
0.116621 0.057004 1.683204 0.034887
0.113618 0.056450 1.682947 0.034509
0.110863 0.055897 1.681294 0.034132
0.108286 0.055377 1.678493 0.033776
0.105834 0.054915 1.674806 0.033458
0.103470 0.054532 1.670487 0.033191
0.101172 0.054239 1.665769 0.032985
0.098932 0.054043 1.660855 0.032842
0.096758 0.053945 1.655912 0.032764
0.094660 0.053942 1.651073 0.032749
0.092646 0.054026 1.646437 0.032791
0.090705 0.054187 1.642073 0.032883
0.088839 0.054411 1.638029 0.033017
0.087042 0.054685 1.634329 0.033183
0.085307 0.054993 1.630983 0.033371
0.083630 0.055320 1.627987 0.033571
0.082009 0.055652 1.625326 0.033773
0.080443 0.055977 1.622978 0.033969
0.078948 0.056282 1.620917 0.034153
0.077515 0.056559 1.619112 0.034318
0.076147 0.056802 1.617534 0.034461
0.074845 0.057005 1.616152 0.034578
0.073607 0.057167 1.614939 0.034669
0.072427 0.057286 1.613870 0.034732
0.071296 0.057364 1.612923 0.034770
0.070202 0.057402 1.612082 0.034784
0.069136 0.057405 1.611331 0.034776
0.068091 0.057375 1.610658 0.034748
0.067071 0.057317 1.610054 0.034704
0.066064 0.057236 1.609512 0.034646
0.065064 0.057137 1.609025 0.034579
0.064066 0.057024 1.608589 0.034504
0.063063 0.056902 1.608200 0.034425
0.062050 0.056775 1.607854 0.034343
0.061018 0.056647 1.607549 0.034262
0.059976 0.056519 1.607285 0.034182
0.058894 0.056395 1.607058 0.034105
0.057764 0.056276 1.606869 0.034032
0.056581 0.056162 1.606718 0.033963
0.055344 0.056055 1.606602 0.033899
0.054056 0.055955 1.606523 0.033839
0.052730 0.055862 1.606479 0.033783
0.051379 0.055775 1.606469 0.033732
0.050019 0.055694 1.606494 0.033684
0.048665 0.055618 1.606550 0.033640
0.047334 0.055546 1.606637 0.033598
0.046037 0.055479 1.606752 0.033558
0.044782 0.055414 1.606893 0.033520
0.043575 0.055353 1.607058 0.033484
0.042418 0.055294 1.607244 0.033449
0.041307 0.055237 1.607448 0.033415
0.040238 0.055182 1.607667 0.033382
0.039205 0.055129 1.607898 0.033349
0.038201 0.055077 1.608138 0.033318
0.037220 0.055028 1.608384 0.033287
0.036254 0.054980 1.608634 0.033258
0.035299 0.054934 1.608885 0.033229
0.034351 0.054891 1.609136 0.033202
0.033407 0.054849 1.609383 0.033176
0.032468 0.054810 1.609625 0.033151
0.031533 0.054773 1.609860 0.033127
0.030605 0.054739 1.610088 0.033106
0.029690 0.054708 1.610307 0.033085
0.028790 0.054679 1.610516 0.033067
0.027912 0.054653 1.610715 0.033050
0.027062 0.054630 1.610903 0.033035
0.026244 0.054610 1.611080 0.033022
0.025465 0.054592 1.611245 0.033010
0.024728 0.054576 1.611400 0.033000
0.024036 0.054563 1.611543 0.032992
0.023389 0.054552 1.611676 0.032985
0.022785 0.054544 1.611798 0.032979
0.022223 0.054537 1.611910 0.032975
0.021698 0.054532 1.612012 0.032972
0.021205 0.054529 1.612105 0.032970
0.020740 0.054527 1.612188 0.032970
0.020299 0.054526 1.612264 0.032970
0.019875 0.054527 1.612331 0.032971
0.019467 0.054529 1.612390 0.032974
0.019071 0.054532 1.612442 0.032976
0.018687 0.054536 1.612488 0.032980
0.018313 0.054541 1.612527 0.032984
0.017951 0.054546 1.612560 0.032989
0.017601 0.054552 1.612587 0.032995
0.017266 0.054559 1.612610 0.033000
0.016946 0.054566 1.612628 0.033007
0.016642 0.054574 1.612641 0.033013
0.016354 0.054581 1.612650 0.033020
0.016081 0.054590 1.612656 0.033027
0.015825 0.054598 1.612658 0.033035
0.015584 0.054607 1.612657 0.033043
0.015357 0.054616 1.612654 0.033051
0.015143 0.054625 1.612648 0.033059
0.014940 0.054634 1.612640 0.033067
0.014747 0.054643 1.612630 0.033076
0.014563 0.054653 1.612618 0.033084
0.014385 0.054662 1.612605 0.033093
0.014213 0.054672 1.612591 0.033102
0.014045 0.054681 1.612575 0.033111
0.013882 0.054691 1.612559 0.033120
0.013724 0.054700 1.612542 0.033128
0.013570 0.054710 1.612525 0.033137
0.013421 0.054719 1.612508 0.033146
0.013278 0.054728 1.612490 0.033155
0.013141 0.054737 1.612472 0.033163
0.013012 0.054746 1.612455 0.033172
0.012890 0.054754 1.612438 0.033180
0.012777 0.054763 1.612421 0.033188
0.012672 0.054771 1.612404 0.033196
0.012576 0.054779 1.612388 0.033204
0.012490 0.054787 1.612372 0.033212
0.012412 0.054795 1.612357 0.033220
0.012342 0.054803 1.612343 0.033227
0.012280 0.054810 1.612329 0.033234
0.012225 0.054817 1.612316 0.033242
0.012176 0.054823 1.612303 0.033248
0.012131 0.054830 1.612291 0.033255
0.012090 0.054836 1.612280 0.033261
0.012050 0.054842 1.612270 0.033267
0.012012 0.054848 1.612260 0.033273
0.011973 0.054853 1.612251 0.033279
0.011932 0.054858 1.612243 0.033285
0.011889 0.054863 1.612235 0.033290
0.011843 0.054868 1.612228 0.033295
0.011793 0.054873 1.612222 0.033300
0.011738 0.054877 1.612216 0.033304
0.011678 0.054881 1.612210 0.033308
0.011612 0.054884 1.612206 0.033312
0.011542 0.054888 1.612201 0.033316
0.011466 0.054891 1.612198 0.033320
0.011386 0.054894 1.612194 0.033323
0.011301 0.054897 1.612191 0.033327
0.011211 0.054899 1.612189 0.033330
0.011118 0.054901 1.612186 0.033332
0.011020 0.054904 1.612184 0.033335
0.010918 0.054905 1.612183 0.033337
0.010813 0.054907 1.612181 0.033340
0.010705 0.054908 1.612180 0.033342
0.010596 0.054910 1.612179 0.033343
0.010485 0.054911 1.612179 0.033345
0.010373 0.054912 1.612178 0.033346
0.010260 0.054912 1.612178 0.033348
0.010147 0.054913 1.612177 0.033349
0.010034 0.054913 1.612177 0.033350
0.009921 0.054913 1.612177 0.033351
0.009809 0.054913 1.612177 0.033351
0.009698 0.054913 1.612177 0.033352
0.009589 0.054913 1.612177 0.033352
0.009481 0.054912 1.612178 0.033353
0.009374 0.054912 1.612178 0.033353
0.009269 0.054911 1.612178 0.033353
0.009166 0.054910 1.612178 0.033353
0.009064 0.054909 1.612179 0.033353
0.008965 0.054908 1.612179 0.033353
0.008866 0.054907 1.612179 0.033352
0.008770 0.054905 1.612179 0.033352
0.008675 0.054904 1.612180 0.033351
0.008581 0.054902 1.612180 0.033351
0.008489 0.054900 1.612180 0.033350
0.008398 0.054899 1.612180 0.033349
0.008309 0.054897 1.612180 0.033348
0.008222 0.054895 1.612180 0.033347
0.008136 0.054893 1.612180 0.033346
0.008052 0.054891 1.612180 0.033345
0.007970 0.054888 1.612180 0.033344
0.007890 0.054886 1.612180 0.033343
0.007813 0.054884 1.612180 0.033342
0.007739 0.054881 1.612180 0.033341
0.007668 0.054879 1.612180 0.033340
0.007601 0.054876 1.612180 0.033338
0.007538 0.054873 1.612180 0.033337
0.007479 0.054871 1.612180 0.033336
0.007425 0.054868 1.612179 0.033334
0.007376 0.054865 1.612179 0.033333
0.007333 0.054862 1.612179 0.033332
0.007295 0.054859 1.612179 0.033330
0.007262 0.054856 1.612179 0.033329
0.007235 0.054853 1.612179 0.033327
0.007214 0.054850 1.612179 0.033326
0.007200 0.054847 1.612178 0.033324
0.007190 0.054844 1.612178 0.033323
0.007187 0.054841 1.612178 0.033321
0.007189 0.054838 1.612178 0.033320
0.007195 0.054835 1.612178 0.033318
0.007206 0.054832 1.612178 0.033317
0.007221 0.054829 1.612178 0.033315
0.007238 0.054826 1.612178 0.033314
0.007259 0.054823 1.612178 0.033312
0.007282 0.054819 1.612179 0.033311
0.007306 0.054816 1.612179 0.033309
0.007330 0.054813 1.612179 0.033308
0.007356 0.054810 1.612179 0.033306
0.007392 0.054807 1.612179 0.033305
0.007429 0.054804 1.612180 0.033303
0.007465 0.054801 1.612180 0.033302
0.007500 0.054798 1.612180 0.033300
0.007532 0.054795 1.612181 0.033299
0.007562 0.054791 1.612181 0.033297
0.007590 0.054788 1.612182 0.033296
0.007615 0.054785 1.612182 0.033295
0.007637 0.054782 1.612183 0.033293
0.007656 0.054779 1.612184 0.033292
0.007672 0.054776 1.612184 0.033291
0.007685 0.054773 1.612185 0.033289
0.007695 0.054770 1.612186 0.033288
0.007702 0.054767 1.612186 0.033287
0.007706 0.054765 1.612187 0.033285
0.007708 0.054762 1.612188 0.033284
0.007707 0.054759 1.612189 0.033283
0.007704 0.054756 1.612190 0.033281
0.007700 0.054753 1.612191 0.033280
0.007693 0.054750 1.612192 0.033279
0.007685 0.054747 1.612193 0.033278
0.007675 0.054745 1.612194 0.033276
0.007664 0.054742 1.612195 0.033275
0.007652 0.054739 1.612196 0.033274
0.007639 0.054736 1.612197 0.033273
0.007625 0.054734 1.612198 0.033272
0.007610 0.054731 1.612199 0.033270
0.007595 0.054728 1.612200 0.033269
0.007579 0.054726 1.612201 0.033268
0.007562 0.054723 1.612202 0.033267
0.007545 0.054720 1.612204 0.033266
0.007527 0.054718 1.612205 0.033265
0.007508 0.054715 1.612206 0.033264
0.007489 0.054713 1.612207 0.033263
0.007470 0.054710 1.612209 0.033262
0.007449 0.054708 1.612210 0.033261
0.007428 0.054705 1.612211 0.033259
0.007407 0.054703 1.612213 0.033258
0.007385 0.054701 1.612214 0.033257
0.007362 0.054698 1.612216 0.033256
0.007338 0.054696 1.612217 0.033256
0.007313 0.054694 1.612219 0.033255
0.007288 0.054692 1.612220 0.033254
0.007262 0.054689 1.612222 0.033253
0.007235 0.054687 1.612223 0.033252
0.007206 0.054685 1.612225 0.033251
0.007177 0.054683 1.612226 0.033250
0.007147 0.054681 1.612228 0.033249
0.007116 0.054679 1.612229 0.033248
0.007083 0.054676 1.612231 0.033247
0.007049 0.054674 1.612233 0.033246
0.007014 0.054672 1.612234 0.033246
0.006977 0.054670 1.612236 0.033245
0.006939 0.054668 1.612237 0.033244
0.006900 0.054666 1.612239 0.033243
0.006859 0.054664 1.612241 0.033242
0.006823 0.054662 1.612242 0.033241
0.006789 0.054661 1.612244 0.033240
0.006751 0.054659 1.612246 0.033240
0.006711 0.054657 1.612247 0.033239
0.006667 0.054655 1.612249 0.033238
0.006621 0.054653 1.612250 0.033237
0.006571 0.054651 1.612252 0.033236
0.006518 0.054649 1.612254 0.033236
0.006463 0.054648 1.612255 0.033235
0.006406 0.054646 1.612257 0.033234
0.006347 0.054644 1.612258 0.033233
0.006287 0.054642 1.612260 0.033233
0.006225 0.054641 1.612262 0.033232
0.006163 0.054639 1.612263 0.033231
0.006100 0.054637 1.612265 0.033230
0.006036 0.054635 1.612266 0.033230
0.005971 0.054634 1.612268 0.033229
0.005906 0.054632 1.612269 0.033228
0.005841 0.054630 1.612271 0.033227
0.005776 0.054629 1.612272 0.033227
0.005711 0.054627 1.612274 0.033226
0.005647 0.054626 1.612275 0.033225
0.005583 0.054624 1.612277 0.033224
0.005521 0.054623 1.612278 0.033224
0.005459 0.054621 1.612280 0.033223
0.005398 0.054619 1.612281 0.033222
0.005339 0.054618 1.612283 0.033222
0.005282 0.054616 1.612284 0.033221
0.005226 0.054615 1.612285 0.033220
0.005172 0.054613 1.612287 0.033220
0.005120 0.054612 1.612288 0.033219
0.005071 0.054611 1.612290 0.033218
0.005024 0.054609 1.612291 0.033218
0.004979 0.054608 1.612292 0.033217
0.004936 0.054606 1.612294 0.033216
0.004896 0.054605 1.612295 0.033216
0.004858 0.054604 1.612296 0.033215
0.004823 0.054602 1.612298 0.033214
0.004791 0.054601 1.612299 0.033214
0.004761 0.054600 1.612300 0.033213
0.004734 0.054598 1.612302 0.033212
0.004709 0.054597 1.612303 0.033212
0.004686 0.054596 1.612304 0.033211
0.004666 0.054594 1.612305 0.033211
0.004648 0.054593 1.612307 0.033210
0.004632 0.054592 1.612308 0.033209
0.004619 0.054591 1.612309 0.033209
0.004607 0.054590 1.612310 0.033208
0.004597 0.054588 1.612311 0.033208
0.004589 0.054587 1.612313 0.033207
0.004582 0.054586 1.612314 0.033207
0.004576 0.054585 1.612315 0.033206
0.004572 0.054584 1.612316 0.033205
0.004568 0.054583 1.612317 0.033205
0.004566 0.054582 1.612318 0.033204
0.004564 0.054580 1.612319 0.033204
0.004562 0.054579 1.612320 0.033203
0.004561 0.054578 1.612321 0.033203
0.004560 0.054577 1.612322 0.033202
0.004559 0.054576 1.612324 0.033202
0.004558 0.054575 1.612325 0.033201
0.004557 0.054574 1.612326 0.033201
0.004555 0.054573 1.612327 0.033200
0.004553 0.054572 1.612328 0.033200
0.004550 0.054571 1.612329 0.033199
0.004547 0.054570 1.612330 0.033199
0.004536 0.054570 1.612331 0.033198
0.004525 0.054569 1.612332 0.033198
0.004514 0.054568 1.612332 0.033197
0.004502 0.054567 1.612333 0.033197
0.004490 0.054566 1.612334 0.033197
0.004477 0.054565 1.612335 0.033196
0.004464 0.054564 1.612336 0.033196
0.004451 0.054564 1.612337 0.033195
0.004437 0.054563 1.612338 0.033195
0.004419 0.054562 1.612339 0.033194
0.004400 0.054561 1.612340 0.033194
0.004381 0.054560 1.612341 0.033194
0.004360 0.054560 1.612342 0.033193
0.004338 0.054559 1.612342 0.033193
0.004315 0.054558 1.612343 0.033193
0.004291 0.054557 1.612344 0.033192
0.004266 0.054557 1.612345 0.033192
0.004240 0.054556 1.612346 0.033191
0.004213 0.054555 1.612346 0.033191
0.004186 0.054555 1.612347 0.033191
0.004157 0.054554 1.612348 0.033190
0.004127 0.054553 1.612349 0.033190
0.004096 0.054553 1.612350 0.033190
0.004064 0.054552 1.612350 0.033189
0.004032 0.054552 1.612351 0.033189
0.003998 0.054551 1.612352 0.033189
0.003964 0.054550 1.612353 0.033189
0.003928 0.054550 1.612353 0.033188
0.003892 0.054549 1.612354 0.033188
0.003855 0.054549 1.612355 0.033188
0.003817 0.054548 1.612355 0.033187
0.003778 0.054548 1.612356 0.033187
0.003739 0.054547 1.612357 0.033187
0.003698 0.054547 1.612358 0.033187
0.003657 0.054546 1.612358 0.033186
0.003616 0.054546 1.612359 0.033186
0.003573 0.054545 1.612360 0.033186
0.003530 0.054545 1.612360 0.033186
0.003487 0.054544 1.612361 0.033185
0.003443 0.054544 1.612362 0.033185
0.003398 0.054543 1.612362 0.033185
0.003353 0.054543 1.612363 0.033185
0.003308 0.054542 1.612363 0.033184
0.003262 0.054542 1.612364 0.033184
0.003216 0.054542 1.612365 0.033184
0.003170 0.054541 1.612365 0.033184
0.003124 0.054541 1.612366 0.033184
0.003078 0.054540 1.612367 0.033183
0.003032 0.054540 1.612367 0.033183
0.002985 0.054540 1.612368 0.033183
0.002939 0.054539 1.612368 0.033183
0.002893 0.054539 1.612369 0.033183
0.002847 0.054539 1.612369 0.033183
0.002802 0.054538 1.612370 0.033182
0.002756 0.054538 1.612371 0.033182
0.002712 0.054538 1.612371 0.033182
0.002667 0.054537 1.612372 0.033182
0.002623 0.054537 1.612372 0.033182
0.002580 0.054537 1.612373 0.033182
0.002537 0.054536 1.612373 0.033181
0.002495 0.054536 1.612374 0.033181
0.002454 0.054536 1.612374 0.033181
0.002414 0.054536 1.612375 0.033181
0.002374 0.054535 1.612375 0.033181
0.002335 0.054535 1.612376 0.033181
0.002297 0.054535 1.612376 0.033181
0.002260 0.054535 1.612377 0.033181
0.002224 0.054534 1.612377 0.033180
0.002190 0.054534 1.612378 0.033180
0.002156 0.054534 1.612378 0.033180
0.002123 0.054534 1.612379 0.033180
0.002092 0.054534 1.612379 0.033180
0.002061 0.054533 1.612380 0.033180
0.002032 0.054533 1.612380 0.033180
0.002004 0.054533 1.612381 0.033180
0.001978 0.054533 1.612381 0.033180
0.001952 0.054533 1.612381 0.033179
0.001928 0.054532 1.612382 0.033179
0.001905 0.054532 1.612382 0.033179
0.001884 0.054532 1.612383 0.033179
0.001864 0.054532 1.612383 0.033179
0.001845 0.054532 1.612384 0.033179
0.001827 0.054531 1.612384 0.033179
0.001811 0.054531 1.612384 0.033179
0.001796 0.054531 1.612385 0.033179
0.001782 0.054531 1.612385 0.033179
0.001769 0.054531 1.612386 0.033179
0.001758 0.054531 1.612386 0.033179
0.001748 0.054531 1.612387 0.033179
0.001738 0.054530 1.612387 0.033178
0.001730 0.054530 1.612387 0.033178
0.001723 0.054530 1.612388 0.033178
0.001717 0.054530 1.612388 0.033178
0.001712 0.054530 1.612389 0.033178
0.001709 0.054530 1.612389 0.033178
0.001708 0.054530 1.612389 0.033178
0.001707 0.054530 1.612390 0.033178
0.001707 0.054529 1.612390 0.033178
0.001708 0.054529 1.612390 0.033178
0.001710 0.054529 1.612391 0.033178
0.001711 0.054529 1.612391 0.033178
0.001714 0.054529 1.612392 0.033178
0.001716 0.054529 1.612392 0.033178
0.001719 0.054529 1.612392 0.033178
0.001722 0.054529 1.612393 0.033178
0.001725 0.054529 1.612393 0.033178
0.001728 0.054529 1.612393 0.033178
0.001731 0.054529 1.612394 0.033178
0.001735 0.054528 1.612394 0.033178
0.001738 0.054528 1.612394 0.033178
0.001741 0.054528 1.612395 0.033178
0.001744 0.054528 1.612395 0.033178
0.001746 0.054528 1.612395 0.033177
0.001749 0.054528 1.612396 0.033177
0.001751 0.054528 1.612396 0.033177
0.001754 0.054528 1.612396 0.033177
0.001756 0.054528 1.612397 0.033177
0.001758 0.054528 1.612397 0.033177
0.001759 0.054528 1.612397 0.033177
0.001761 0.054528 1.612398 0.033177
0.001762 0.054528 1.612398 0.033177
0.001763 0.054528 1.612398 0.033177
0.001764 0.054528 1.612398 0.033177
0.001764 0.054528 1.612399 0.033177
0.001764 0.054528 1.612399 0.033177
0.001764 0.054528 1.612399 0.033177
0.001764 0.054527 1.612400 0.033177
0.001763 0.054527 1.612400 0.033177
0.001763 0.054527 1.612400 0.033177
0.001761 0.054527 1.612401 0.033177
0.001760 0.054527 1.612401 0.033177
0.001758 0.054527 1.612401 0.033177
0.001756 0.054527 1.612401 0.033177
0.001754 0.054527 1.612402 0.033177
0.001751 0.054527 1.612402 0.033177
0.001748 0.054527 1.612402 0.033177
0.001745 0.054527 1.612402 0.033177
0.001742 0.054527 1.612403 0.033177
0.001738 0.054527 1.612403 0.033177
0.001734 0.054527 1.612403 0.033177
0.001729 0.054527 1.612404 0.033177
0.001725 0.054527 1.612404 0.033177
0.001720 0.054527 1.612404 0.033177
0.001714 0.054527 1.612404 0.033177
0.001709 0.054527 1.612405 0.033177
0.001703 0.054527 1.612405 0.033177
0.001697 0.054527 1.612405 0.033177
0.001691 0.054527 1.612405 0.033177
0.001684 0.054527 1.612406 0.033177
0.001677 0.054527 1.612406 0.033177
0.001670 0.054527 1.612406 0.033177
0.001662 0.054527 1.612406 0.033177
0.001655 0.054527 1.612407 0.033177
0.001647 0.054527 1.612407 0.033177
0.001638 0.054527 1.612407 0.033177
0.001630 0.054527 1.612407 0.033177
0.001621 0.054527 1.612408 0.033177
0.001613 0.054527 1.612408 0.033177
0.001603 0.054527 1.612408 0.033177
0.001594 0.054527 1.612408 0.033177
0.001585 0.054527 1.612408 0.033177
0.001575 0.054527 1.612409 0.033177
0.001565 0.054527 1.612409 0.033177
0.001555 0.054527 1.612409 0.033177
0.001545 0.054527 1.612409 0.033177
0.001535 0.054527 1.612410 0.033177
0.001524 0.054527 1.612410 0.033177
0.001514 0.054527 1.612410 0.033177
0.001503 0.054527 1.612410 0.033177
0.001492 0.054527 1.612410 0.033177
0.001481 0.054527 1.612411 0.033177
0.001470 0.054527 1.612411 0.033177
0.001459 0.054527 1.612411 0.033177
0.001447 0.054527 1.612411 0.033177
0.001436 0.054527 1.612412 0.033177
0.001425 0.054527 1.612412 0.033177
0.001413 0.054527 1.612412 0.033177
0.001401 0.054527 1.612412 0.033177
0.001390 0.054527 1.612412 0.033177
0.001378 0.054527 1.612413 0.033177
0.001366 0.054527 1.612413 0.033177
0.001354 0.054527 1.612413 0.033177
0.001342 0.054527 1.612413 0.033177
0.001331 0.054527 1.612413 0.033177
0.001319 0.054527 1.612414 0.033177
0.001307 0.054527 1.612414 0.033178
0.001295 0.054527 1.612414 0.033178
0.001283 0.054527 1.612414 0.033178
0.001271 0.054527 1.612414 0.033178
0.001259 0.054527 1.612415 0.033178
0.001247 0.054527 1.612415 0.033178
0.001235 0.054528 1.612415 0.033178
0.001223 0.054528 1.612415 0.033178
0.001211 0.054528 1.612415 0.033178
0.001199 0.054528 1.612415 0.033178
0.001187 0.054528 1.612416 0.033178
0.001175 0.054528 1.612416 0.033178
0.001164 0.054528 1.612416 0.033178
0.001152 0.054528 1.612416 0.033178
0.001140 0.054528 1.612416 0.033178
0.001128 0.054528 1.612417 0.033178
0.001117 0.054528 1.612417 0.033178
0.001105 0.054528 1.612417 0.033178
0.001094 0.054528 1.612417 0.033178
0.001082 0.054528 1.612417 0.033178
0.001071 0.054528 1.612417 0.033178
0.001060 0.054528 1.612418 0.033178
0.001048 0.054528 1.612418 0.033178
0.001037 0.054528 1.612418 0.033178
0.001026 0.054528 1.612418 0.033178
0.001015 0.054528 1.612418 0.033178
0.001004 0.054528 1.612418 0.033178
0.000993 0.054528 1.612419 0.033178
0.000982 0.054528 1.612419 0.033178
0.000972 0.054528 1.612419 0.033178
0.000961 0.054528 1.612419 0.033178
0.000951 0.054528 1.612419 0.033178
0.000940 0.054528 1.612419 0.033178
0.000930 0.054528 1.612419 0.033178
0.000919 0.054528 1.612420 0.033178
0.000909 0.054528 1.612420 0.033178
0.000899 0.054528 1.612420 0.033178
0.000889 0.054528 1.612420 0.033178
0.000879 0.054528 1.612420 0.033178
0.000870 0.054528 1.612420 0.033178
0.000860 0.054529 1.612421 0.033178
0.000850 0.054529 1.612421 0.033178
0.000841 0.054529 1.612421 0.033178
0.000831 0.054529 1.612421 0.033178
0.000822 0.054529 1.612421 0.033178
0.000813 0.054529 1.612421 0.033178
0.000804 0.054529 1.612421 0.033178
0.000795 0.054529 1.612422 0.033178
0.000786 0.054529 1.612422 0.033179
0.000777 0.054529 1.612422 0.033179
0.000768 0.054529 1.612422 0.033179
0.000760 0.054529 1.612422 0.033179
0.000751 0.054529 1.612422 0.033179
0.000743 0.054529 1.612422 0.033179
0.000734 0.054529 1.612423 0.033179
0.000726 0.054529 1.612423 0.033179
0.000718 0.054529 1.612423 0.033179
0.000710 0.054529 1.612423 0.033179
0.000702 0.054529 1.612423 0.033179
0.000694 0.054529 1.612423 0.033179
0.000686 0.054529 1.612423 0.033179
0.000679 0.054529 1.612424 0.033179
0.000671 0.054529 1.612424 0.033179
0.000664 0.054529 1.612424 0.033179
0.000656 0.054529 1.612424 0.033179
0.000649 0.054529 1.612424 0.033179
0.000642 0.054529 1.612424 0.033179
0.000635 0.054529 1.612424 0.033179
0.000628 0.054529 1.612424 0.033179
0.000621 0.054530 1.612425 0.033179
0.000614 0.054530 1.612425 0.033179
0.000608 0.054530 1.612425 0.033179
0.000601 0.054530 1.612425 0.033179
0.000594 0.054530 1.612425 0.033179
0.000588 0.054530 1.612425 0.033179
0.000581 0.054530 1.612425 0.033179
0.000575 0.054530 1.612425 0.033179
0.000569 0.054530 1.612426 0.033179
0.000563 0.054530 1.612426 0.033179
0.000557 0.054530 1.612426 0.033179
0.000551 0.054530 1.612426 0.033179
0.000545 0.054530 1.612426 0.033179
0.000539 0.054530 1.612426 0.033179
0.000534 0.054530 1.612426 0.033179
0.000528 0.054530 1.612426 0.033179
0.000522 0.054530 1.612426 0.033179
0.000517 0.054530 1.612427 0.033179
0.000512 0.054530 1.612427 0.033179
0.000506 0.054530 1.612427 0.033179
0.000501 0.054530 1.612427 0.033179
0.000496 0.054530 1.612427 0.033179
0.000491 0.054530 1.612427 0.033179
0.000486 0.054530 1.612427 0.033180
0.000481 0.054530 1.612427 0.033180
0.000476 0.054530 1.612428 0.033180
0.000471 0.054530 1.612428 0.033180
0.000466 0.054530 1.612428 0.033180
0.000462 0.054530 1.612428 0.033180
0.000457 0.054531 1.612428 0.033180
0.000452 0.054531 1.612428 0.033180
0.000448 0.054531 1.612428 0.033180
0.000444 0.054531 1.612428 0.033180
0.000439 0.054531 1.612428 0.033180
0.000435 0.054531 1.612428 0.033180
0.000431 0.054531 1.612429 0.033180
0.000427 0.054531 1.612429 0.033180
0.000423 0.054531 1.612429 0.033180
0.000419 0.054531 1.612429 0.033180
0.000415 0.054531 1.612429 0.033180
0.000411 0.054531 1.612429 0.033180
0.000407 0.054531 1.612429 0.033180
0.000403 0.054531 1.612429 0.033180
0.000399 0.054531 1.612429 0.033180
0.000396 0.054531 1.612429 0.033180
0.000392 0.054531 1.612430 0.033180
0.000388 0.054531 1.612430 0.033180
0.000385 0.054531 1.612430 0.033180
0.000381 0.054531 1.612430 0.033180
0.000378 0.054531 1.612430 0.033180
0.000375 0.054531 1.612430 0.033180
0.000371 0.054531 1.612430 0.033180
0.000368 0.054531 1.612430 0.033180
0.000365 0.054531 1.612430 0.033180
0.000362 0.054531 1.612430 0.033180
0.000359 0.054531 1.612431 0.033180
0.000356 0.054531 1.612431 0.033180
0.000353 0.054531 1.612431 0.033180
0.000350 0.054531 1.612431 0.033180
0.000347 0.054532 1.612431 0.033180
0.000344 0.054532 1.612431 0.033180
0.000341 0.054532 1.612431 0.033180
0.000338 0.054532 1.612431 0.033180
0.000335 0.054532 1.612431 0.033180
0.000333 0.054532 1.612431 0.033180
0.000330 0.054532 1.612431 0.033180
0.000327 0.054532 1.612432 0.033180
0.000325 0.054532 1.612432 0.033180
0.000322 0.054532 1.612432 0.033180
0.000320 0.054532 1.612432 0.033180
0.000317 0.054532 1.612432 0.033180
0.000315 0.054532 1.612432 0.033181
0.000312 0.054532 1.612432 0.033181
0.000310 0.054532 1.612432 0.033181
0.000308 0.054532 1.612432 0.033181
0.000305 0.054532 1.612432 0.033181
0.000303 0.054532 1.612432 0.033181
0.000301 0.054532 1.612432 0.033181
0.000299 0.054532 1.612433 0.033181
0.000297 0.054532 1.612433 0.033181
0.000295 0.054532 1.612433 0.033181
0.000292 0.054532 1.612433 0.033181
0.000290 0.054532 1.612433 0.033181
0.000288 0.054532 1.612433 0.033181
0.000286 0.054532 1.612433 0.033181
0.000284 0.054532 1.612433 0.033181
0.000282 0.054532 1.612433 0.033181
0.000281 0.054532 1.612433 0.033181
0.000279 0.054532 1.612433 0.033181
0.000277 0.054532 1.612433 0.033181
0.000275 0.054532 1.612434 0.033181
0.000273 0.054532 1.612434 0.033181
0.000271 0.054533 1.612434 0.033181
0.000270 0.054533 1.612434 0.033181
0.000268 0.054533 1.612434 0.033181
0.000266 0.054533 1.612434 0.033181
0.000264 0.054533 1.612434 0.033181
0.000263 0.054533 1.612434 0.033181
0.000261 0.054533 1.612434 0.033181
0.000259 0.054533 1.612434 0.033181
0.000258 0.054533 1.612434 0.033181
0.000256 0.054533 1.612434 0.033181
0.000255 0.054533 1.612434 0.033181
0.000253 0.054533 1.612435 0.033181
0.000252 0.054533 1.612435 0.033181
0.000250 0.054533 1.612435 0.033181
0.000249 0.054533 1.612435 0.033181
0.000247 0.054533 1.612435 0.033181
0.000246 0.054533 1.612435 0.033181
0.000244 0.054533 1.612435 0.033181
0.000243 0.054533 1.612435 0.033181
0.000242 0.054533 1.612435 0.033181
0.000240 0.054533 1.612435 0.033181
0.000239 0.054533 1.612435 0.033181
0.000237 0.054533 1.612435 0.033181
0.000236 0.054533 1.612435 0.033181
0.000235 0.054533 1.612435 0.033181
0.000234 0.054533 1.612436 0.033181
0.000232 0.054533 1.612436 0.033181
0.000231 0.054533 1.612436 0.033181
0.000230 0.054533 1.612436 0.033181
0.000228 0.054533 1.612436 0.033181
0.000227 0.054533 1.612436 0.033181
0.000226 0.054533 1.612436 0.033181
0.000225 0.054533 1.612436 0.033181
0.000224 0.054533 1.612436 0.033181
0.000222 0.054533 1.612436 0.033181
0.000221 0.054533 1.612436 0.033181
0.000220 0.054533 1.612436 0.033182
0.000219 0.054534 1.612436 0.033182
0.000218 0.054534 1.612436 0.033182
0.000217 0.054534 1.612436 0.033182
0.000216 0.054534 1.612436 0.033182
0.000215 0.054534 1.612437 0.033182
0.000214 0.054534 1.612437 0.033182
0.000213 0.054534 1.612437 0.033182
0.000212 0.054534 1.612437 0.033182
0.000211 0.054534 1.612437 0.033182
0.000210 0.054534 1.612437 0.033182
0.000209 0.054534 1.612437 0.033182
0.000208 0.054534 1.612437 0.033182
0.000207 0.054534 1.612437 0.033182
0.000206 0.054534 1.612437 0.033182
0.000205 0.054534 1.612437 0.033182
0.000204 0.054534 1.612437 0.033182
0.000203 0.054534 1.612437 0.033182
0.000202 0.054534 1.612437 0.033182
0.000201 0.054534 1.612437 0.033182
0.000200 0.054534 1.612437 0.033182
0.000199 0.054534 1.612438 0.033182
0.000198 0.054534 1.612438 0.033182
0.000197 0.054534 1.612438 0.033182
0.000196 0.054534 1.612438 0.033182
0.000195 0.054534 1.612438 0.033182
0.000194 0.054534 1.612438 0.033182
0.000193 0.054534 1.612438 0.033182
0.000192 0.054534 1.612438 0.033182
0.000191 0.054534 1.612438 0.033182
0.000190 0.054534 1.612438 0.033182
0.000189 0.054534 1.612438 0.033182
0.000189 0.054534 1.612438 0.033182
0.000188 0.054534 1.612438 0.033182
0.000187 0.054534 1.612438 0.033182
0.000186 0.054534 1.612438 0.033182
0.000185 0.054534 1.612438 0.033182
0.000184 0.054534 1.612438 0.033182
0.000183 0.054534 1.612438 0.033182
0.000183 0.054534 1.612439 0.033182
0.000182 0.054534 1.612439 0.033182
0.000181 0.054534 1.612439 0.033182
0.000180 0.054534 1.612439 0.033182
0.000179 0.054534 1.612439 0.033182
0.000178 0.054534 1.612439 0.033182
0.000178 0.054535 1.612439 0.033182
0.000177 0.054535 1.612439 0.033182
0.000176 0.054535 1.612439 0.033182
0.000175 0.054535 1.612439 0.033182
0.000174 0.054535 1.612439 0.033182
0.000173 0.054535 1.612439 0.033182
0.000173 0.054535 1.612439 0.033182
0.000172 0.054535 1.612439 0.033182
0.000171 0.054535 1.612439 0.033182
0.000170 0.054535 1.612439 0.033182
0.000170 0.054535 1.612439 0.033182
0.000169 0.054535 1.612439 0.033182
0.000168 0.054535 1.612439 0.033182
0.000167 0.054535 1.612439 0.033182
0.000167 0.054535 1.612440 0.033182
0.000166 0.054535 1.612440 0.033182
0.000165 0.054535 1.612440 0.033182
0.000164 0.054535 1.612440 0.033182
0.000164 0.054535 1.612440 0.033182
0.000163 0.054535 1.612440 0.033182
0.000162 0.054535 1.612440 0.033182
0.000161 0.054535 1.612440 0.033182
0.000161 0.054535 1.612440 0.033182
0.000160 0.054535 1.612440 0.033182
0.000159 0.054535 1.612440 0.033182
0.000158 0.054535 1.612440 0.033182
0.000158 0.054535 1.612440 0.033182
0.000157 0.054535 1.612440 0.033182
0.000156 0.054535 1.612440 0.033183
0.000156 0.054535 1.612440 0.033183
0.000155 0.054535 1.612440 0.033183
0.000154 0.054535 1.612440 0.033183
0.000154 0.054535 1.612440 0.033183
0.000153 0.054535 1.612440 0.033183
0.000152 0.054535 1.612440 0.033183
0.000151 0.054535 1.612440 0.033183
0.000151 0.054535 1.612441 0.033183
0.000150 0.054535 1.612441 0.033183
0.000149 0.054535 1.612441 0.033183
0.000149 0.054535 1.612441 0.033183
0.000148 0.054535 1.612441 0.033183
0.000147 0.054535 1.612441 0.033183
0.000147 0.054535 1.612441 0.033183
0.000146 0.054535 1.612441 0.033183
0.000145 0.054535 1.612441 0.033183
0.000145 0.054535 1.612441 0.033183
0.000144 0.054535 1.612441 0.033183
0.000143 0.054535 1.612441 0.033183
0.000143 0.054535 1.612441 0.033183
0.000142 0.054535 1.612441 0.033183
0.000142 0.054535 1.612441 0.033183
0.000141 0.054535 1.612441 0.033183
0.000140 0.054535 1.612441 0.033183
0.000140 0.054536 1.612441 0.033183
0.000139 0.054536 1.612441 0.033183
0.000138 0.054536 1.612441 0.033183
0.000138 0.054536 1.612441 0.033183
0.000137 0.054536 1.612441 0.033183
0.000137 0.054536 1.612441 0.033183
0.000136 0.054536 1.612441 0.033183
0.000135 0.054536 1.612442 0.033183
0.000135 0.054536 1.612442 0.033183
0.000134 0.054536 1.612442 0.033183
0.000134 0.054536 1.612442 0.033183
0.000133 0.054536 1.612442 0.033183
0.000132 0.054536 1.612442 0.033183
0.000132 0.054536 1.612442 0.033183
0.000131 0.054536 1.612442 0.033183
0.000131 0.054536 1.612442 0.033183
0.000130 0.054536 1.612442 0.033183
0.000129 0.054536 1.612442 0.033183
0.000129 0.054536 1.612442 0.033183
0.000128 0.054536 1.612442 0.033183
0.000128 0.054536 1.612442 0.033183
0.000127 0.054536 1.612442 0.033183
0.000126 0.054536 1.612442 0.033183
0.000126 0.054536 1.612442 0.033183
0.000125 0.054536 1.612442 0.033183
0.000125 0.054536 1.612442 0.033183
0.000124 0.054536 1.612442 0.033183
0.000124 0.054536 1.612442 0.033183
0.000123 0.054536 1.612442 0.033183
0.000123 0.054536 1.612442 0.033183
0.000122 0.054536 1.612442 0.033183
0.000121 0.054536 1.612442 0.033183
0.000121 0.054536 1.612442 0.033183
0.000120 0.054536 1.612442 0.033183
0.000120 0.054536 1.612442 0.033183
0.000119 0.054536 1.612443 0.033183
0.000119 0.054536 1.612443 0.033183
0.000118 0.054536 1.612443 0.033183
0.000118 0.054536 1.612443 0.033183
0.000117 0.054536 1.612443 0.033183
0.000117 0.054536 1.612443 0.033183
0.000116 0.054536 1.612443 0.033183
0.000116 0.054536 1.612443 0.033183
0.000115 0.054536 1.612443 0.033183
0.000114 0.054536 1.612443 0.033183
0.000114 0.054536 1.612443 0.033183
0.000113 0.054536 1.612443 0.033183
0.000113 0.054536 1.612443 0.033183
0.000112 0.054536 1.612443 0.033183
0.000112 0.054536 1.612443 0.033183
0.000111 0.054536 1.612443 0.033183
0.000111 0.054536 1.612443 0.033183
0.000110 0.054536 1.612443 0.033183
0.000110 0.054536 1.612443 0.033183
0.000109 0.054536 1.612443 0.033183
0.000109 0.054536 1.612443 0.033183
0.000108 0.054536 1.612443 0.033183
0.000108 0.054536 1.612443 0.033183
0.000107 0.054536 1.612443 0.033183
0.000107 0.054536 1.612443 0.033183
0.000106 0.054536 1.612443 0.033183
0.000106 0.054536 1.612443 0.033183
0.000105 0.054536 1.612443 0.033183
0.000105 0.054536 1.612443 0.033183
0.000104 0.054536 1.612443 0.033183
0.000104 0.054536 1.612443 0.033183
0.000104 0.054536 1.612443 0.033183
0.000103 0.054536 1.612444 0.033183
0.000103 0.054536 1.612444 0.033183
0.000102 0.054536 1.612444 0.033183
0.000102 0.054537 1.612444 0.033183
0.000101 0.054537 1.612444 0.033183
0.000101 0.054537 1.612444 0.033183
0.000100 0.054537 1.612444 0.033183
0.000100 0.054537 1.612444 0.033183
0.000099 0.054537 1.612444 0.033183
0.000099 0.054537 1.612444 0.033183
0.000098 0.054537 1.612444 0.033183
0.000098 0.054537 1.612444 0.033183
0.000098 0.054537 1.612444 0.033183
0.000097 0.054537 1.612444 0.033183
0.000097 0.054537 1.612444 0.033183
0.000096 0.054537 1.612444 0.033183
0.000096 0.054537 1.612444 0.033183
0.000095 0.054537 1.612444 0.033183
0.000095 0.054537 1.612444 0.033184
0.000094 0.054537 1.612444 0.033184
0.000094 0.054537 1.612444 0.033184
0.000094 0.054537 1.612444 0.033184
0.000093 0.054537 1.612444 0.033184
0.000093 0.054537 1.612444 0.033184
0.000092 0.054537 1.612444 0.033184
0.000092 0.054537 1.612444 0.033184
0.000091 0.054537 1.612444 0.033184
0.000091 0.054537 1.612444 0.033184
0.000091 0.054537 1.612444 0.033184
0.000090 0.054537 1.612444 0.033184
0.000090 0.054537 1.612444 0.033184
0.000089 0.054537 1.612444 0.033184
0.000089 0.054537 1.612444 0.033184
0.000089 0.054537 1.612444 0.033184
0.000088 0.054537 1.612444 0.033184
0.000088 0.054537 1.612444 0.033184
0.000087 0.054537 1.612444 0.033184
0.000087 0.054537 1.612445 0.033184
0.000087 0.054537 1.612445 0.033184
0.000086 0.054537 1.612445 0.033184
0.000086 0.054537 1.612445 0.033184
0.000085 0.054537 1.612445 0.033184
0.000085 0.054537 1.612445 0.033184
0.000085 0.054537 1.612445 0.033184
0.000084 0.054537 1.612445 0.033184
0.000084 0.054537 1.612445 0.033184
0.000083 0.054537 1.612445 0.033184
0.000083 0.054537 1.612445 0.033184
0.000083 0.054537 1.612445 0.033184
0.000082 0.054537 1.612445 0.033184
0.000082 0.054537 1.612445 0.033184
0.000081 0.054537 1.612445 0.033184
0.000081 0.054537 1.612445 0.033184
0.000081 0.054537 1.612445 0.033184
0.000080 0.054537 1.612445 0.033184
0.000080 0.054537 1.612445 0.033184
0.000080 0.054537 1.612445 0.033184
0.000079 0.054537 1.612445 0.033184
0.000079 0.054537 1.612445 0.033184
0.000078 0.054537 1.612445 0.033184
0.000078 0.054537 1.612445 0.033184
0.000078 0.054537 1.612445 0.033184
0.000077 0.054537 1.612445 0.033184
0.000077 0.054537 1.612445 0.033184
0.000077 0.054537 1.612445 0.033184
0.000076 0.054537 1.612445 0.033184
0.000076 0.054537 1.612445 0.033184
0.000076 0.054537 1.612445 0.033184
0.000075 0.054537 1.612445 0.033184
0.000075 0.054537 1.612445 0.033184
0.000075 0.054537 1.612445 0.033184
0.000074 0.054537 1.612445 0.033184
0.000074 0.054537 1.612445 0.033184
0.000074 0.054537 1.612445 0.033184
0.000073 0.054537 1.612445 0.033184
0.000073 0.054537 1.612445 0.033184
0.000073 0.054537 1.612445 0.033184
0.000072 0.054537 1.612445 0.033184
0.000072 0.054537 1.612445 0.033184
0.000072 0.054537 1.612445 0.033184
0.000071 0.054537 1.612445 0.033184
0.000071 0.054537 1.612445 0.033184
0.000071 0.054537 1.612445 0.033184
0.000070 0.054537 1.612446 0.033184
0.000070 0.054537 1.612446 0.033184
0.000070 0.054537 1.612446 0.033184
0.000069 0.054537 1.612446 0.033184
0.000069 0.054537 1.612446 0.033184
0.000069 0.054537 1.612446 0.033184
0.000068 0.054537 1.612446 0.033184
0.000068 0.054537 1.612446 0.033184
0.000068 0.054537 1.612446 0.033184
0.000067 0.054537 1.612446 0.033184
0.000067 0.054537 1.612446 0.033184
0.000067 0.054537 1.612446 0.033184
0.000066 0.054537 1.612446 0.033184
0.000066 0.054537 1.612446 0.033184
0.000066 0.054537 1.612446 0.033184
0.000065 0.054537 1.612446 0.033184
0.000065 0.054537 1.612446 0.033184
0.000065 0.054537 1.612446 0.033184
0.000065 0.054537 1.612446 0.033184
0.000064 0.054537 1.612446 0.033184
0.000064 0.054537 1.612446 0.033184
0.000064 0.054537 1.612446 0.033184
0.000063 0.054537 1.612446 0.033184
0.000063 0.054537 1.612446 0.033184
0.000063 0.054537 1.612446 0.033184
0.000062 0.054537 1.612446 0.033184
0.000062 0.054538 1.612446 0.033184
0.000062 0.054538 1.612446 0.033184
0.000062 0.054538 1.612446 0.033184
0.000061 0.054538 1.612446 0.033184
0.000061 0.054538 1.612446 0.033184
0.000061 0.054538 1.612446 0.033184
0.000060 0.054538 1.612446 0.033184
0.000060 0.054538 1.612446 0.033184
0.000060 0.054538 1.612446 0.033184
0.000060 0.054538 1.612446 0.033184
0.000059 0.054538 1.612446 0.033184
0.000059 0.054538 1.612446 0.033184
0.000059 0.054538 1.612446 0.033184
0.000058 0.054538 1.612446 0.033184
0.000058 0.054538 1.612446 0.033184
0.000058 0.054538 1.612446 0.033184
0.000058 0.054538 1.612446 0.033184
0.000057 0.054538 1.612446 0.033184
0.000057 0.054538 1.612446 0.033184
0.000057 0.054538 1.612446 0.033184
0.000057 0.054538 1.612446 0.033184
0.000056 0.054538 1.612446 0.033184
0.000056 0.054538 1.612446 0.033184
0.000056 0.054538 1.612446 0.033184
0.000056 0.054538 1.612446 0.033184
0.000055 0.054538 1.612446 0.033184
0.000055 0.054538 1.612446 0.033184
0.000055 0.054538 1.612446 0.033184
0.000054 0.054538 1.612446 0.033184
0.000054 0.054538 1.612446 0.033184
0.000054 0.054538 1.612446 0.033184
0.000054 0.054538 1.612446 0.033184
0.000053 0.054538 1.612446 0.033184
0.000053 0.054538 1.612446 0.033184
0.000053 0.054538 1.612447 0.033184
0.000053 0.054538 1.612447 0.033184
0.000052 0.054538 1.612447 0.033184
0.000052 0.054538 1.612447 0.033184
0.000052 0.054538 1.612447 0.033184
0.000052 0.054538 1.612447 0.033184
0.000051 0.054538 1.612447 0.033184
0.000051 0.054538 1.612447 0.033184
0.000051 0.054538 1.612447 0.033184
0.000051 0.054538 1.612447 0.033184
0.000051 0.054538 1.612447 0.033184
0.000050 0.054538 1.612447 0.033184
0.000050 0.054538 1.612447 0.033184
0.000050 0.054538 1.612447 0.033184
0.000050 0.054538 1.612447 0.033184
0.000049 0.054538 1.612447 0.033184
0.000049 0.054538 1.612447 0.033184
0.000049 0.054538 1.612447 0.033184
0.000049 0.054538 1.612447 0.033184
0.000048 0.054538 1.612447 0.033184
0.000048 0.054538 1.612447 0.033184
0.000048 0.054538 1.612447 0.033184
0.000048 0.054538 1.612447 0.033184
0.000048 0.054538 1.612447 0.033184
0.000047 0.054538 1.612447 0.033184
0.000047 0.054538 1.612447 0.033184
0.000047 0.054538 1.612447 0.033184
0.000047 0.054538 1.612447 0.033184
0.000046 0.054538 1.612447 0.033184
0.000046 0.054538 1.612447 0.033184
0.000046 0.054538 1.612447 0.033184
0.000046 0.054538 1.612447 0.033184
0.000046 0.054538 1.612447 0.033184
0.000045 0.054538 1.612447 0.033184
0.000045 0.054538 1.612447 0.033184
0.000045 0.054538 1.612447 0.033184
0.000045 0.054538 1.612447 0.033184
0.000044 0.054538 1.612447 0.033184
0.000044 0.054538 1.612447 0.033184
0.000044 0.054538 1.612447 0.033184
0.000044 0.054538 1.612447 0.033184
0.000044 0.054538 1.612447 0.033184
0.000043 0.054538 1.612447 0.033184
0.000043 0.054538 1.612447 0.033184
0.000043 0.054538 1.612447 0.033184
0.000043 0.054538 1.612447 0.033184
0.000043 0.054538 1.612447 0.033184
0.000042 0.054538 1.612447 0.033184
0.000042 0.054538 1.612447 0.033184
0.000042 0.054538 1.612447 0.033184
0.000042 0.054538 1.612447 0.033184
0.000042 0.054538 1.612447 0.033184
0.000041 0.054538 1.612447 0.033184
0.000041 0.054538 1.612447 0.033184
0.000041 0.054538 1.612447 0.033184
0.000041 0.054538 1.612447 0.033184
0.000041 0.054538 1.612447 0.033184
0.000040 0.054538 1.612447 0.033184
0.000040 0.054538 1.612447 0.033184
0.000040 0.054538 1.612447 0.033184
0.000040 0.054538 1.612447 0.033184
0.000040 0.054538 1.612447 0.033184
0.000040 0.054538 1.612447 0.033184
0.000039 0.054538 1.612447 0.033184
0.000039 0.054538 1.612447 0.033184
0.000039 0.054538 1.612447 0.033184
0.000039 0.054538 1.612447 0.033184
0.000039 0.054538 1.612447 0.033184
0.000038 0.054538 1.612447 0.033184
0.000038 0.054538 1.612447 0.033184
0.000038 0.054538 1.612447 0.033184
0.000038 0.054538 1.612447 0.033184
0.000038 0.054538 1.612447 0.033184
0.000037 0.054538 1.612447 0.033184
0.000037 0.054538 1.612447 0.033184
0.000037 0.054538 1.612447 0.033184
0.000037 0.054538 1.612447 0.033184
0.000037 0.054538 1.612447 0.033184
0.000037 0.054538 1.612447 0.033184
0.000036 0.054538 1.612447 0.033184
0.000036 0.054538 1.612447 0.033184
0.000036 0.054538 1.612447 0.033184
0.000036 0.054538 1.612448 0.033184
0.000036 0.054538 1.612448 0.033184
0.000036 0.054538 1.612448 0.033184
0.000035 0.054538 1.612448 0.033184
0.000035 0.054538 1.612448 0.033184
0.000035 0.054538 1.612448 0.033184
0.000035 0.054538 1.612448 0.033184
0.000035 0.054538 1.612448 0.033184
0.000035 0.054538 1.612448 0.033184
0.000034 0.054538 1.612448 0.033184
0.000034 0.054538 1.612448 0.033184
0.000034 0.054538 1.612448 0.033184
0.000034 0.054538 1.612448 0.033184
0.000034 0.054538 1.612448 0.033184
0.000034 0.054538 1.612448 0.033184
0.000033 0.054538 1.612448 0.033184
0.000033 0.054538 1.612448 0.033184
0.000033 0.054538 1.612448 0.033184
0.000033 0.054538 1.612448 0.033184
0.000033 0.054538 1.612448 0.033184
0.000033 0.054538 1.612448 0.033184
0.000033 0.054538 1.612448 0.033184
0.000032 0.054538 1.612448 0.033184
0.000032 0.054538 1.612448 0.033184
0.000032 0.054538 1.612448 0.033184
0.000032 0.054538 1.612448 0.033184
0.000032 0.054538 1.612448 0.033184
0.000032 0.054538 1.612448 0.033184
0.000031 0.054538 1.612448 0.033184
0.000031 0.054538 1.612448 0.033184
0.000031 0.054538 1.612448 0.033184
0.000031 0.054538 1.612448 0.033184
0.000031 0.054538 1.612448 0.033184
0.000031 0.054538 1.612448 0.033184
0.000031 0.054538 1.612448 0.033185
0.000030 0.054538 1.612448 0.033185
0.000030 0.054538 1.612448 0.033185
0.000030 0.054538 1.612448 0.033185
0.000030 0.054538 1.612448 0.033185
0.000030 0.054538 1.612448 0.033185
0.000030 0.054538 1.612448 0.033185
0.000030 0.054538 1.612448 0.033185
0.000029 0.054538 1.612448 0.033185
0.000029 0.054538 1.612448 0.033185
0.000029 0.054538 1.612448 0.033185
0.000029 0.054538 1.612448 0.033185
0.000029 0.054538 1.612448 0.033185
0.000029 0.054538 1.612448 0.033185
0.000029 0.054538 1.612448 0.033185
0.000028 0.054538 1.612448 0.033185
0.000028 0.054538 1.612448 0.033185
0.000028 0.054538 1.612448 0.033185
0.000028 0.054538 1.612448 0.033185
0.000028 0.054538 1.612448 0.033185
0.000028 0.054538 1.612448 0.033185
0.000028 0.054538 1.612448 0.033185
0.000028 0.054538 1.612448 0.033185
0.000027 0.054538 1.612448 0.033185
0.000027 0.054538 1.612448 0.033185
0.000027 0.054538 1.612448 0.033185
0.000027 0.054538 1.612448 0.033185
0.000027 0.054538 1.612448 0.033185
0.000027 0.054538 1.612448 0.033185
0.000027 0.054538 1.612448 0.033185
0.000027 0.054538 1.612448 0.033185
0.000026 0.054538 1.612448 0.033185
0.000026 0.054538 1.612448 0.033185
0.000026 0.054538 1.612448 0.033185
0.000026 0.054538 1.612448 0.033185
0.000026 0.054538 1.612448 0.033185
0.000026 0.054538 1.612448 0.033185
0.000026 0.054538 1.612448 0.033185
0.000026 0.054538 1.612448 0.033185
0.000025 0.054538 1.612448 0.033185
0.000025 0.054538 1.612448 0.033185
0.000025 0.054538 1.612448 0.033185
0.000025 0.054538 1.612448 0.033185
0.000025 0.054538 1.612448 0.033185
0.000025 0.054538 1.612448 0.033185
0.000025 0.054538 1.612448 0.033185
0.000025 0.054538 1.612448 0.033185
0.000024 0.054538 1.612448 0.033185
0.000024 0.054538 1.612448 0.033185
0.000024 0.054538 1.612448 0.033185
0.000024 0.054538 1.612448 0.033185
0.000024 0.054538 1.612448 0.033185
0.000024 0.054538 1.612448 0.033185
0.000024 0.054538 1.612448 0.033185
0.000024 0.054538 1.612448 0.033185
0.000024 0.054538 1.612448 0.033185
0.000023 0.054538 1.612448 0.033185
0.000023 0.054538 1.612448 0.033185
0.000023 0.054538 1.612448 0.033185
0.000023 0.054538 1.612448 0.033185
0.000023 0.054538 1.612448 0.033185
0.000023 0.054538 1.612448 0.033185
0.000023 0.054538 1.612448 0.033185
0.000023 0.054538 1.612448 0.033185
0.000023 0.054538 1.612448 0.033185
0.000022 0.054538 1.612448 0.033185
0.000022 0.054538 1.612448 0.033185
0.000022 0.054538 1.612448 0.033185
0.000022 0.054538 1.612448 0.033185
0.000022 0.054538 1.612448 0.033185
0.000022 0.054538 1.612448 0.033185
0.000022 0.054538 1.612448 0.033185
0.000022 0.054539 1.612448 0.033185
0.000022 0.054539 1.612448 0.033185
0.000022 0.054539 1.612448 0.033185
0.000021 0.054539 1.612448 0.033185
0.000021 0.054539 1.612448 0.033185
0.000021 0.054539 1.612448 0.033185
0.000021 0.054539 1.612448 0.033185
0.000021 0.054539 1.612448 0.033185
0.000021 0.054539 1.612448 0.033185
0.000021 0.054539 1.612448 0.033185
0.000021 0.054539 1.612448 0.033185
0.000021 0.054539 1.612448 0.033185
0.000021 0.054539 1.612448 0.033185
0.000020 0.054539 1.612448 0.033185
0.000020 0.054539 1.612448 0.033185
0.000020 0.054539 1.612448 0.033185
0.000020 0.054539 1.612448 0.033185
0.000020 0.054539 1.612448 0.033185
0.000020 0.054539 1.612448 0.033185
0.000020 0.054539 1.612448 0.033185
0.000020 0.054539 1.612448 0.033185
0.000020 0.054539 1.612448 0.033185
0.000020 0.054539 1.612448 0.033185
0.000019 0.054539 1.612448 0.033185
0.000019 0.054539 1.612448 0.033185
0.000019 0.054539 1.612448 0.033185
0.000019 0.054539 1.612448 0.033185
0.000019 0.054539 1.612448 0.033185
0.000019 0.054539 1.612448 0.033185
0.000019 0.054539 1.612448 0.033185
0.000019 0.054539 1.612448 0.033185
0.000019 0.054539 1.612448 0.033185
0.000019 0.054539 1.612448 0.033185
0.000019 0.054539 1.612449 0.033185
0.000018 0.054539 1.612449 0.033185
0.000018 0.054539 1.612449 0.033185
0.000018 0.054539 1.612449 0.033185
0.000018 0.054539 1.612449 0.033185
0.000018 0.054539 1.612449 0.033185
0.000018 0.054539 1.612449 0.033185
0.000018 0.054539 1.612449 0.033185
0.000018 0.054539 1.612449 0.033185
0.000018 0.054539 1.612449 0.033185
0.000018 0.054539 1.612449 0.033185
0.000018 0.054539 1.612449 0.033185
0.000018 0.054539 1.612449 0.033185
0.000017 0.054539 1.612449 0.033185
0.000017 0.054539 1.612449 0.033185
0.000017 0.054539 1.612449 0.033185
0.000017 0.054539 1.612449 0.033185
0.000017 0.054539 1.612449 0.033185
0.000017 0.054539 1.612449 0.033185
0.000017 0.054539 1.612449 0.033185
0.000017 0.054539 1.612449 0.033185
0.000017 0.054539 1.612449 0.033185
0.000017 0.054539 1.612449 0.033185
0.000017 0.054539 1.612449 0.033185
0.000017 0.054539 1.612449 0.033185
0.000016 0.054539 1.612449 0.033185
0.000016 0.054539 1.612449 0.033185
0.000016 0.054539 1.612449 0.033185
0.000016 0.054539 1.612449 0.033185
0.000016 0.054539 1.612449 0.033185
0.000016 0.054539 1.612449 0.033185
0.000016 0.054539 1.612449 0.033185
0.000016 0.054539 1.612449 0.033185
0.000016 0.054539 1.612449 0.033185
0.000016 0.054539 1.612449 0.033185
0.000016 0.054539 1.612449 0.033185
0.000016 0.054539 1.612449 0.033185
0.000016 0.054539 1.612449 0.033185
0.000015 0.054539 1.612449 0.033185
0.000015 0.054539 1.612449 0.033185
0.000015 0.054539 1.612449 0.033185
0.000015 0.054539 1.612449 0.033185
0.000015 0.054539 1.612449 0.033185
0.000015 0.054539 1.612449 0.033185
0.000015 0.054539 1.612449 0.033185
0.000015 0.054539 1.612449 0.033185
0.000015 0.054539 1.612449 0.033185
0.000015 0.054539 1.612449 0.033185
0.000015 0.054539 1.612449 0.033185
0.000015 0.054539 1.612449 0.033185
0.000015 0.054539 1.612449 0.033185
0.000015 0.054539 1.612449 0.033185
0.000014 0.054539 1.612449 0.033185
0.000014 0.054539 1.612449 0.033185
0.000014 0.054539 1.612449 0.033185
0.000014 0.054539 1.612449 0.033185
0.000014 0.054539 1.612449 0.033185
0.000014 0.054539 1.612449 0.033185
0.000014 0.054539 1.612449 0.033185
0.000014 0.054539 1.612449 0.033185
0.000014 0.054539 1.612449 0.033185
0.000014 0.054539 1.612449 0.033185
0.000014 0.054539 1.612449 0.033185
0.000014 0.054539 1.612449 0.033185
0.000014 0.054539 1.612449 0.033185
0.000014 0.054539 1.612449 0.033185
0.000014 0.054539 1.612449 0.033185
0.000013 0.054539 1.612449 0.033185
0.000013 0.054539 1.612449 0.033185
0.000013 0.054539 1.612449 0.033185
0.000013 0.054539 1.612449 0.033185
0.000013 0.054539 1.612449 0.033185
0.000013 0.054539 1.612449 0.033185
0.000013 0.054539 1.612449 0.033185
0.000013 0.054539 1.612449 0.033185
0.000013 0.054539 1.612449 0.033185
0.000013 0.054539 1.612449 0.033185
0.000013 0.054539 1.612449 0.033185
0.000013 0.054539 1.612449 0.033185
0.000013 0.054539 1.612449 0.033185
0.000013 0.054539 1.612449 0.033185
0.000013 0.054539 1.612449 0.033185
0.000013 0.054539 1.612449 0.033185
0.000012 0.054539 1.612449 0.033185
0.000012 0.054539 1.612449 0.033185
0.000012 0.054539 1.612449 0.033185
0.000012 0.054539 1.612449 0.033185
0.000012 0.054539 1.612449 0.033185
0.000012 0.054539 1.612449 0.033185
0.000012 0.054539 1.612449 0.033185
0.000012 0.054539 1.612449 0.033185
0.000012 0.054539 1.612449 0.033185
0.000012 0.054539 1.612449 0.033185
0.000012 0.054539 1.612449 0.033185
0.000012 0.054539 1.612449 0.033185
0.000012 0.054539 1.612449 0.033185
0.000012 0.054539 1.612449 0.033185
0.000012 0.054539 1.612449 0.033185
0.000012 0.054539 1.612449 0.033185
0.000012 0.054539 1.612449 0.033185
0.000012 0.054539 1.612449 0.033185
0.000011 0.054539 1.612449 0.033185
0.000011 0.054539 1.612449 0.033185
0.000011 0.054539 1.612449 0.033185
0.000011 0.054539 1.612449 0.033185
0.000011 0.054539 1.612449 0.033185
0.000011 0.054539 1.612449 0.033185
0.000011 0.054539 1.612449 0.033185
0.000011 0.054539 1.612449 0.033185
0.000011 0.054539 1.612449 0.033185
0.000011 0.054539 1.612449 0.033185
0.000011 0.054539 1.612449 0.033185
0.000011 0.054539 1.612449 0.033185
0.000011 0.054539 1.612449 0.033185
0.000011 0.054539 1.612449 0.033185
0.000011 0.054539 1.612449 0.033185
0.000011 0.054539 1.612449 0.033185
0.000011 0.054539 1.612449 0.033185
0.000011 0.054539 1.612449 0.033185
0.000011 0.054539 1.612449 0.033185
0.000010 0.054539 1.612449 0.033185
0.000010 0.054539 1.612449 0.033185
0.000010 0.054539 1.612449 0.033185
0.000010 0.054539 1.612449 0.033185
0.000010 0.054539 1.612449 0.033185
0.000010 0.054539 1.612449 0.033185
0.000010 0.054539 1.612449 0.033185
0.000010 0.054539 1.612449 0.033185
0.000010 0.054539 1.612449 0.033185
0.000010 0.054539 1.612449 0.033185
0.000010 0.054539 1.612449 0.033185
