0.963520 0.103851 1.569297 0.058305
0.691966 0.103851 1.569297 0.058305
0.504219 0.103827 1.569193 0.058288
0.394265 0.103610 1.568729 0.058143
0.331534 0.103374 1.568190 0.057986
0.288384 0.103082 1.567362 0.057791
0.257519 0.102728 1.566337 0.057565
0.234469 0.102323 1.565232 0.057307
0.216765 0.101874 1.564079 0.057018
0.202805 0.101441 1.563018 0.056739
0.191642 0.101102 1.562274 0.056526
0.182301 0.100937 1.562117 0.056432
0.174205 0.101008 1.562822 0.056496
0.167031 0.101347 1.564608 0.056739
0.160701 0.101947 1.567587 0.057154
0.155198 0.102769 1.571748 0.057714
0.150361 0.103748 1.576954 0.058373
0.145928 0.104805 1.582976 0.059076
0.141698 0.105857 1.589520 0.059767
0.137574 0.106836 1.596272 0.060398
0.133527 0.107689 1.602923 0.060932
0.129567 0.108383 1.609195 0.061350
0.125704 0.108906 1.614855 0.061643
0.121946 0.109259 1.619720 0.061814
0.118305 0.109457 1.623661 0.061877
0.114800 0.109519 1.626602 0.061847
0.111501 0.109471 1.628523 0.061744
0.108392 0.109337 1.629446 0.061587
0.105481 0.109142 1.629437 0.061397
0.102770 0.108909 1.628593 0.061190
0.100241 0.108656 1.627030 0.060980
0.097870 0.108400 1.624878 0.060778
0.095625 0.108153 1.622268 0.060592
0.093477 0.107926 1.619326 0.060429
0.091402 0.107725 1.616169 0.060292
0.089377 0.107554 1.612898 0.060181
0.087392 0.107414 1.609600 0.060096
0.085447 0.107305 1.606345 0.060035
0.083543 0.107224 1.603186 0.059995
0.081685 0.107168 1.600164 0.059973
0.079872 0.107132 1.597305 0.059965
0.078100 0.107110 1.594628 0.059966
0.076366 0.107098 1.592140 0.059973
0.074664 0.107090 1.589843 0.059982
0.072994 0.107080 1.587735 0.059989
0.071357 0.107064 1.585809 0.059992
0.069763 0.107038 1.584054 0.059987
0.068223 0.107000 1.582460 0.059974
0.066753 0.106948 1.581014 0.059952
0.065361 0.106881 1.579703 0.059919
0.064054 0.106798 1.578514 0.059876
0.062833 0.106702 1.577435 0.059824
0.061695 0.106593 1.576454 0.059763
0.060633 0.106473 1.575559 0.059695
0.059636 0.106344 1.574741 0.059621
0.058680 0.106209 1.573989 0.059542
0.057763 0.106069 1.573296 0.059460
0.056878 0.105927 1.572657 0.059376
0.056011 0.105784 1.572065 0.059291
0.055152 0.105642 1.571519 0.059207
0.054293 0.105502 1.571014 0.059123
0.053421 0.105365 1.570549 0.059041
0.052552 0.105231 1.570123 0.058960
0.051687 0.105101 1.569735 0.058881
0.050827 0.104975 1.569384 0.058805
0.049977 0.104853 1.569070 0.058730
0.049138 0.104734 1.568791 0.058657
0.048317 0.104618 1.568546 0.058586
0.047515 0.104506 1.568335 0.058516
0.046735 0.104395 1.568156 0.058448
0.045977 0.104286 1.568007 0.058380
0.045238 0.104179 1.567883 0.058314
0.044513 0.104074 1.567784 0.058247
0.043797 0.103969 1.567704 0.058182
0.043084 0.103865 1.567643 0.058116
0.042368 0.103763 1.567598 0.058052
0.041644 0.103663 1.567568 0.057988
0.040907 0.103564 1.567554 0.057925
0.040153 0.103469 1.567555 0.057864
0.039380 0.103376 1.567571 0.057805
0.038585 0.103288 1.567603 0.057748
0.037771 0.103204 1.567651 0.057694
0.036941 0.103124 1.567714 0.057642
0.036096 0.103050 1.567792 0.057594
0.035241 0.102980 1.567884 0.057549
0.034379 0.102917 1.567989 0.057507
0.033514 0.102859 1.568105 0.057469
0.032652 0.102807 1.568233 0.057434
0.031796 0.102760 1.568369 0.057403
0.030952 0.102719 1.568512 0.057376
0.030123 0.102683 1.568662 0.057351
0.029314 0.102652 1.568817 0.057330
0.028528 0.102626 1.568974 0.057312
0.027769 0.102604 1.569134 0.057297
0.027037 0.102586 1.569295 0.057284
0.026335 0.102572 1.569456 0.057274
0.025659 0.102561 1.569616 0.057266
0.025015 0.102554 1.569774 0.057260
0.024404 0.102549 1.569929 0.057256
0.023825 0.102548 1.570080 0.057255
0.023271 0.102549 1.570227 0.057255
0.022738 0.102552 1.570369 0.057257
0.022223 0.102558 1.570506 0.057260
0.021725 0.102566 1.570638 0.057266
0.021243 0.102576 1.570765 0.057272
0.020776 0.102588 1.570887 0.057281
0.020322 0.102601 1.571005 0.057290
0.019883 0.102616 1.571118 0.057301
0.019458 0.102632 1.571226 0.057313
0.019049 0.102650 1.571330 0.057326
0.018655 0.102668 1.571431 0.057339
0.018277 0.102688 1.571527 0.057354
0.017917 0.102708 1.571620 0.057369
0.017575 0.102729 1.571709 0.057385
0.017252 0.102751 1.571795 0.057402
0.016949 0.102773 1.571878 0.057419
0.016665 0.102796 1.571958 0.057436
0.016402 0.102818 1.572034 0.057454
0.016158 0.102841 1.572108 0.057472
0.015934 0.102865 1.572179 0.057490
0.015729 0.102888 1.572247 0.057508
0.015542 0.102911 1.572313 0.057526
0.015372 0.102934 1.572376 0.057544
0.015218 0.102957 1.572437 0.057563
0.015078 0.102979 1.572496 0.057581
0.014953 0.103002 1.572552 0.057599
0.014841 0.103024 1.572606 0.057616
0.014740 0.103045 1.572658 0.057634
0.014652 0.103066 1.572708 0.057651
0.014574 0.103087 1.572756 0.057668
0.014507 0.103107 1.572803 0.057685
0.014450 0.103127 1.572847 0.057701
0.014401 0.103146 1.572889 0.057717
0.014361 0.103165 1.572930 0.057732
0.014329 0.103182 1.572970 0.057747
0.014302 0.103200 1.573007 0.057761
0.014281 0.103216 1.573043 0.057775
0.014264 0.103232 1.573078 0.057789
0.014252 0.103247 1.573112 0.057802
0.014242 0.103261 1.573143 0.057814
0.014231 0.103275 1.573174 0.057826
0.014218 0.103288 1.573204 0.057837
0.014202 0.103301 1.573232 0.057848
0.014183 0.103312 1.573259 0.057859
0.014161 0.103323 1.573284 0.057868
0.014135 0.103334 1.573309 0.057878
0.014106 0.103343 1.573333 0.057886
0.014075 0.103352 1.573355 0.057894
0.014039 0.103361 1.573377 0.057902
0.013997 0.103368 1.573397 0.057909
0.013950 0.103375 1.573417 0.057916
0.013899 0.103381 1.573436 0.057922
0.013845 0.103387 1.573454 0.057927
0.013788 0.103392 1.573471 0.057932
0.013728 0.103396 1.573487 0.057937
0.013665 0.103400 1.573502 0.057941
0.013600 0.103402 1.573516 0.057944
0.013532 0.103404 1.573527 0.057947
0.013460 0.103405 1.573537 0.057949
0.013386 0.103405 1.573543 0.057950
0.013308 0.103404 1.573546 0.057950
0.013228 0.103403 1.573546 0.057950
0.013144 0.103400 1.573542 0.057950
0.013058 0.103397 1.573537 0.057949
0.012969 0.103394 1.573530 0.057947
0.012879 0.103390 1.573521 0.057946
0.012787 0.103385 1.573513 0.057944
0.012694 0.103381 1.573504 0.057941
0.012601 0.103376 1.573495 0.057939
0.012509 0.103372 1.573488 0.057936
0.012418 0.103367 1.573481 0.057934
0.012329 0.103362 1.573476 0.057931
0.012240 0.103358 1.573472 0.057928
0.012153 0.103353 1.573469 0.057925
0.012070 0.103349 1.573468 0.057923
0.011990 0.103344 1.573468 0.057920
0.011914 0.103340 1.573470 0.057917
0.011843 0.103336 1.573472 0.057914
0.011775 0.103331 1.573475 0.057911
0.011711 0.103327 1.573479 0.057908
0.011651 0.103322 1.573483 0.057905
0.011594 0.103318 1.573487 0.057902
0.011541 0.103314 1.573490 0.057899
0.011490 0.103309 1.573491 0.057895
0.011442 0.103305 1.573491 0.057892
0.011396 0.103301 1.573489 0.057889
0.011352 0.103297 1.573486 0.057886
0.011309 0.103293 1.573482 0.057883
0.011267 0.103289 1.573477 0.057880
0.011226 0.103285 1.573472 0.057876
0.011184 0.103281 1.573467 0.057873
0.011143 0.103277 1.573462 0.057870
0.011102 0.103273 1.573457 0.057867
0.011060 0.103269 1.573453 0.057863
0.011017 0.103265 1.573450 0.057860
0.010972 0.103261 1.573448 0.057857
0.010926 0.103257 1.573446 0.057853
0.010877 0.103252 1.573446 0.057850
0.010826 0.103248 1.573446 0.057846
0.010771 0.103244 1.573447 0.057842
0.010713 0.103239 1.573449 0.057839
0.010651 0.103235 1.573452 0.057835
0.010585 0.103230 1.573455 0.057831
0.010514 0.103226 1.573459 0.057828
0.010437 0.103222 1.573463 0.057824
0.010355 0.103218 1.573467 0.057820
0.010267 0.103214 1.573471 0.057817
0.010172 0.103210 1.573476 0.057814
0.010072 0.103206 1.573480 0.057810
0.009965 0.103202 1.573485 0.057807
0.009852 0.103199 1.573490 0.057804
0.009732 0.103196 1.573494 0.057801
0.009608 0.103193 1.573499 0.057799
0.009478 0.103190 1.573503 0.057796
0.009343 0.103187 1.573507 0.057793
0.009204 0.103185 1.573511 0.057791
0.009062 0.103182 1.573515 0.057789
0.008918 0.103180 1.573519 0.057787
0.008773 0.103178 1.573523 0.057785
0.008627 0.103176 1.573527 0.057783
0.008482 0.103174 1.573530 0.057781
0.008339 0.103173 1.573534 0.057779
0.008199 0.103171 1.573537 0.057777
0.008063 0.103170 1.573540 0.057776
0.007932 0.103169 1.573544 0.057774
0.007808 0.103167 1.573547 0.057773
0.007690 0.103166 1.573550 0.057772
0.007579 0.103165 1.573553 0.057770
0.007477 0.103164 1.573555 0.057769
0.007384 0.103163 1.573558 0.057768
0.007300 0.103162 1.573561 0.057767
0.007224 0.103161 1.573563 0.057766
0.007158 0.103161 1.573566 0.057765
0.007100 0.103160 1.573568 0.057764
0.007051 0.103159 1.573571 0.057763
0.007010 0.103158 1.573573 0.057762
0.006976 0.103158 1.573575 0.057761
0.006949 0.103157 1.573577 0.057761
0.006928 0.103156 1.573579 0.057760
0.006911 0.103156 1.573581 0.057759
0.006898 0.103155 1.573583 0.057758
0.006889 0.103155 1.573584 0.057758
0.006882 0.103154 1.573586 0.057757
0.006877 0.103154 1.573587 0.057756
0.006874 0.103153 1.573589 0.057756
0.006871 0.103153 1.573590 0.057755
0.006868 0.103152 1.573591 0.057755
0.006865 0.103152 1.573592 0.057754
0.006861 0.103151 1.573593 0.057754
0.006856 0.103151 1.573592 0.057753
0.006849 0.103150 1.573591 0.057753
0.006840 0.103150 1.573589 0.057752
0.006830 0.103150 1.573586 0.057752
0.006817 0.103150 1.573583 0.057752
0.006802 0.103149 1.573578 0.057752
0.006785 0.103149 1.573574 0.057751
0.006765 0.103149 1.573569 0.057751
0.006743 0.103149 1.573565 0.057751
0.006719 0.103149 1.573560 0.057751
0.006692 0.103149 1.573556 0.057751
0.006663 0.103149 1.573552 0.057751
0.006631 0.103149 1.573549 0.057751
0.006598 0.103149 1.573546 0.057751
0.006563 0.103149 1.573544 0.057750
0.006526 0.103148 1.573542 0.057750
0.006487 0.103148 1.573541 0.057750
0.006446 0.103148 1.573541 0.057749
0.006404 0.103147 1.573541 0.057749
0.006361 0.103146 1.573541 0.057748
0.006316 0.103145 1.573542 0.057748
0.006270 0.103145 1.573544 0.057747
0.006222 0.103144 1.573545 0.057747
0.006174 0.103143 1.573547 0.057746
0.006125 0.103142 1.573548 0.057745
0.006074 0.103141 1.573550 0.057745
0.006023 0.103140 1.573552 0.057744
0.005971 0.103139 1.573554 0.057743
0.005919 0.103138 1.573556 0.057743
0.005866 0.103137 1.573558 0.057742
0.005812 0.103136 1.573560 0.057741
0.005758 0.103135 1.573562 0.057741
0.005703 0.103134 1.573563 0.057740
0.005648 0.103133 1.573565 0.057739
0.005593 0.103132 1.573566 0.057739
0.005537 0.103131 1.573568 0.057738
0.005481 0.103130 1.573569 0.057738
0.005425 0.103130 1.573571 0.057737
0.005369 0.103129 1.573572 0.057737
0.005313 0.103128 1.573573 0.057736
0.005257 0.103127 1.573574 0.057736
0.005201 0.103126 1.573575 0.057735
0.005145 0.103126 1.573577 0.057735
0.005089 0.103125 1.573578 0.057734
0.005034 0.103124 1.573579 0.057734
0.004979 0.103123 1.573580 0.057733
0.004924 0.103123 1.573581 0.057733
0.004869 0.103122 1.573582 0.057732
0.004814 0.103121 1.573583 0.057732
0.004760 0.103120 1.573585 0.057731
0.004707 0.103120 1.573586 0.057731
0.004653 0.103119 1.573587 0.057730
0.004600 0.103118 1.573588 0.057730
0.004548 0.103117 1.573589 0.057729
0.004496 0.103117 1.573590 0.057729
0.004444 0.103116 1.573592 0.057728
0.004393 0.103115 1.573593 0.057728
0.004342 0.103114 1.573594 0.057727
0.004292 0.103114 1.573595 0.057727
0.004242 0.103113 1.573597 0.057726
0.004193 0.103112 1.573598 0.057726
0.004144 0.103112 1.573599 0.057725
0.004096 0.103111 1.573600 0.057725
0.004048 0.103110 1.573601 0.057724
0.004000 0.103109 1.573602 0.057724
0.003953 0.103109 1.573604 0.057723
0.003907 0.103108 1.573605 0.057723
0.003861 0.103107 1.573606 0.057722
0.003816 0.103106 1.573607 0.057722
0.003771 0.103106 1.573608 0.057721
0.003727 0.103105 1.573609 0.057721
0.003683 0.103104 1.573610 0.057720
0.003640 0.103104 1.573611 0.057720
0.003598 0.103103 1.573612 0.057720
0.003556 0.103102 1.573613 0.057719
0.003515 0.103102 1.573614 0.057719
0.003474 0.103101 1.573615 0.057718
0.003434 0.103100 1.573616 0.057718
0.003395 0.103099 1.573617 0.057717
0.003356 0.103099 1.573618 0.057717
0.003318 0.103098 1.573619 0.057716
0.003281 0.103097 1.573620 0.057716
0.003244 0.103097 1.573621 0.057715
0.003208 0.103096 1.573622 0.057715
0.003173 0.103095 1.573623 0.057714
0.003139 0.103094 1.573624 0.057714
0.003105 0.103094 1.573625 0.057713
0.003073 0.103093 1.573626 0.057713
0.003041 0.103092 1.573627 0.057712
0.003009 0.103091 1.573628 0.057712
0.002979 0.103091 1.573629 0.057711
0.002949 0.103090 1.573630 0.057711
0.002920 0.103089 1.573631 0.057710
0.002892 0.103089 1.573632 0.057710
0.002865 0.103088 1.573633 0.057709
0.002838 0.103087 1.573633 0.057709
0.002812 0.103086 1.573634 0.057708
0.002787 0.103086 1.573635 0.057708
0.002762 0.103085 1.573636 0.057707
0.002739 0.103084 1.573637 0.057707
0.002716 0.103083 1.573638 0.057706
0.002693 0.103083 1.573639 0.057706
0.002672 0.103082 1.573640 0.057705
0.002651 0.103081 1.573641 0.057705
0.002631 0.103080 1.573642 0.057704
0.002611 0.103080 1.573643 0.057704
0.002592 0.103079 1.573644 0.057703
0.002574 0.103078 1.573645 0.057703
0.002556 0.103077 1.573646 0.057702
0.002539 0.103077 1.573647 0.057702
0.002523 0.103076 1.573648 0.057701
0.002507 0.103075 1.573649 0.057701
0.002491 0.103074 1.573650 0.057700
0.002477 0.103074 1.573651 0.057700
0.002462 0.103073 1.573652 0.057699
0.002448 0.103072 1.573653 0.057699
0.002435 0.103071 1.573654 0.057698
0.002422 0.103071 1.573654 0.057698
0.002410 0.103070 1.573655 0.057697
0.002398 0.103069 1.573656 0.057697
0.002386 0.103068 1.573657 0.057696
0.002375 0.103068 1.573658 0.057696
0.002364 0.103067 1.573659 0.057695
0.002354 0.103066 1.573660 0.057695
0.002344 0.103065 1.573661 0.057694
0.002334 0.103065 1.573662 0.057694
0.002325 0.103064 1.573663 0.057694
0.002316 0.103063 1.573664 0.057693
0.002308 0.103062 1.573665 0.057693
0.002299 0.103062 1.573666 0.057692
0.002292 0.103061 1.573667 0.057692
0.002284 0.103060 1.573668 0.057691
0.002277 0.103060 1.573669 0.057691
0.002270 0.103059 1.573670 0.057690
0.002263 0.103058 1.573671 0.057690
0.002257 0.103057 1.573672 0.057689
0.002251 0.103057 1.573672 0.057689
0.002245 0.103056 1.573673 0.057688
0.002240 0.103055 1.573674 0.057688
0.002234 0.103055 1.573675 0.057688
0.002229 0.103054 1.573676 0.057687
0.002225 0.103053 1.573677 0.057687
0.002220 0.103052 1.573678 0.057686
0.002216 0.103052 1.573679 0.057686
0.002212 0.103051 1.573680 0.057685
0.002209 0.103050 1.573681 0.057685
0.002205 0.103050 1.573682 0.057684
0.002202 0.103049 1.573683 0.057684
0.002199 0.103048 1.573684 0.057684
0.002196 0.103048 1.573685 0.057683
0.002194 0.103047 1.573685 0.057683
0.002192 0.103046 1.573686 0.057682
0.002190 0.103046 1.573687 0.057682
0.002188 0.103045 1.573688 0.057682
0.002186 0.103044 1.573689 0.057681
0.002184 0.103044 1.573690 0.057681
0.002182 0.103043 1.573691 0.057680
0.002180 0.103042 1.573692 0.057680
0.002178 0.103042 1.573693 0.057680
0.002176 0.103041 1.573694 0.057679
0.002175 0.103040 1.573695 0.057679
0.002173 0.103040 1.573695 0.057678
0.002172 0.103039 1.573696 0.057678
0.002171 0.103038 1.573697 0.057678
0.002169 0.103038 1.573698 0.057677
0.002168 0.103037 1.573699 0.057677
0.002167 0.103036 1.573700 0.057676
0.002166 0.103036 1.573701 0.057676
0.002165 0.103035 1.573702 0.057676
0.002164 0.103035 1.573703 0.057675
0.002163 0.103034 1.573704 0.057675
0.002162 0.103033 1.573704 0.057675
0.002161 0.103033 1.573705 0.057674
0.002160 0.103032 1.573706 0.057674
0.002158 0.103032 1.573707 0.057673
0.002157 0.103031 1.573708 0.057673
0.002155 0.103030 1.573709 0.057673
0.002154 0.103030 1.573710 0.057672
0.002152 0.103029 1.573711 0.057672
0.002150 0.103029 1.573711 0.057672
0.002148 0.103028 1.573712 0.057671
0.002145 0.103027 1.573713 0.057671
0.002143 0.103027 1.573714 0.057671
0.002140 0.103026 1.573715 0.057670
0.002137 0.103026 1.573716 0.057670
0.002134 0.103025 1.573717 0.057670
0.002131 0.103025 1.573717 0.057669
0.002127 0.103024 1.573718 0.057669
0.002123 0.103023 1.573719 0.057669
0.002119 0.103023 1.573720 0.057668
0.002114 0.103022 1.573721 0.057668
0.002110 0.103022 1.573722 0.057667
0.002105 0.103021 1.573722 0.057667
0.002100 0.103021 1.573723 0.057667
0.002094 0.103020 1.573724 0.057666
0.002088 0.103020 1.573725 0.057666
0.002082 0.103019 1.573726 0.057666
0.002076 0.103018 1.573726 0.057666
0.002069 0.103018 1.573727 0.057665
0.002062 0.103017 1.573728 0.057665
0.002055 0.103017 1.573729 0.057665
0.002047 0.103016 1.573730 0.057664
0.002039 0.103016 1.573731 0.057664
0.002031 0.103015 1.573731 0.057664
0.002023 0.103015 1.573732 0.057663
0.002014 0.103014 1.573733 0.057663
0.002005 0.103014 1.573734 0.057663
0.001996 0.103013 1.573734 0.057662
0.001987 0.103013 1.573735 0.057662
0.001977 0.103012 1.573736 0.057662
0.001967 0.103012 1.573737 0.057661
0.001957 0.103011 1.573738 0.057661
0.001947 0.103011 1.573738 0.057661
0.001937 0.103010 1.573739 0.057661
0.001926 0.103010 1.573740 0.057660
0.001915 0.103009 1.573741 0.057660
0.001904 0.103009 1.573741 0.057660
0.001893 0.103008 1.573742 0.057659
0.001881 0.103008 1.573743 0.057659
0.001870 0.103008 1.573744 0.057659
0.001858 0.103007 1.573744 0.057659
0.001846 0.103007 1.573745 0.057658
0.001834 0.103006 1.573746 0.057658
0.001822 0.103006 1.573747 0.057658
0.001810 0.103005 1.573747 0.057657
0.001798 0.103005 1.573748 0.057657
0.001786 0.103004 1.573749 0.057657
0.001774 0.103004 1.573750 0.057657
0.001762 0.103003 1.573750 0.057656
0.001749 0.103003 1.573751 0.057656
0.001737 0.103002 1.573752 0.057656
0.001725 0.103002 1.573752 0.057655
0.001713 0.103002 1.573753 0.057655
0.001701 0.103001 1.573754 0.057655
0.001688 0.103001 1.573755 0.057655
0.001676 0.103000 1.573755 0.057654
0.001664 0.103000 1.573756 0.057654
0.001653 0.102999 1.573757 0.057654
0.001641 0.102999 1.573757 0.057654
0.001629 0.102998 1.573758 0.057653
0.001618 0.102998 1.573759 0.057653
0.001606 0.102998 1.573759 0.057653
0.001595 0.102997 1.573760 0.057653
0.001584 0.102997 1.573761 0.057652
0.001573 0.102996 1.573761 0.057652
0.001562 0.102996 1.573762 0.057652
0.001552 0.102995 1.573763 0.057651
0.001541 0.102995 1.573763 0.057651
0.001531 0.102995 1.573764 0.057651
0.001521 0.102994 1.573765 0.057651
0.001511 0.102994 1.573765 0.057650
0.001501 0.102993 1.573766 0.057650
0.001492 0.102993 1.573767 0.057650
0.001483 0.102993 1.573767 0.057650
0.001474 0.102992 1.573768 0.057649
0.001465 0.102992 1.573769 0.057649
0.001456 0.102991 1.573769 0.057649
0.001448 0.102991 1.573770 0.057649
0.001440 0.102990 1.573771 0.057648
0.001432 0.102990 1.573771 0.057648
0.001425 0.102990 1.573772 0.057648
0.001417 0.102989 1.573772 0.057648
0.001410 0.102989 1.573773 0.057647
0.001403 0.102988 1.573773 0.057647
0.001397 0.102988 1.573773 0.057647
0.001390 0.102987 1.573774 0.057646
0.001384 0.102986 1.573774 0.057646
0.001378 0.102986 1.573775 0.057646
0.001373 0.102985 1.573775 0.057645
0.001367 0.102985 1.573775 0.057645
0.001362 0.102984 1.573775 0.057645
0.001357 0.102984 1.573776 0.057644
0.001352 0.102983 1.573776 0.057644
0.001347 0.102982 1.573776 0.057644
0.001343 0.102982 1.573777 0.057643
0.001339 0.102981 1.573777 0.057643
0.001334 0.102981 1.573777 0.057643
0.001331 0.102980 1.573778 0.057642
0.001327 0.102980 1.573778 0.057642
0.001323 0.102979 1.573778 0.057642
0.001320 0.102979 1.573778 0.057642
0.001317 0.102978 1.573779 0.057641
0.001314 0.102978 1.573779 0.057641
0.001311 0.102977 1.573779 0.057641
0.001308 0.102977 1.573780 0.057640
0.001306 0.102976 1.573780 0.057640
0.001303 0.102976 1.573781 0.057640
0.001301 0.102975 1.573781 0.057639
0.001299 0.102975 1.573781 0.057639
0.001297 0.102974 1.573782 0.057639
0.001295 0.102974 1.573782 0.057639
0.001293 0.102974 1.573782 0.057638
0.001291 0.102973 1.573783 0.057638
0.001289 0.102973 1.573783 0.057638
0.001288 0.102972 1.573783 0.057638
0.001286 0.102972 1.573784 0.057637
0.001285 0.102972 1.573784 0.057637
0.001283 0.102971 1.573785 0.057637
0.001282 0.102971 1.573785 0.057637
0.001281 0.102970 1.573785 0.057636
0.001280 0.102970 1.573786 0.057636
0.001279 0.102970 1.573786 0.057636
0.001277 0.102969 1.573787 0.057636
0.001276 0.102969 1.573787 0.057635
0.001275 0.102969 1.573787 0.057635
0.001275 0.102968 1.573788 0.057635
0.001274 0.102968 1.573788 0.057635
0.001273 0.102968 1.573789 0.057635
0.001272 0.102967 1.573789 0.057634
0.001271 0.102967 1.573790 0.057634
0.001270 0.102966 1.573790 0.057634
0.001270 0.102966 1.573790 0.057634
0.001269 0.102966 1.573791 0.057634
0.001268 0.102965 1.573791 0.057633
0.001267 0.102965 1.573792 0.057633
0.001267 0.102965 1.573792 0.057633
0.001266 0.102965 1.573792 0.057633
0.001265 0.102964 1.573793 0.057633
0.001264 0.102964 1.573793 0.057632
0.001264 0.102964 1.573794 0.057632
0.001263 0.102963 1.573794 0.057632
0.001262 0.102963 1.573795 0.057632
0.001262 0.102963 1.573795 0.057632
0.001261 0.102962 1.573795 0.057631
0.001260 0.102962 1.573796 0.057631
0.001259 0.102962 1.573796 0.057631
0.001258 0.102961 1.573797 0.057631
0.001258 0.102961 1.573797 0.057631
0.001257 0.102961 1.573798 0.057630
0.001256 0.102960 1.573798 0.057630
0.001255 0.102960 1.573798 0.057630
0.001254 0.102960 1.573799 0.057630
0.001253 0.102959 1.573799 0.057630
0.001252 0.102959 1.573800 0.057629
0.001251 0.102959 1.573800 0.057629
0.001250 0.102959 1.573800 0.057629
0.001249 0.102958 1.573801 0.057629
0.001248 0.102958 1.573801 0.057629
0.001247 0.102958 1.573802 0.057629
0.001246 0.102957 1.573802 0.057628
0.001245 0.102957 1.573802 0.057628
0.001244 0.102957 1.573803 0.057628
0.001243 0.102956 1.573803 0.057628
0.001242 0.102956 1.573804 0.057628
0.001240 0.102956 1.573804 0.057628
0.001239 0.102956 1.573804 0.057627
0.001238 0.102955 1.573805 0.057627
0.001237 0.102955 1.573805 0.057627
0.001235 0.102955 1.573805 0.057627
0.001234 0.102954 1.573806 0.057627
0.001232 0.102954 1.573806 0.057626
0.001231 0.102954 1.573807 0.057626
0.001229 0.102954 1.573807 0.057626
0.001228 0.102953 1.573807 0.057626
0.001226 0.102953 1.573808 0.057626
0.001225 0.102953 1.573808 0.057626
0.001223 0.102952 1.573808 0.057625
0.001221 0.102952 1.573809 0.057625
0.001220 0.102952 1.573809 0.057625
0.001218 0.102952 1.573809 0.057625
0.001216 0.102951 1.573810 0.057625
0.001215 0.102951 1.573810 0.057625
0.001213 0.102951 1.573810 0.057624
0.001211 0.102950 1.573811 0.057624
0.001209 0.102950 1.573811 0.057624
0.001207 0.102950 1.573811 0.057624
0.001205 0.102950 1.573812 0.057624
0.001203 0.102949 1.573812 0.057624
0.001201 0.102949 1.573812 0.057623
0.001199 0.102949 1.573813 0.057623
0.001197 0.102948 1.573813 0.057623
0.001195 0.102948 1.573813 0.057623
0.001192 0.102948 1.573814 0.057623
0.001190 0.102948 1.573814 0.057623
0.001188 0.102947 1.573814 0.057622
0.001186 0.102947 1.573815 0.057622
0.001183 0.102947 1.573815 0.057622
0.001181 0.102947 1.573815 0.057622
0.001179 0.102946 1.573816 0.057622
0.001176 0.102946 1.573816 0.057622
0.001174 0.102946 1.573816 0.057621
0.001172 0.102945 1.573817 0.057621
0.001169 0.102945 1.573817 0.057621
0.001167 0.102945 1.573817 0.057621
0.001164 0.102945 1.573817 0.057621
0.001161 0.102944 1.573818 0.057621
0.001159 0.102944 1.573818 0.057621
0.001156 0.102944 1.573818 0.057620
0.001154 0.102944 1.573819 0.057620
0.001151 0.102943 1.573819 0.057620
0.001148 0.102943 1.573819 0.057620
0.001145 0.102943 1.573820 0.057620
0.001143 0.102943 1.573820 0.057620
0.001140 0.102942 1.573820 0.057620
0.001137 0.102942 1.573820 0.057619
0.001134 0.102942 1.573821 0.057619
0.001131 0.102942 1.573821 0.057619
0.001129 0.102941 1.573821 0.057619
0.001126 0.102941 1.573822 0.057619
0.001123 0.102941 1.573822 0.057619
0.001120 0.102941 1.573822 0.057618
0.001117 0.102940 1.573822 0.057618
0.001114 0.102940 1.573823 0.057618
0.001111 0.102940 1.573823 0.057618
0.001108 0.102940 1.573823 0.057618
0.001105 0.102939 1.573823 0.057618
0.001102 0.102939 1.573824 0.057618
0.001099 0.102939 1.573824 0.057617
0.001095 0.102939 1.573824 0.057617
0.001092 0.102938 1.573825 0.057617
0.001089 0.102938 1.573825 0.057617
0.001086 0.102938 1.573825 0.057617
0.001083 0.102938 1.573825 0.057617
0.001080 0.102937 1.573826 0.057617
0.001077 0.102937 1.573826 0.057617
0.001073 0.102937 1.573826 0.057616
0.001070 0.102937 1.573826 0.057616
0.001067 0.102936 1.573827 0.057616
0.001064 0.102936 1.573827 0.057616
0.001060 0.102936 1.573827 0.057616
0.001057 0.102936 1.573827 0.057616
0.001054 0.102935 1.573828 0.057616
0.001051 0.102935 1.573828 0.057615
0.001047 0.102935 1.573828 0.057615
0.001044 0.102935 1.573828 0.057615
0.001041 0.102934 1.573829 0.057615
0.001037 0.102934 1.573829 0.057615
0.001034 0.102934 1.573829 0.057615
0.001031 0.102934 1.573829 0.057615
0.001027 0.102934 1.573830 0.057615
0.001024 0.102933 1.573830 0.057614
0.001021 0.102933 1.573830 0.057614
0.001017 0.102933 1.573830 0.057614
0.001014 0.102933 1.573831 0.057614
0.001010 0.102932 1.573831 0.057614
0.001007 0.102932 1.573831 0.057614
0.001004 0.102932 1.573831 0.057614
0.001000 0.102932 1.573832 0.057614
0.000997 0.102932 1.573832 0.057613
0.000993 0.102931 1.573832 0.057613
0.000990 0.102931 1.573832 0.057613
0.000987 0.102931 1.573832 0.057613
0.000983 0.102931 1.573833 0.057613
0.000980 0.102930 1.573833 0.057613
0.000976 0.102930 1.573833 0.057613
0.000973 0.102930 1.573833 0.057613
0.000970 0.102930 1.573834 0.057612
0.000966 0.102930 1.573834 0.057612
0.000963 0.102929 1.573834 0.057612
0.000959 0.102929 1.573834 0.057612
0.000956 0.102929 1.573835 0.057612
0.000953 0.102929 1.573835 0.057612
0.000949 0.102929 1.573835 0.057612
0.000946 0.102928 1.573835 0.057612
0.000942 0.102928 1.573835 0.057611
0.000939 0.102928 1.573836 0.057611
0.000936 0.102928 1.573836 0.057611
0.000932 0.102928 1.573836 0.057611
0.000929 0.102927 1.573836 0.057611
0.000925 0.102927 1.573837 0.057611
0.000922 0.102927 1.573837 0.057611
0.000919 0.102927 1.573837 0.057611
0.000915 0.102926 1.573837 0.057611
0.000912 0.102926 1.573837 0.057610
0.000908 0.102926 1.573838 0.057610
0.000905 0.102926 1.573838 0.057610
0.000902 0.102926 1.573838 0.057610
0.000898 0.102925 1.573838 0.057610
0.000895 0.102925 1.573838 0.057610
0.000891 0.102925 1.573839 0.057610
0.000888 0.102925 1.573839 0.057610
0.000885 0.102925 1.573839 0.057610
0.000881 0.102925 1.573839 0.057609
0.000878 0.102924 1.573839 0.057609
0.000875 0.102924 1.573840 0.057609
0.000871 0.102924 1.573840 0.057609
0.000868 0.102924 1.573840 0.057609
0.000865 0.102924 1.573840 0.057609
0.000861 0.102923 1.573840 0.057609
0.000858 0.102923 1.573841 0.057609
0.000854 0.102923 1.573841 0.057609
0.000851 0.102923 1.573841 0.057608
0.000848 0.102923 1.573841 0.057608
0.000845 0.102922 1.573841 0.057608
0.000841 0.102922 1.573842 0.057608
0.000838 0.102922 1.573842 0.057608
0.000835 0.102922 1.573842 0.057608
0.000831 0.102922 1.573842 0.057608
0.000828 0.102921 1.573842 0.057608
0.000825 0.102921 1.573843 0.057608
0.000821 0.102921 1.573843 0.057608
0.000818 0.102921 1.573843 0.057607
0.000815 0.102921 1.573843 0.057607
0.000812 0.102921 1.573843 0.057607
0.000808 0.102920 1.573844 0.057607
0.000805 0.102920 1.573844 0.057607
0.000802 0.102920 1.573844 0.057607
0.000799 0.102920 1.573844 0.057607
0.000795 0.102920 1.573844 0.057607
0.000792 0.102919 1.573844 0.057607
0.000789 0.102919 1.573845 0.057607
0.000786 0.102919 1.573845 0.057606
0.000782 0.102919 1.573845 0.057606
0.000779 0.102919 1.573845 0.057606
0.000776 0.102919 1.573845 0.057606
0.000773 0.102918 1.573846 0.057606
0.000770 0.102918 1.573846 0.057606
0.000766 0.102918 1.573846 0.057606
0.000763 0.102918 1.573846 0.057606
0.000760 0.102918 1.573846 0.057606
0.000757 0.102918 1.573846 0.057606
0.000754 0.102917 1.573847 0.057605
0.000751 0.102917 1.573847 0.057605
0.000747 0.102917 1.573847 0.057605
0.000744 0.102917 1.573847 0.057605
0.000741 0.102917 1.573847 0.057605
0.000738 0.102917 1.573847 0.057605
0.000735 0.102916 1.573848 0.057605
0.000732 0.102916 1.573848 0.057605
0.000729 0.102916 1.573848 0.057605
0.000726 0.102916 1.573848 0.057605
0.000723 0.102916 1.573848 0.057605
0.000720 0.102916 1.573848 0.057604
0.000717 0.102915 1.573849 0.057604
0.000714 0.102915 1.573849 0.057604
0.000710 0.102915 1.573849 0.057604
0.000707 0.102915 1.573849 0.057604
0.000704 0.102915 1.573849 0.057604
0.000701 0.102915 1.573849 0.057604
0.000698 0.102914 1.573850 0.057604
0.000695 0.102914 1.573850 0.057604
0.000693 0.102914 1.573850 0.057604
0.000690 0.102914 1.573850 0.057604
0.000687 0.102914 1.573850 0.057604
0.000684 0.102914 1.573850 0.057603
0.000681 0.102913 1.573851 0.057603
0.000678 0.102913 1.573851 0.057603
0.000675 0.102913 1.573851 0.057603
0.000672 0.102913 1.573851 0.057603
0.000669 0.102913 1.573851 0.057603
0.000666 0.102913 1.573851 0.057603
0.000663 0.102913 1.573851 0.057603
0.000661 0.102912 1.573852 0.057603
0.000658 0.102912 1.573852 0.057603
0.000655 0.102912 1.573852 0.057603
0.000652 0.102912 1.573852 0.057603
0.000649 0.102912 1.573852 0.057602
0.000646 0.102912 1.573852 0.057602
0.000644 0.102912 1.573853 0.057602
0.000641 0.102911 1.573853 0.057602
0.000638 0.102911 1.573853 0.057602
0.000635 0.102911 1.573853 0.057602
0.000633 0.102911 1.573853 0.057602
0.000630 0.102911 1.573853 0.057602
0.000627 0.102911 1.573853 0.057602
0.000624 0.102911 1.573854 0.057602
0.000622 0.102910 1.573854 0.057602
0.000619 0.102910 1.573854 0.057602
0.000616 0.102910 1.573854 0.057601
0.000614 0.102910 1.573854 0.057601
0.000611 0.102910 1.573854 0.057601
0.000608 0.102910 1.573854 0.057601
0.000606 0.102910 1.573855 0.057601
0.000603 0.102909 1.573855 0.057601
0.000601 0.102909 1.573855 0.057601
0.000598 0.102909 1.573855 0.057601
0.000595 0.102909 1.573855 0.057601
0.000593 0.102909 1.573855 0.057601
0.000590 0.102909 1.573855 0.057601
0.000588 0.102909 1.573856 0.057601
0.000585 0.102908 1.573856 0.057601
0.000583 0.102908 1.573856 0.057600
0.000580 0.102908 1.573856 0.057600
0.000578 0.102908 1.573856 0.057600
0.000575 0.102908 1.573856 0.057600
0.000573 0.102908 1.573856 0.057600
0.000570 0.102908 1.573856 0.057600
0.000568 0.102908 1.573857 0.057600
0.000565 0.102907 1.573857 0.057600
0.000563 0.102907 1.573857 0.057600
0.000561 0.102907 1.573857 0.057600
0.000558 0.102907 1.573857 0.057600
0.000556 0.102907 1.573857 0.057600
0.000553 0.102907 1.573857 0.057600
0.000551 0.102907 1.573858 0.057600
0.000549 0.102906 1.573858 0.057599
0.000546 0.102906 1.573858 0.057599
0.000544 0.102906 1.573858 0.057599
0.000542 0.102906 1.573858 0.057599
0.000539 0.102906 1.573858 0.057599
0.000537 0.102906 1.573858 0.057599
0.000535 0.102906 1.573858 0.057599
0.000533 0.102906 1.573859 0.057599
0.000530 0.102905 1.573859 0.057599
0.000528 0.102905 1.573859 0.057599
0.000526 0.102905 1.573859 0.057599
0.000524 0.102905 1.573859 0.057599
0.000521 0.102905 1.573859 0.057599
0.000519 0.102905 1.573859 0.057599
0.000517 0.102905 1.573859 0.057599
0.000515 0.102905 1.573859 0.057598
0.000513 0.102905 1.573860 0.057598
0.000510 0.102904 1.573860 0.057598
0.000508 0.102904 1.573860 0.057598
0.000506 0.102904 1.573860 0.057598
0.000504 0.102904 1.573860 0.057598
0.000502 0.102904 1.573860 0.057598
0.000500 0.102904 1.573860 0.057598
0.000498 0.102904 1.573860 0.057598
0.000495 0.102904 1.573861 0.057598
0.000493 0.102903 1.573861 0.057598
0.000491 0.102903 1.573861 0.057598
0.000489 0.102903 1.573861 0.057598
0.000487 0.102903 1.573861 0.057598
0.000485 0.102903 1.573861 0.057598
0.000483 0.102903 1.573861 0.057598
0.000481 0.102903 1.573861 0.057597
0.000479 0.102903 1.573861 0.057597
0.000477 0.102903 1.573862 0.057597
0.000475 0.102902 1.573862 0.057597
0.000473 0.102902 1.573862 0.057597
0.000471 0.102902 1.573862 0.057597
0.000469 0.102902 1.573862 0.057597
0.000467 0.102902 1.573862 0.057597
0.000465 0.102902 1.573862 0.057597
0.000463 0.102902 1.573862 0.057597
0.000461 0.102902 1.573862 0.057597
0.000459 0.102902 1.573863 0.057597
0.000457 0.102902 1.573863 0.057597
0.000455 0.102901 1.573863 0.057597
0.000453 0.102901 1.573863 0.057597
0.000451 0.102901 1.573863 0.057597
0.000450 0.102901 1.573863 0.057597
0.000448 0.102901 1.573863 0.057596
0.000446 0.102901 1.573863 0.057596
0.000444 0.102901 1.573863 0.057596
0.000442 0.102901 1.573863 0.057596
0.000440 0.102901 1.573864 0.057596
0.000438 0.102900 1.573864 0.057596
0.000437 0.102900 1.573864 0.057596
0.000435 0.102900 1.573864 0.057596
0.000433 0.102900 1.573864 0.057596
0.000431 0.102900 1.573864 0.057596
0.000429 0.102900 1.573864 0.057596
0.000427 0.102900 1.573864 0.057596
0.000426 0.102900 1.573864 0.057596
0.000424 0.102900 1.573864 0.057596
0.000422 0.102900 1.573865 0.057596
0.000420 0.102899 1.573865 0.057596
0.000419 0.102899 1.573865 0.057596
0.000417 0.102899 1.573865 0.057596
0.000415 0.102899 1.573865 0.057595
0.000413 0.102899 1.573865 0.057595
0.000412 0.102899 1.573865 0.057595
0.000410 0.102899 1.573865 0.057595
0.000408 0.102899 1.573865 0.057595
0.000407 0.102899 1.573865 0.057595
0.000405 0.102899 1.573866 0.057595
0.000403 0.102899 1.573866 0.057595
0.000401 0.102898 1.573866 0.057595
0.000400 0.102898 1.573866 0.057595
0.000398 0.102898 1.573866 0.057595
0.000396 0.102898 1.573866 0.057595
0.000395 0.102898 1.573866 0.057595
0.000393 0.102898 1.573866 0.057595
0.000392 0.102898 1.573866 0.057595
0.000390 0.102898 1.573866 0.057595
0.000388 0.102898 1.573866 0.057595
0.000387 0.102898 1.573867 0.057595
0.000385 0.102898 1.573867 0.057595
0.000383 0.102897 1.573867 0.057595
0.000382 0.102897 1.573867 0.057594
0.000380 0.102897 1.573867 0.057594
0.000379 0.102897 1.573867 0.057594
0.000377 0.102897 1.573867 0.057594
0.000375 0.102897 1.573867 0.057594
0.000374 0.102897 1.573867 0.057594
0.000372 0.102897 1.573867 0.057594
0.000371 0.102897 1.573867 0.057594
0.000369 0.102897 1.573868 0.057594
0.000368 0.102897 1.573868 0.057594
0.000366 0.102896 1.573868 0.057594
0.000365 0.102896 1.573868 0.057594
0.000363 0.102896 1.573868 0.057594
0.000362 0.102896 1.573868 0.057594
0.000360 0.102896 1.573868 0.057594
0.000359 0.102896 1.573868 0.057594
0.000357 0.102896 1.573868 0.057594
0.000356 0.102896 1.573868 0.057594
0.000354 0.102896 1.573868 0.057594
0.000353 0.102896 1.573868 0.057594
0.000351 0.102896 1.573868 0.057594
0.000350 0.102896 1.573869 0.057594
0.000348 0.102896 1.573869 0.057594
0.000347 0.102895 1.573869 0.057593
0.000345 0.102895 1.573869 0.057593
0.000344 0.102895 1.573869 0.057593
0.000342 0.102895 1.573869 0.057593
0.000341 0.102895 1.573869 0.057593
0.000339 0.102895 1.573869 0.057593
0.000338 0.102895 1.573869 0.057593
0.000337 0.102895 1.573869 0.057593
0.000335 0.102895 1.573869 0.057593
0.000334 0.102895 1.573869 0.057593
0.000332 0.102895 1.573869 0.057593
0.000331 0.102895 1.573869 0.057593
0.000330 0.102895 1.573869 0.057593
0.000328 0.102895 1.573870 0.057593
0.000327 0.102894 1.573870 0.057593
0.000326 0.102894 1.573870 0.057593
0.000324 0.102894 1.573870 0.057593
0.000323 0.102894 1.573870 0.057593
0.000321 0.102894 1.573870 0.057593
0.000320 0.102894 1.573870 0.057593
0.000319 0.102894 1.573870 0.057593
0.000317 0.102894 1.573870 0.057593
0.000316 0.102894 1.573870 0.057593
0.000315 0.102894 1.573870 0.057593
0.000313 0.102894 1.573870 0.057593
0.000312 0.102894 1.573870 0.057592
0.000311 0.102894 1.573870 0.057592
0.000309 0.102894 1.573871 0.057592
0.000308 0.102893 1.573871 0.057592
0.000307 0.102893 1.573871 0.057592
0.000306 0.102893 1.573871 0.057592
0.000304 0.102893 1.573871 0.057592
0.000303 0.102893 1.573871 0.057592
0.000302 0.102893 1.573871 0.057592
0.000300 0.102893 1.573871 0.057592
0.000299 0.102893 1.573871 0.057592
0.000298 0.102893 1.573871 0.057592
0.000297 0.102893 1.573871 0.057592
0.000295 0.102893 1.573871 0.057592
0.000294 0.102893 1.573871 0.057592
0.000293 0.102893 1.573871 0.057592
0.000292 0.102893 1.573872 0.057592
0.000290 0.102893 1.573872 0.057592
0.000289 0.102892 1.573872 0.057592
0.000288 0.102892 1.573872 0.057592
0.000287 0.102892 1.573872 0.057592
0.000286 0.102892 1.573872 0.057592
0.000284 0.102892 1.573872 0.057592
0.000283 0.102892 1.573872 0.057592
0.000282 0.102892 1.573872 0.057592
0.000281 0.102892 1.573872 0.057592
0.000280 0.102892 1.573872 0.057592
0.000278 0.102892 1.573872 0.057591
0.000277 0.102892 1.573872 0.057591
0.000276 0.102892 1.573872 0.057591
0.000275 0.102892 1.573873 0.057591
0.000274 0.102892 1.573873 0.057591
0.000273 0.102892 1.573873 0.057591
0.000271 0.102891 1.573873 0.057591
0.000270 0.102891 1.573873 0.057591
0.000269 0.102891 1.573873 0.057591
0.000268 0.102891 1.573873 0.057591
0.000267 0.102891 1.573873 0.057591
0.000266 0.102891 1.573873 0.057591
0.000265 0.102891 1.573873 0.057591
0.000264 0.102891 1.573873 0.057591
0.000262 0.102891 1.573873 0.057591
0.000261 0.102891 1.573873 0.057591
0.000260 0.102891 1.573873 0.057591
0.000259 0.102891 1.573873 0.057591
0.000258 0.102891 1.573873 0.057591
0.000257 0.102891 1.573874 0.057591
0.000256 0.102891 1.573874 0.057591
0.000255 0.102891 1.573874 0.057591
0.000254 0.102890 1.573874 0.057591
0.000253 0.102890 1.573874 0.057591
0.000252 0.102890 1.573874 0.057591
0.000250 0.102890 1.573874 0.057591
0.000249 0.102890 1.573874 0.057591
0.000248 0.102890 1.573874 0.057591
0.000247 0.102890 1.573874 0.057591
0.000246 0.102890 1.573874 0.057590
0.000245 0.102890 1.573874 0.057590
0.000244 0.102890 1.573874 0.057590
0.000243 0.102890 1.573874 0.057590
0.000242 0.102890 1.573874 0.057590
0.000241 0.102890 1.573874 0.057590
0.000240 0.102890 1.573875 0.057590
0.000239 0.102890 1.573875 0.057590
0.000238 0.102890 1.573875 0.057590
0.000237 0.102890 1.573875 0.057590
0.000236 0.102889 1.573875 0.057590
0.000235 0.102889 1.573875 0.057590
0.000234 0.102889 1.573875 0.057590
0.000233 0.102889 1.573875 0.057590
0.000232 0.102889 1.573875 0.057590
0.000231 0.102889 1.573875 0.057590
0.000230 0.102889 1.573875 0.057590
0.000229 0.102889 1.573875 0.057590
0.000228 0.102889 1.573875 0.057590
0.000227 0.102889 1.573875 0.057590
0.000226 0.102889 1.573875 0.057590
0.000225 0.102889 1.573875 0.057590
0.000224 0.102889 1.573875 0.057590
0.000223 0.102889 1.573875 0.057590
0.000222 0.102889 1.573876 0.057590
0.000221 0.102889 1.573876 0.057590
0.000221 0.102889 1.573876 0.057590
0.000220 0.102889 1.573876 0.057590
0.000219 0.102889 1.573876 0.057590
0.000218 0.102888 1.573876 0.057590
0.000217 0.102888 1.573876 0.057590
0.000216 0.102888 1.573876 0.057590
0.000215 0.102888 1.573876 0.057590
0.000214 0.102888 1.573876 0.057590
0.000213 0.102888 1.573876 0.057590
0.000212 0.102888 1.573876 0.057589
0.000211 0.102888 1.573876 0.057589
0.000210 0.102888 1.573876 0.057589
0.000210 0.102888 1.573876 0.057589
0.000209 0.102888 1.573876 0.057589
0.000208 0.102888 1.573876 0.057589
0.000207 0.102888 1.573876 0.057589
0.000206 0.102888 1.573876 0.057589
0.000205 0.102888 1.573876 0.057589
0.000204 0.102888 1.573877 0.057589
0.000203 0.102888 1.573877 0.057589
0.000203 0.102888 1.573877 0.057589
0.000202 0.102888 1.573877 0.057589
0.000201 0.102888 1.573877 0.057589
0.000200 0.102888 1.573877 0.057589
0.000199 0.102887 1.573877 0.057589
0.000198 0.102887 1.573877 0.057589
0.000197 0.102887 1.573877 0.057589
0.000197 0.102887 1.573877 0.057589
0.000196 0.102887 1.573877 0.057589
0.000195 0.102887 1.573877 0.057589
0.000194 0.102887 1.573877 0.057589
0.000193 0.102887 1.573877 0.057589
0.000192 0.102887 1.573877 0.057589
0.000192 0.102887 1.573877 0.057589
0.000191 0.102887 1.573877 0.057589
0.000190 0.102887 1.573877 0.057589
0.000189 0.102887 1.573877 0.057589
0.000188 0.102887 1.573877 0.057589
0.000188 0.102887 1.573877 0.057589
0.000187 0.102887 1.573877 0.057589
0.000186 0.102887 1.573878 0.057589
0.000185 0.102887 1.573878 0.057589
0.000184 0.102887 1.573878 0.057589
0.000184 0.102887 1.573878 0.057589
0.000183 0.102887 1.573878 0.057589
0.000182 0.102887 1.573878 0.057589
0.000181 0.102887 1.573878 0.057589
0.000180 0.102886 1.573878 0.057589
0.000180 0.102886 1.573878 0.057589
0.000179 0.102886 1.573878 0.057589
0.000178 0.102886 1.573878 0.057588
0.000177 0.102886 1.573878 0.057588
0.000177 0.102886 1.573878 0.057588
0.000176 0.102886 1.573878 0.057588
0.000175 0.102886 1.573878 0.057588
0.000174 0.102886 1.573878 0.057588
0.000174 0.102886 1.573878 0.057588
0.000173 0.102886 1.573878 0.057588
0.000172 0.102886 1.573878 0.057588
0.000171 0.102886 1.573878 0.057588
0.000171 0.102886 1.573878 0.057588
0.000170 0.102886 1.573878 0.057588
0.000169 0.102886 1.573878 0.057588
0.000168 0.102886 1.573878 0.057588
0.000168 0.102886 1.573879 0.057588
0.000167 0.102886 1.573879 0.057588
0.000166 0.102886 1.573879 0.057588
0.000166 0.102886 1.573879 0.057588
0.000165 0.102886 1.573879 0.057588
0.000164 0.102886 1.573879 0.057588
0.000163 0.102886 1.573879 0.057588
0.000163 0.102886 1.573879 0.057588
0.000162 0.102885 1.573879 0.057588
0.000161 0.102885 1.573879 0.057588
0.000161 0.102885 1.573879 0.057588
0.000160 0.102885 1.573879 0.057588
0.000159 0.102885 1.573879 0.057588
0.000159 0.102885 1.573879 0.057588
0.000158 0.102885 1.573879 0.057588
0.000157 0.102885 1.573879 0.057588
0.000157 0.102885 1.573879 0.057588
0.000156 0.102885 1.573879 0.057588
0.000155 0.102885 1.573879 0.057588
0.000155 0.102885 1.573879 0.057588
0.000154 0.102885 1.573879 0.057588
0.000153 0.102885 1.573879 0.057588
0.000153 0.102885 1.573879 0.057588
0.000152 0.102885 1.573879 0.057588
0.000151 0.102885 1.573879 0.057588
0.000151 0.102885 1.573879 0.057588
0.000150 0.102885 1.573879 0.057588
0.000149 0.102885 1.573880 0.057588
0.000149 0.102885 1.573880 0.057588
0.000148 0.102885 1.573880 0.057588
0.000147 0.102885 1.573880 0.057588
0.000147 0.102885 1.573880 0.057588
0.000146 0.102885 1.573880 0.057588
0.000146 0.102885 1.573880 0.057588
0.000145 0.102885 1.573880 0.057588
0.000144 0.102885 1.573880 0.057587
0.000144 0.102885 1.573880 0.057587
0.000143 0.102884 1.573880 0.057587
0.000142 0.102884 1.573880 0.057587
0.000142 0.102884 1.573880 0.057587
0.000141 0.102884 1.573880 0.057587
0.000141 0.102884 1.573880 0.057587
0.000140 0.102884 1.573880 0.057587
0.000139 0.102884 1.573880 0.057587
0.000139 0.102884 1.573880 0.057587
0.000138 0.102884 1.573880 0.057587
0.000138 0.102884 1.573880 0.057587
0.000137 0.102884 1.573880 0.057587
0.000136 0.102884 1.573880 0.057587
0.000136 0.102884 1.573880 0.057587
0.000135 0.102884 1.573880 0.057587
0.000135 0.102884 1.573880 0.057587
0.000134 0.102884 1.573880 0.057587
0.000133 0.102884 1.573880 0.057587
0.000133 0.102884 1.573880 0.057587
0.000132 0.102884 1.573880 0.057587
0.000132 0.102884 1.573880 0.057587
0.000131 0.102884 1.573881 0.057587
0.000131 0.102884 1.573881 0.057587
0.000130 0.102884 1.573881 0.057587
0.000130 0.102884 1.573881 0.057587
0.000129 0.102884 1.573881 0.057587
0.000128 0.102884 1.573881 0.057587
0.000128 0.102884 1.573881 0.057587
0.000127 0.102884 1.573881 0.057587
0.000127 0.102884 1.573881 0.057587
0.000126 0.102884 1.573881 0.057587
0.000126 0.102884 1.573881 0.057587
0.000125 0.102884 1.573881 0.057587
0.000125 0.102883 1.573881 0.057587
0.000124 0.102883 1.573881 0.057587
0.000123 0.102883 1.573881 0.057587
0.000123 0.102883 1.573881 0.057587
0.000122 0.102883 1.573881 0.057587
0.000122 0.102883 1.573881 0.057587
0.000121 0.102883 1.573881 0.057587
0.000121 0.102883 1.573881 0.057587
0.000120 0.102883 1.573881 0.057587
0.000120 0.102883 1.573881 0.057587
0.000119 0.102883 1.573881 0.057587
0.000119 0.102883 1.573881 0.057587
0.000118 0.102883 1.573881 0.057587
0.000118 0.102883 1.573881 0.057587
0.000117 0.102883 1.573881 0.057587
0.000117 0.102883 1.573881 0.057587
0.000116 0.102883 1.573881 0.057587
0.000116 0.102883 1.573881 0.057587
0.000115 0.102883 1.573881 0.057587
0.000115 0.102883 1.573881 0.057587
0.000114 0.102883 1.573881 0.057587
0.000114 0.102883 1.573881 0.057587
0.000113 0.102883 1.573881 0.057587
0.000113 0.102883 1.573882 0.057587
0.000112 0.102883 1.573882 0.057587
0.000112 0.102883 1.573882 0.057587
0.000111 0.102883 1.573882 0.057587
0.000111 0.102883 1.573882 0.057587
0.000110 0.102883 1.573882 0.057587
0.000110 0.102883 1.573882 0.057587
0.000109 0.102883 1.573882 0.057586
0.000109 0.102883 1.573882 0.057586
0.000108 0.102883 1.573882 0.057586
0.000108 0.102883 1.573882 0.057586
0.000108 0.102883 1.573882 0.057586
0.000107 0.102883 1.573882 0.057586
0.000107 0.102883 1.573882 0.057586
0.000106 0.102883 1.573882 0.057586
0.000106 0.102882 1.573882 0.057586
0.000105 0.102882 1.573882 0.057586
0.000105 0.102882 1.573882 0.057586
0.000104 0.102882 1.573882 0.057586
0.000104 0.102882 1.573882 0.057586
0.000103 0.102882 1.573882 0.057586
0.000103 0.102882 1.573882 0.057586
0.000103 0.102882 1.573882 0.057586
0.000102 0.102882 1.573882 0.057586
0.000102 0.102882 1.573882 0.057586
0.000101 0.102882 1.573882 0.057586
0.000101 0.102882 1.573882 0.057586
0.000100 0.102882 1.573882 0.057586
0.000100 0.102882 1.573882 0.057586
0.000099 0.102882 1.573882 0.057586
0.000099 0.102882 1.573882 0.057586
0.000099 0.102882 1.573882 0.057586
0.000098 0.102882 1.573882 0.057586
0.000098 0.102882 1.573882 0.057586
0.000097 0.102882 1.573882 0.057586
0.000097 0.102882 1.573882 0.057586
0.000097 0.102882 1.573882 0.057586
0.000096 0.102882 1.573882 0.057586
0.000096 0.102882 1.573882 0.057586
0.000095 0.102882 1.573882 0.057586
0.000095 0.102882 1.573882 0.057586
0.000094 0.102882 1.573883 0.057586
0.000094 0.102882 1.573883 0.057586
0.000094 0.102882 1.573883 0.057586
0.000093 0.102882 1.573883 0.057586
0.000093 0.102882 1.573883 0.057586
0.000092 0.102882 1.573883 0.057586
0.000092 0.102882 1.573883 0.057586
0.000092 0.102882 1.573883 0.057586
0.000091 0.102882 1.573883 0.057586
0.000091 0.102882 1.573883 0.057586
0.000090 0.102882 1.573883 0.057586
0.000090 0.102882 1.573883 0.057586
0.000090 0.102882 1.573883 0.057586
0.000089 0.102882 1.573883 0.057586
0.000089 0.102882 1.573883 0.057586
0.000089 0.102882 1.573883 0.057586
0.000088 0.102882 1.573883 0.057586
0.000088 0.102882 1.573883 0.057586
0.000087 0.102882 1.573883 0.057586
0.000087 0.102882 1.573883 0.057586
0.000087 0.102881 1.573883 0.057586
0.000086 0.102881 1.573883 0.057586
0.000086 0.102881 1.573883 0.057586
0.000086 0.102881 1.573883 0.057586
0.000085 0.102881 1.573883 0.057586
0.000085 0.102881 1.573883 0.057586
0.000084 0.102881 1.573883 0.057586
0.000084 0.102881 1.573883 0.057586
0.000084 0.102881 1.573883 0.057586
0.000083 0.102881 1.573883 0.057586
0.000083 0.102881 1.573883 0.057586
0.000083 0.102881 1.573883 0.057586
0.000082 0.102881 1.573883 0.057586
0.000082 0.102881 1.573883 0.057586
0.000082 0.102881 1.573883 0.057586
0.000081 0.102881 1.573883 0.057586
0.000081 0.102881 1.573883 0.057586
0.000080 0.102881 1.573883 0.057586
0.000080 0.102881 1.573883 0.057586
0.000080 0.102881 1.573883 0.057586
0.000079 0.102881 1.573883 0.057586
0.000079 0.102881 1.573883 0.057586
0.000079 0.102881 1.573883 0.057586
0.000078 0.102881 1.573883 0.057586
0.000078 0.102881 1.573883 0.057586
0.000078 0.102881 1.573883 0.057586
0.000077 0.102881 1.573883 0.057586
0.000077 0.102881 1.573883 0.057586
0.000077 0.102881 1.573883 0.057586
0.000076 0.102881 1.573883 0.057586
0.000076 0.102881 1.573884 0.057586
0.000076 0.102881 1.573884 0.057586
0.000075 0.102881 1.573884 0.057586
0.000075 0.102881 1.573884 0.057586
0.000075 0.102881 1.573884 0.057585
0.000074 0.102881 1.573884 0.057585
0.000074 0.102881 1.573884 0.057585
0.000074 0.102881 1.573884 0.057585
0.000074 0.102881 1.573884 0.057585
0.000073 0.102881 1.573884 0.057585
0.000073 0.102881 1.573884 0.057585
0.000073 0.102881 1.573884 0.057585
0.000072 0.102881 1.573884 0.057585
0.000072 0.102881 1.573884 0.057585
0.000072 0.102881 1.573884 0.057585
0.000071 0.102881 1.573884 0.057585
0.000071 0.102881 1.573884 0.057585
0.000071 0.102881 1.573884 0.057585
0.000070 0.102881 1.573884 0.057585
0.000070 0.102881 1.573884 0.057585
0.000070 0.102881 1.573884 0.057585
0.000070 0.102881 1.573884 0.057585
0.000069 0.102881 1.573884 0.057585
0.000069 0.102881 1.573884 0.057585
0.000069 0.102881 1.573884 0.057585
0.000068 0.102881 1.573884 0.057585
0.000068 0.102880 1.573884 0.057585
0.000068 0.102880 1.573884 0.057585
0.000067 0.102880 1.573884 0.057585
0.000067 0.102880 1.573884 0.057585
0.000067 0.102880 1.573884 0.057585
0.000067 0.102880 1.573884 0.057585
0.000066 0.102880 1.573884 0.057585
0.000066 0.102880 1.573884 0.057585
0.000066 0.102880 1.573884 0.057585
0.000065 0.102880 1.573884 0.057585
0.000065 0.102880 1.573884 0.057585
0.000065 0.102880 1.573884 0.057585
0.000065 0.102880 1.573884 0.057585
0.000064 0.102880 1.573884 0.057585
0.000064 0.102880 1.573884 0.057585
0.000064 0.102880 1.573884 0.057585
0.000064 0.102880 1.573884 0.057585
0.000063 0.102880 1.573884 0.057585
0.000063 0.102880 1.573884 0.057585
0.000063 0.102880 1.573884 0.057585
0.000062 0.102880 1.573884 0.057585
0.000062 0.102880 1.573884 0.057585
0.000062 0.102880 1.573884 0.057585
0.000062 0.102880 1.573884 0.057585
0.000061 0.102880 1.573884 0.057585
0.000061 0.102880 1.573884 0.057585
0.000061 0.102880 1.573884 0.057585
0.000061 0.102880 1.573884 0.057585
0.000060 0.102880 1.573884 0.057585
0.000060 0.102880 1.573884 0.057585
0.000060 0.102880 1.573884 0.057585
0.000060 0.102880 1.573884 0.057585
0.000059 0.102880 1.573884 0.057585
0.000059 0.102880 1.573884 0.057585
0.000059 0.102880 1.573884 0.057585
0.000059 0.102880 1.573884 0.057585
0.000058 0.102880 1.573884 0.057585
0.000058 0.102880 1.573884 0.057585
0.000058 0.102880 1.573885 0.057585
0.000058 0.102880 1.573885 0.057585
0.000057 0.102880 1.573885 0.057585
0.000057 0.102880 1.573885 0.057585
0.000057 0.102880 1.573885 0.057585
0.000057 0.102880 1.573885 0.057585
0.000056 0.102880 1.573885 0.057585
0.000056 0.102880 1.573885 0.057585
0.000056 0.102880 1.573885 0.057585
0.000056 0.102880 1.573885 0.057585
0.000055 0.102880 1.573885 0.057585
0.000055 0.102880 1.573885 0.057585
0.000055 0.102880 1.573885 0.057585
0.000055 0.102880 1.573885 0.057585
0.000054 0.102880 1.573885 0.057585
0.000054 0.102880 1.573885 0.057585
0.000054 0.102880 1.573885 0.057585
0.000054 0.102880 1.573885 0.057585
0.000054 0.102880 1.573885 0.057585
0.000053 0.102880 1.573885 0.057585
0.000053 0.102880 1.573885 0.057585
0.000053 0.102880 1.573885 0.057585
0.000053 0.102880 1.573885 0.057585
0.000052 0.102880 1.573885 0.057585
0.000052 0.102880 1.573885 0.057585
0.000052 0.102880 1.573885 0.057585
0.000052 0.102880 1.573885 0.057585
0.000052 0.102880 1.573885 0.057585
0.000051 0.102880 1.573885 0.057585
0.000051 0.102880 1.573885 0.057585
0.000051 0.102880 1.573885 0.057585
0.000051 0.102880 1.573885 0.057585
0.000050 0.102880 1.573885 0.057585
0.000050 0.102880 1.573885 0.057585
0.000050 0.102880 1.573885 0.057585
0.000050 0.102880 1.573885 0.057585
0.000050 0.102880 1.573885 0.057585
0.000049 0.102879 1.573885 0.057585
0.000049 0.102879 1.573885 0.057585
0.000049 0.102879 1.573885 0.057585
0.000049 0.102879 1.573885 0.057585
0.000049 0.102879 1.573885 0.057585
0.000048 0.102879 1.573885 0.057585
0.000048 0.102879 1.573885 0.057585
0.000048 0.102879 1.573885 0.057585
0.000048 0.102879 1.573885 0.057585
0.000048 0.102879 1.573885 0.057585
0.000047 0.102879 1.573885 0.057585
0.000047 0.102879 1.573885 0.057585
0.000047 0.102879 1.573885 0.057585
0.000047 0.102879 1.573885 0.057585
0.000047 0.102879 1.573885 0.057585
0.000046 0.102879 1.573885 0.057585
0.000046 0.102879 1.573885 0.057585
0.000046 0.102879 1.573885 0.057585
0.000046 0.102879 1.573885 0.057585
0.000046 0.102879 1.573885 0.057585
0.000045 0.102879 1.573885 0.057585
0.000045 0.102879 1.573885 0.057585
0.000045 0.102879 1.573885 0.057585
0.000045 0.102879 1.573885 0.057585
0.000045 0.102879 1.573885 0.057585
0.000044 0.102879 1.573885 0.057585
0.000044 0.102879 1.573885 0.057585
0.000044 0.102879 1.573885 0.057585
0.000044 0.102879 1.573885 0.057585
0.000044 0.102879 1.573885 0.057585
0.000043 0.102879 1.573885 0.057585
0.000043 0.102879 1.573885 0.057585
0.000043 0.102879 1.573885 0.057585
0.000043 0.102879 1.573885 0.057585
0.000043 0.102879 1.573885 0.057585
0.000043 0.102879 1.573885 0.057585
0.000042 0.102879 1.573885 0.057585
0.000042 0.102879 1.573885 0.057585
0.000042 0.102879 1.573885 0.057585
0.000042 0.102879 1.573885 0.057585
0.000042 0.102879 1.573885 0.057585
0.000041 0.102879 1.573885 0.057585
0.000041 0.102879 1.573885 0.057585
0.000041 0.102879 1.573885 0.057585
0.000041 0.102879 1.573885 0.057585
0.000041 0.102879 1.573885 0.057585
0.000041 0.102879 1.573885 0.057584
0.000040 0.102879 1.573885 0.057584
0.000040 0.102879 1.573885 0.057584
0.000040 0.102879 1.573885 0.057584
0.000040 0.102879 1.573885 0.057584
0.000040 0.102879 1.573885 0.057584
0.000040 0.102879 1.573886 0.057584
0.000039 0.102879 1.573886 0.057584
0.000039 0.102879 1.573886 0.057584
0.000039 0.102879 1.573886 0.057584
0.000039 0.102879 1.573886 0.057584
0.000039 0.102879 1.573886 0.057584
0.000039 0.102879 1.573886 0.057584
0.000038 0.102879 1.573886 0.057584
0.000038 0.102879 1.573886 0.057584
0.000038 0.102879 1.573886 0.057584
0.000038 0.102879 1.573886 0.057584
0.000038 0.102879 1.573886 0.057584
0.000038 0.102879 1.573886 0.057584
0.000037 0.102879 1.573886 0.057584
0.000037 0.102879 1.573886 0.057584
0.000037 0.102879 1.573886 0.057584
0.000037 0.102879 1.573886 0.057584
0.000037 0.102879 1.573886 0.057584
0.000037 0.102879 1.573886 0.057584
0.000036 0.102879 1.573886 0.057584
0.000036 0.102879 1.573886 0.057584
0.000036 0.102879 1.573886 0.057584
0.000036 0.102879 1.573886 0.057584
0.000036 0.102879 1.573886 0.057584
0.000036 0.102879 1.573886 0.057584
0.000036 0.102879 1.573886 0.057584
0.000035 0.102879 1.573886 0.057584
0.000035 0.102879 1.573886 0.057584
0.000035 0.102879 1.573886 0.057584
0.000035 0.102879 1.573886 0.057584
0.000035 0.102879 1.573886 0.057584
0.000035 0.102879 1.573886 0.057584
0.000035 0.102879 1.573886 0.057584
0.000034 0.102879 1.573886 0.057584
0.000034 0.102879 1.573886 0.057584
0.000034 0.102879 1.573886 0.057584
0.000034 0.102879 1.573886 0.057584
0.000034 0.102879 1.573886 0.057584
0.000034 0.102879 1.573886 0.057584
0.000033 0.102879 1.573886 0.057584
0.000033 0.102879 1.573886 0.057584
0.000033 0.102879 1.573886 0.057584
0.000033 0.102879 1.573886 0.057584
0.000033 0.102879 1.573886 0.057584
0.000033 0.102879 1.573886 0.057584
0.000033 0.102879 1.573886 0.057584
0.000033 0.102879 1.573886 0.057584
0.000032 0.102879 1.573886 0.057584
0.000032 0.102879 1.573886 0.057584
0.000032 0.102879 1.573886 0.057584
0.000032 0.102879 1.573886 0.057584
0.000032 0.102879 1.573886 0.057584
0.000032 0.102879 1.573886 0.057584
0.000032 0.102879 1.573886 0.057584
0.000031 0.102879 1.573886 0.057584
0.000031 0.102879 1.573886 0.057584
0.000031 0.102879 1.573886 0.057584
0.000031 0.102879 1.573886 0.057584
0.000031 0.102879 1.573886 0.057584
0.000031 0.102879 1.573886 0.057584
0.000031 0.102878 1.573886 0.057584
0.000030 0.102878 1.573886 0.057584
0.000030 0.102878 1.573886 0.057584
0.000030 0.102878 1.573886 0.057584
0.000030 0.102878 1.573886 0.057584
0.000030 0.102878 1.573886 0.057584
0.000030 0.102878 1.573886 0.057584
0.000030 0.102878 1.573886 0.057584
0.000030 0.102878 1.573886 0.057584
0.000029 0.102878 1.573886 0.057584
0.000029 0.102878 1.573886 0.057584
0.000029 0.102878 1.573886 0.057584
0.000029 0.102878 1.573886 0.057584
0.000029 0.102878 1.573886 0.057584
0.000029 0.102878 1.573886 0.057584
0.000029 0.102878 1.573886 0.057584
0.000029 0.102878 1.573886 0.057584
0.000028 0.102878 1.573886 0.057584
0.000028 0.102878 1.573886 0.057584
0.000028 0.102878 1.573886 0.057584
0.000028 0.102878 1.573886 0.057584
0.000028 0.102878 1.573886 0.057584
0.000028 0.102878 1.573886 0.057584
0.000028 0.102878 1.573886 0.057584
0.000028 0.102878 1.573886 0.057584
0.000028 0.102878 1.573886 0.057584
0.000027 0.102878 1.573886 0.057584
0.000027 0.102878 1.573886 0.057584
0.000027 0.102878 1.573886 0.057584
0.000027 0.102878 1.573886 0.057584
0.000027 0.102878 1.573886 0.057584
0.000027 0.102878 1.573886 0.057584
0.000027 0.102878 1.573886 0.057584
0.000027 0.102878 1.573886 0.057584
0.000026 0.102878 1.573886 0.057584
0.000026 0.102878 1.573886 0.057584
0.000026 0.102878 1.573886 0.057584
0.000026 0.102878 1.573886 0.057584
0.000026 0.102878 1.573886 0.057584
0.000026 0.102878 1.573886 0.057584
0.000026 0.102878 1.573886 0.057584
0.000026 0.102878 1.573886 0.057584
0.000026 0.102878 1.573886 0.057584
0.000025 0.102878 1.573886 0.057584
0.000025 0.102878 1.573886 0.057584
0.000025 0.102878 1.573886 0.057584
0.000025 0.102878 1.573886 0.057584
0.000025 0.102878 1.573886 0.057584
0.000025 0.102878 1.573886 0.057584
0.000025 0.102878 1.573886 0.057584
0.000025 0.102878 1.573886 0.057584
0.000025 0.102878 1.573886 0.057584
0.000025 0.102878 1.573886 0.057584
0.000024 0.102878 1.573886 0.057584
0.000024 0.102878 1.573886 0.057584
0.000024 0.102878 1.573886 0.057584
0.000024 0.102878 1.573886 0.057584
0.000024 0.102878 1.573886 0.057584
0.000024 0.102878 1.573886 0.057584
0.000024 0.102878 1.573886 0.057584
0.000024 0.102878 1.573886 0.057584
0.000024 0.102878 1.573886 0.057584
0.000023 0.102878 1.573886 0.057584
0.000023 0.102878 1.573886 0.057584
0.000023 0.102878 1.573886 0.057584
0.000023 0.102878 1.573886 0.057584
0.000023 0.102878 1.573886 0.057584
0.000023 0.102878 1.573886 0.057584
0.000023 0.102878 1.573886 0.057584
0.000023 0.102878 1.573886 0.057584
0.000023 0.102878 1.573886 0.057584
0.000023 0.102878 1.573886 0.057584
0.000023 0.102878 1.573886 0.057584
0.000022 0.102878 1.573886 0.057584
0.000022 0.102878 1.573886 0.057584
0.000022 0.102878 1.573886 0.057584
0.000022 0.102878 1.573886 0.057584
0.000022 0.102878 1.573886 0.057584
0.000022 0.102878 1.573886 0.057584
0.000022 0.102878 1.573886 0.057584
0.000022 0.102878 1.573886 0.057584
0.000022 0.102878 1.573886 0.057584
0.000022 0.102878 1.573886 0.057584
0.000021 0.102878 1.573886 0.057584
0.000021 0.102878 1.573886 0.057584
0.000021 0.102878 1.573887 0.057584
0.000021 0.102878 1.573887 0.057584
0.000021 0.102878 1.573887 0.057584
0.000021 0.102878 1.573887 0.057584
0.000021 0.102878 1.573887 0.057584
0.000021 0.102878 1.573887 0.057584
0.000021 0.102878 1.573887 0.057584
0.000021 0.102878 1.573887 0.057584
0.000021 0.102878 1.573887 0.057584
0.000020 0.102878 1.573887 0.057584
0.000020 0.102878 1.573887 0.057584
0.000020 0.102878 1.573887 0.057584
0.000020 0.102878 1.573887 0.057584
0.000020 0.102878 1.573887 0.057584
0.000020 0.102878 1.573887 0.057584
0.000020 0.102878 1.573887 0.057584
0.000020 0.102878 1.573887 0.057584
0.000020 0.102878 1.573887 0.057584
0.000020 0.102878 1.573887 0.057584
0.000020 0.102878 1.573887 0.057584
0.000020 0.102878 1.573887 0.057584
0.000019 0.102878 1.573887 0.057584
0.000019 0.102878 1.573887 0.057584
0.000019 0.102878 1.573887 0.057584
0.000019 0.102878 1.573887 0.057584
0.000019 0.102878 1.573887 0.057584
0.000019 0.102878 1.573887 0.057584
0.000019 0.102878 1.573887 0.057584
0.000019 0.102878 1.573887 0.057584
0.000019 0.102878 1.573887 0.057584
0.000019 0.102878 1.573887 0.057584
0.000019 0.102878 1.573887 0.057584
0.000019 0.102878 1.573887 0.057584
0.000018 0.102878 1.573887 0.057584
0.000018 0.102878 1.573887 0.057584
0.000018 0.102878 1.573887 0.057584
0.000018 0.102878 1.573887 0.057584
0.000018 0.102878 1.573887 0.057584
0.000018 0.102878 1.573887 0.057584
0.000018 0.102878 1.573887 0.057584
0.000018 0.102878 1.573887 0.057584
0.000018 0.102878 1.573887 0.057584
0.000018 0.102878 1.573887 0.057584
0.000018 0.102878 1.573887 0.057584
0.000018 0.102878 1.573887 0.057584
0.000018 0.102878 1.573887 0.057584
0.000017 0.102878 1.573887 0.057584
0.000017 0.102878 1.573887 0.057584
0.000017 0.102878 1.573887 0.057584
0.000017 0.102878 1.573887 0.057584
0.000017 0.102878 1.573887 0.057584
0.000017 0.102878 1.573887 0.057584
0.000017 0.102878 1.573887 0.057584
0.000017 0.102878 1.573887 0.057584
0.000017 0.102878 1.573887 0.057584
0.000017 0.102878 1.573887 0.057584
0.000017 0.102878 1.573887 0.057584
0.000017 0.102878 1.573887 0.057584
0.000017 0.102878 1.573887 0.057584
0.000017 0.102878 1.573887 0.057584
0.000016 0.102878 1.573887 0.057584
0.000016 0.102878 1.573887 0.057584
0.000016 0.102878 1.573887 0.057584
0.000016 0.102878 1.573887 0.057584
0.000016 0.102878 1.573887 0.057584
0.000016 0.102878 1.573887 0.057584
0.000016 0.102878 1.573887 0.057584
0.000016 0.102878 1.573887 0.057584
0.000016 0.102878 1.573887 0.057584
0.000016 0.102878 1.573887 0.057584
0.000016 0.102878 1.573887 0.057584
0.000016 0.102878 1.573887 0.057584
0.000016 0.102878 1.573887 0.057584
0.000016 0.102878 1.573887 0.057584
0.000016 0.102878 1.573887 0.057584
0.000015 0.102878 1.573887 0.057584
0.000015 0.102878 1.573887 0.057584
0.000015 0.102878 1.573887 0.057584
0.000015 0.102878 1.573887 0.057584
0.000015 0.102878 1.573887 0.057584
0.000015 0.102878 1.573887 0.057584
0.000015 0.102878 1.573887 0.057584
0.000015 0.102878 1.573887 0.057584
0.000015 0.102878 1.573887 0.057584
0.000015 0.102878 1.573887 0.057584
0.000015 0.102878 1.573887 0.057584
0.000015 0.102878 1.573887 0.057584
0.000015 0.102878 1.573887 0.057584
0.000015 0.102878 1.573887 0.057584
0.000015 0.102878 1.573887 0.057584
0.000014 0.102878 1.573887 0.057584
0.000014 0.102878 1.573887 0.057584
0.000014 0.102878 1.573887 0.057584
0.000014 0.102878 1.573887 0.057584
0.000014 0.102878 1.573887 0.057584
0.000014 0.102878 1.573887 0.057584
0.000014 0.102878 1.573887 0.057584
0.000014 0.102878 1.573887 0.057584
0.000014 0.102878 1.573887 0.057584
0.000014 0.102878 1.573887 0.057584
0.000014 0.102878 1.573887 0.057584
0.000014 0.102878 1.573887 0.057584
0.000014 0.102878 1.573887 0.057584
0.000014 0.102878 1.573887 0.057584
0.000014 0.102878 1.573887 0.057584
0.000014 0.102878 1.573887 0.057584
0.000014 0.102878 1.573887 0.057584
0.000013 0.102878 1.573887 0.057584
0.000013 0.102878 1.573887 0.057584
0.000013 0.102878 1.573887 0.057584
0.000013 0.102878 1.573887 0.057584
0.000013 0.102878 1.573887 0.057584
0.000013 0.102878 1.573887 0.057584
0.000013 0.102878 1.573887 0.057584
0.000013 0.102878 1.573887 0.057584
0.000013 0.102878 1.573887 0.057584
0.000013 0.102878 1.573887 0.057584
0.000013 0.102878 1.573887 0.057584
0.000013 0.102878 1.573887 0.057584
0.000013 0.102878 1.573887 0.057584
0.000013 0.102878 1.573887 0.057584
0.000013 0.102878 1.573887 0.057584
0.000013 0.102878 1.573887 0.057584
0.000013 0.102878 1.573887 0.057584
0.000013 0.102878 1.573887 0.057584
0.000012 0.102878 1.573887 0.057584
0.000012 0.102878 1.573887 0.057584
0.000012 0.102878 1.573887 0.057584
0.000012 0.102878 1.573887 0.057584
0.000012 0.102878 1.573887 0.057584
0.000012 0.102878 1.573887 0.057584
0.000012 0.102878 1.573887 0.057584
0.000012 0.102878 1.573887 0.057584
0.000012 0.102878 1.573887 0.057584
0.000012 0.102878 1.573887 0.057584
0.000012 0.102878 1.573887 0.057584
0.000012 0.102877 1.573887 0.057584
0.000012 0.102877 1.573887 0.057584
0.000012 0.102877 1.573887 0.057584
0.000012 0.102877 1.573887 0.057584
0.000012 0.102877 1.573887 0.057584
0.000012 0.102877 1.573887 0.057584
0.000012 0.102877 1.573887 0.057584
0.000012 0.102877 1.573887 0.057584
0.000011 0.102877 1.573887 0.057584
0.000011 0.102877 1.573887 0.057584
0.000011 0.102877 1.573887 0.057584
0.000011 0.102877 1.573887 0.057584
0.000011 0.102877 1.573887 0.057584
0.000011 0.102877 1.573887 0.057584
0.000011 0.102877 1.573887 0.057584
0.000011 0.102877 1.573887 0.057584
0.000011 0.102877 1.573887 0.057584
0.000011 0.102877 1.573887 0.057584
0.000011 0.102877 1.573887 0.057584
0.000011 0.102877 1.573887 0.057584
0.000011 0.102877 1.573887 0.057584
0.000011 0.102877 1.573887 0.057584
0.000011 0.102877 1.573887 0.057584
0.000011 0.102877 1.573887 0.057584
0.000011 0.102877 1.573887 0.057584
0.000011 0.102877 1.573887 0.057584
0.000011 0.102877 1.573887 0.057584
0.000011 0.102877 1.573887 0.057584
0.000011 0.102877 1.573887 0.057584
0.000011 0.102877 1.573887 0.057584
0.000010 0.102877 1.573887 0.057584
0.000010 0.102877 1.573887 0.057584
0.000010 0.102877 1.573887 0.057584
0.000010 0.102877 1.573887 0.057584
0.000010 0.102877 1.573887 0.057584
0.000010 0.102877 1.573887 0.057584
0.000010 0.102877 1.573887 0.057584
0.000010 0.102877 1.573887 0.057584
0.000010 0.102877 1.573887 0.057584
0.000010 0.102877 1.573887 0.057584
0.000010 0.102877 1.573887 0.057584
0.000010 0.102877 1.573887 0.057584
