0.960121 0.102099 1.573636 0.057041
0.689579 0.102168 1.573720 0.056982
0.502304 0.102146 1.573636 0.056944
0.393043 0.101985 1.573217 0.056793
0.330707 0.101815 1.572716 0.056639
0.287762 0.101585 1.571916 0.056460
0.257042 0.101297 1.570918 0.056256
0.234089 0.100957 1.569836 0.056025
0.216405 0.100552 1.568697 0.055758
0.202427 0.100138 1.567642 0.055493
0.191238 0.099798 1.566897 0.055288
0.181865 0.099616 1.566734 0.055194
0.173722 0.099658 1.567427 0.055254
0.166528 0.099957 1.569192 0.055486
0.160206 0.100507 1.572143 0.055885
0.154718 0.101271 1.576264 0.056423
0.149892 0.102183 1.581424 0.057055
0.145468 0.103166 1.587390 0.057725
0.141254 0.104141 1.593875 0.058380
0.137155 0.105041 1.600563 0.058972
0.133136 0.105816 1.607150 0.059469
0.129205 0.106434 1.613362 0.059850
0.125364 0.106885 1.618968 0.060108
0.121631 0.107172 1.623787 0.060248
0.118019 0.107308 1.627693 0.060281
0.114541 0.107313 1.630612 0.060225
0.111241 0.107212 1.632522 0.060098
0.108138 0.107029 1.633447 0.059919
0.105238 0.106789 1.633450 0.059708
0.102537 0.106514 1.632625 0.059481
0.100011 0.106223 1.631086 0.059253
0.097642 0.105933 1.628962 0.059034
0.095403 0.105655 1.626382 0.058832
0.093262 0.105399 1.623469 0.058655
0.091195 0.105172 1.620340 0.058503
0.089176 0.104977 1.617095 0.058379
0.087197 0.104816 1.613819 0.058283
0.085256 0.104686 1.610583 0.058211
0.083358 0.104586 1.607439 0.058161
0.081505 0.104511 1.604428 0.058129
0.079696 0.104457 1.601578 0.058111
0.077928 0.104417 1.598906 0.058102
0.076197 0.104386 1.596421 0.058100
0.074499 0.104358 1.594125 0.058098
0.072831 0.104328 1.592016 0.058094
0.071197 0.104291 1.590088 0.058086
0.069606 0.104245 1.588330 0.058069
0.068071 0.104187 1.586733 0.058044
0.066605 0.104115 1.585283 0.058009
0.065215 0.104029 1.583969 0.057964
0.063911 0.103928 1.582777 0.057909
0.062692 0.103815 1.581695 0.057845
0.061557 0.103690 1.580711 0.057773
0.060498 0.103556 1.579815 0.057693
0.059503 0.103414 1.578997 0.057609
0.058561 0.103268 1.578248 0.057520
0.057656 0.103118 1.577559 0.057429
0.056778 0.102968 1.576925 0.057337
0.055908 0.102818 1.576338 0.057245
0.055040 0.102671 1.575795 0.057154
0.054167 0.102527 1.575293 0.057064
0.053301 0.102388 1.574828 0.056977
0.052437 0.102253 1.574401 0.056893
0.051576 0.102123 1.574008 0.056812
0.050720 0.101999 1.573651 0.056733
0.049872 0.101878 1.573328 0.056658
0.049037 0.101762 1.573038 0.056585
0.048220 0.101650 1.572782 0.056514
0.047423 0.101540 1.572557 0.056445
0.046647 0.101432 1.572362 0.056378
0.045892 0.101327 1.572194 0.056311
0.045155 0.101222 1.572050 0.056245
0.044432 0.101118 1.571929 0.056180
0.043715 0.101015 1.571827 0.056115
0.043001 0.100913 1.571745 0.056050
0.042282 0.100812 1.571681 0.055986
0.041553 0.100712 1.571636 0.055922
0.040810 0.100614 1.571609 0.055859
0.040050 0.100518 1.571602 0.055797
0.039270 0.100425 1.571613 0.055737
0.038468 0.100335 1.571643 0.055679
0.037648 0.100249 1.571691 0.055622
0.036813 0.100167 1.571757 0.055569
0.035964 0.100089 1.571839 0.055518
0.035107 0.100017 1.571936 0.055469
0.034245 0.099949 1.572046 0.055424
0.033382 0.099887 1.572168 0.055382
0.032523 0.099830 1.572300 0.055344
0.031671 0.099778 1.572440 0.055308
0.030832 0.099731 1.572588 0.055276
0.030010 0.099690 1.572740 0.055247
0.029207 0.099653 1.572897 0.055221
0.028433 0.099620 1.573057 0.055198
0.027689 0.099592 1.573217 0.055178
0.026973 0.099568 1.573379 0.055161
0.026283 0.099548 1.573540 0.055146
0.025620 0.099532 1.573700 0.055133
0.024984 0.099518 1.573857 0.055123
0.024372 0.099508 1.574012 0.055115
0.023785 0.099500 1.574163 0.055109
0.023223 0.099496 1.574310 0.055105
0.022684 0.099494 1.574452 0.055103
0.022166 0.099494 1.574589 0.055103
0.021667 0.099497 1.574721 0.055105
0.021185 0.099503 1.574847 0.055108
0.020718 0.099511 1.574968 0.055113
0.020267 0.099520 1.575084 0.055120
0.019830 0.099532 1.575195 0.055129
0.019408 0.099545 1.575301 0.055138
0.019000 0.099560 1.575403 0.055149
0.018607 0.099576 1.575500 0.055161
0.018231 0.099593 1.575594 0.055173
0.017871 0.099611 1.575684 0.055187
0.017530 0.099630 1.575771 0.055201
0.017206 0.099650 1.575855 0.055216
0.016903 0.099670 1.575935 0.055232
0.016618 0.099690 1.576013 0.055248
0.016354 0.099711 1.576088 0.055264
0.016110 0.099733 1.576159 0.055281
0.015885 0.099754 1.576228 0.055297
0.015679 0.099776 1.576294 0.055315
0.015491 0.099798 1.576357 0.055332
0.015321 0.099819 1.576418 0.055349
0.015166 0.099841 1.576477 0.055366
0.015027 0.099863 1.576533 0.055384
0.014902 0.099884 1.576588 0.055401
0.014791 0.099906 1.576640 0.055418
0.014691 0.099927 1.576691 0.055435
0.014604 0.099947 1.576739 0.055452
0.014528 0.099967 1.576786 0.055468
0.014462 0.099987 1.576832 0.055484
0.014407 0.100006 1.576875 0.055500
0.014360 0.100025 1.576917 0.055516
0.014322 0.100044 1.576957 0.055531
0.014291 0.100061 1.576996 0.055545
0.014268 0.100078 1.577034 0.055559
0.014251 0.100095 1.577070 0.055573
0.014238 0.100111 1.577104 0.055586
0.014226 0.100126 1.577137 0.055599
0.014215 0.100140 1.577169 0.055611
0.014203 0.100153 1.577199 0.055622
0.014190 0.100166 1.577228 0.055633
0.014174 0.100177 1.577256 0.055643
0.014155 0.100188 1.577283 0.055653
0.014133 0.100198 1.577308 0.055662
0.014108 0.100208 1.577333 0.055670
0.014078 0.100216 1.577356 0.055678
0.014044 0.100224 1.577379 0.055685
0.014006 0.100231 1.577400 0.055692
0.013965 0.100237 1.577420 0.055698
0.013919 0.100243 1.577440 0.055703
0.013870 0.100247 1.577458 0.055708
0.013819 0.100252 1.577476 0.055712
0.013765 0.100255 1.577493 0.055716
0.013707 0.100258 1.577509 0.055720
0.013644 0.100260 1.577525 0.055722
0.013577 0.100261 1.577540 0.055725
0.013506 0.100262 1.577554 0.055727
0.013433 0.100263 1.577567 0.055728
0.013357 0.100262 1.577580 0.055729
0.013279 0.100261 1.577592 0.055729
0.013198 0.100260 1.577603 0.055729
0.013114 0.100258 1.577612 0.055729
0.013028 0.100255 1.577620 0.055728
0.012940 0.100251 1.577625 0.055726
0.012850 0.100247 1.577627 0.055724
0.012759 0.100242 1.577626 0.055721
0.012668 0.100236 1.577623 0.055718
0.012576 0.100230 1.577618 0.055714
0.012485 0.100223 1.577610 0.055710
0.012395 0.100216 1.577602 0.055706
0.012307 0.100209 1.577593 0.055702
0.012221 0.100202 1.577583 0.055697
0.012138 0.100195 1.577575 0.055692
0.012059 0.100188 1.577567 0.055688
0.011982 0.100180 1.577560 0.055683
0.011912 0.100173 1.577554 0.055678
0.011845 0.100167 1.577549 0.055674
0.011780 0.100160 1.577546 0.055669
0.011718 0.100153 1.577544 0.055665
0.011659 0.100147 1.577543 0.055660
0.011604 0.100141 1.577543 0.055656
0.011552 0.100135 1.577544 0.055651
0.011503 0.100129 1.577547 0.055647
0.011457 0.100123 1.577550 0.055643
0.011412 0.100117 1.577554 0.055638
0.011369 0.100111 1.577557 0.055634
0.011327 0.100106 1.577561 0.055630
0.011286 0.100100 1.577564 0.055625
0.011245 0.100094 1.577565 0.055621
0.011205 0.100089 1.577565 0.055617
0.011164 0.100084 1.577563 0.055613
0.011123 0.100079 1.577559 0.055609
0.011081 0.100074 1.577555 0.055605
0.011038 0.100069 1.577549 0.055601
0.010993 0.100065 1.577544 0.055597
0.010947 0.100060 1.577538 0.055594
0.010898 0.100056 1.577532 0.055590
0.010846 0.100052 1.577526 0.055586
0.010791 0.100047 1.577521 0.055583
0.010732 0.100043 1.577517 0.055579
0.010669 0.100039 1.577514 0.055576
0.010602 0.100034 1.577511 0.055572
0.010529 0.100030 1.577510 0.055568
0.010451 0.100025 1.577509 0.055564
0.010368 0.100021 1.577510 0.055561
0.010278 0.100016 1.577511 0.055557
0.010182 0.100012 1.577513 0.055553
0.010079 0.100008 1.577516 0.055549
0.009971 0.100003 1.577519 0.055546
0.009856 0.099999 1.577522 0.055542
0.009735 0.099995 1.577526 0.055539
0.009608 0.099991 1.577530 0.055535
0.009476 0.099987 1.577535 0.055532
0.009340 0.099983 1.577539 0.055529
0.009199 0.099980 1.577544 0.055526
0.009056 0.099976 1.577548 0.055523
0.008911 0.099973 1.577553 0.055520
0.008764 0.099970 1.577557 0.055517
0.008618 0.099967 1.577561 0.055515
0.008472 0.099965 1.577565 0.055512
0.008329 0.099962 1.577569 0.055510
0.008188 0.099960 1.577573 0.055508
0.008052 0.099958 1.577577 0.055506
0.007921 0.099956 1.577580 0.055504
0.007797 0.099954 1.577584 0.055502
0.007679 0.099952 1.577587 0.055500
0.007569 0.099951 1.577590 0.055498
0.007468 0.099949 1.577593 0.055497
0.007375 0.099948 1.577596 0.055495
0.007291 0.099946 1.577599 0.055494
0.007217 0.099945 1.577602 0.055493
0.007151 0.099944 1.577605 0.055491
0.007094 0.099943 1.577607 0.055490
0.007045 0.099942 1.577610 0.055489
0.007004 0.099941 1.577612 0.055488
0.006971 0.099940 1.577615 0.055487
0.006944 0.099939 1.577617 0.055486
0.006922 0.099938 1.577619 0.055485
0.006906 0.099937 1.577621 0.055484
0.006894 0.099936 1.577623 0.055483
0.006885 0.099936 1.577625 0.055482
0.006879 0.099935 1.577627 0.055481
0.006875 0.099934 1.577629 0.055481
0.006871 0.099934 1.577631 0.055480
0.006869 0.099933 1.577633 0.055479
0.006866 0.099932 1.577635 0.055478
0.006863 0.099932 1.577636 0.055478
0.006860 0.099931 1.577638 0.055477
0.006854 0.099930 1.577639 0.055476
0.006846 0.099930 1.577640 0.055476
0.006837 0.099929 1.577642 0.055475
0.006825 0.099929 1.577643 0.055474
0.006810 0.099928 1.577644 0.055474
0.006794 0.099927 1.577645 0.055473
0.006775 0.099927 1.577646 0.055473
0.006754 0.099926 1.577647 0.055472
0.006731 0.099925 1.577648 0.055471
0.006705 0.099925 1.577649 0.055471
0.006678 0.099924 1.577649 0.055470
0.006648 0.099923 1.577648 0.055470
0.006616 0.099923 1.577647 0.055469
0.006582 0.099922 1.577644 0.055469
0.006546 0.099922 1.577642 0.055468
0.006508 0.099922 1.577638 0.055468
0.006468 0.099921 1.577634 0.055468
0.006427 0.099921 1.577630 0.055467
0.006384 0.099921 1.577625 0.055467
0.006340 0.099920 1.577621 0.055467
0.006295 0.099920 1.577617 0.055467
0.006248 0.099920 1.577613 0.055466
0.006200 0.099919 1.577609 0.055466
0.006151 0.099919 1.577606 0.055466
0.006101 0.099918 1.577604 0.055465
0.006050 0.099918 1.577602 0.055465
0.005999 0.099917 1.577600 0.055465
0.005946 0.099917 1.577599 0.055464
0.005893 0.099916 1.577599 0.055463
0.005840 0.099915 1.577599 0.055463
0.005786 0.099914 1.577600 0.055462
0.005731 0.099913 1.577600 0.055461
0.005676 0.099912 1.577602 0.055461
0.005621 0.099911 1.577603 0.055460
0.005565 0.099909 1.577605 0.055459
0.005510 0.099908 1.577606 0.055458
0.005454 0.099907 1.577608 0.055457
0.005398 0.099906 1.577610 0.055456
0.005342 0.099904 1.577612 0.055456
0.005286 0.099903 1.577614 0.055455
0.005230 0.099902 1.577615 0.055454
0.005174 0.099901 1.577617 0.055453
0.005118 0.099900 1.577619 0.055452
0.005063 0.099898 1.577621 0.055452
0.005007 0.099897 1.577622 0.055451
0.004952 0.099896 1.577624 0.055450
0.004897 0.099895 1.577625 0.055449
0.004843 0.099894 1.577627 0.055449
0.004789 0.099893 1.577628 0.055448
0.004735 0.099892 1.577629 0.055447
0.004681 0.099891 1.577631 0.055446
0.004628 0.099890 1.577632 0.055446
0.004576 0.099889 1.577633 0.055445
0.004523 0.099888 1.577634 0.055444
0.004472 0.099887 1.577635 0.055444
0.004420 0.099886 1.577637 0.055443
0.004369 0.099885 1.577638 0.055442
0.004319 0.099884 1.577639 0.055442
0.004269 0.099883 1.577640 0.055441
0.004219 0.099882 1.577641 0.055441
0.004170 0.099881 1.577642 0.055440
0.004121 0.099880 1.577643 0.055439
0.004073 0.099879 1.577644 0.055439
0.004026 0.099879 1.577645 0.055438
0.003978 0.099878 1.577647 0.055438
0.003932 0.099877 1.577648 0.055437
0.003886 0.099876 1.577649 0.055437
0.003840 0.099875 1.577650 0.055436
0.003795 0.099874 1.577651 0.055435
0.003750 0.099873 1.577652 0.055435
0.003706 0.099873 1.577653 0.055434
0.003663 0.099872 1.577654 0.055434
0.003620 0.099871 1.577656 0.055433
0.003578 0.099870 1.577657 0.055433
0.003536 0.099869 1.577658 0.055432
0.003495 0.099868 1.577659 0.055431
0.003455 0.099868 1.577660 0.055431
0.003415 0.099867 1.577661 0.055430
0.003376 0.099866 1.577662 0.055430
0.003337 0.099865 1.577663 0.055429
0.003299 0.099864 1.577664 0.055429
0.003262 0.099864 1.577666 0.055428
0.003226 0.099863 1.577667 0.055428
0.003190 0.099862 1.577668 0.055427
0.003156 0.099861 1.577669 0.055427
0.003121 0.099860 1.577670 0.055426
0.003088 0.099860 1.577671 0.055426
0.003055 0.099859 1.577672 0.055425
0.003024 0.099858 1.577673 0.055425
0.002993 0.099857 1.577674 0.055424
0.002962 0.099857 1.577674 0.055424
0.002933 0.099856 1.577675 0.055423
0.002904 0.099855 1.577676 0.055422
0.002876 0.099854 1.577677 0.055422
0.002849 0.099853 1.577678 0.055421
0.002823 0.099853 1.577679 0.055421
0.002797 0.099852 1.577680 0.055420
0.002772 0.099851 1.577681 0.055420
0.002748 0.099850 1.577682 0.055419
0.002725 0.099850 1.577683 0.055419
0.002702 0.099849 1.577684 0.055418
0.002680 0.099848 1.577685 0.055418
0.002659 0.099847 1.577685 0.055417
0.002638 0.099846 1.577686 0.055417
0.002618 0.099846 1.577687 0.055416
0.002599 0.099845 1.577688 0.055416
0.002580 0.099844 1.577689 0.055415
0.002562 0.099843 1.577690 0.055415
0.002545 0.099842 1.577691 0.055414
0.002528 0.099842 1.577692 0.055414
0.002512 0.099841 1.577693 0.055413
0.002496 0.099840 1.577694 0.055413
0.002481 0.099839 1.577694 0.055412
0.002466 0.099838 1.577695 0.055412
0.002452 0.099838 1.577696 0.055411
0.002438 0.099837 1.577697 0.055410
0.002425 0.099836 1.577698 0.055410
0.002412 0.099835 1.577699 0.055409
0.002400 0.099834 1.577700 0.055409
0.002388 0.099833 1.577701 0.055408
0.002377 0.099833 1.577702 0.055408
0.002366 0.099832 1.577702 0.055407
0.002355 0.099831 1.577703 0.055407
0.002345 0.099830 1.577704 0.055406
0.002335 0.099829 1.577705 0.055406
0.002326 0.099829 1.577706 0.055405
0.002317 0.099828 1.577707 0.055405
0.002308 0.099827 1.577708 0.055404
0.002299 0.099826 1.577709 0.055404
0.002291 0.099826 1.577710 0.055403
0.002284 0.099825 1.577710 0.055403
0.002276 0.099824 1.577711 0.055402
0.002269 0.099823 1.577712 0.055402
0.002262 0.099822 1.577713 0.055401
0.002256 0.099822 1.577714 0.055401
0.002250 0.099821 1.577715 0.055400
0.002244 0.099820 1.577716 0.055400
0.002239 0.099819 1.577717 0.055399
0.002234 0.099819 1.577718 0.055399
0.002228 0.099818 1.577718 0.055399
0.002223 0.099817 1.577719 0.055398
0.002218 0.099816 1.577720 0.055398
0.002214 0.099816 1.577721 0.055397
0.002209 0.099815 1.577722 0.055397
0.002205 0.099814 1.577723 0.055396
0.002201 0.099813 1.577724 0.055396
0.002197 0.099813 1.577725 0.055395
0.002193 0.099812 1.577726 0.055395
0.002190 0.099811 1.577726 0.055394
0.002186 0.099811 1.577727 0.055394
0.002183 0.099810 1.577728 0.055394
0.002180 0.099809 1.577729 0.055393
0.002178 0.099809 1.577730 0.055393
0.002175 0.099808 1.577731 0.055392
0.002173 0.099807 1.577732 0.055392
0.002171 0.099806 1.577733 0.055392
0.002169 0.099806 1.577734 0.055391
0.002168 0.099805 1.577734 0.055391
0.002166 0.099804 1.577735 0.055390
0.002165 0.099804 1.577736 0.055390
0.002163 0.099803 1.577737 0.055390
0.002162 0.099802 1.577738 0.055389
0.002161 0.099802 1.577739 0.055389
0.002160 0.099801 1.577740 0.055388
0.002159 0.099800 1.577741 0.055388
0.002158 0.099800 1.577741 0.055388
0.002157 0.099799 1.577742 0.055387
0.002156 0.099799 1.577743 0.055387
0.002156 0.099798 1.577744 0.055386
0.002155 0.099797 1.577745 0.055386
0.002154 0.099797 1.577746 0.055386
0.002153 0.099796 1.577747 0.055385
0.002152 0.099795 1.577748 0.055385
0.002150 0.099795 1.577748 0.055385
0.002149 0.099794 1.577749 0.055384
0.002148 0.099794 1.577750 0.055384
0.002146 0.099793 1.577751 0.055384
0.002144 0.099792 1.577752 0.055383
0.002143 0.099792 1.577753 0.055383
0.002141 0.099791 1.577754 0.055382
0.002138 0.099791 1.577755 0.055382
0.002136 0.099790 1.577755 0.055382
0.002134 0.099790 1.577756 0.055381
0.002131 0.099789 1.577757 0.055381
0.002128 0.099788 1.577758 0.055381
0.002125 0.099788 1.577759 0.055380
0.002121 0.099787 1.577760 0.055380
0.002117 0.099787 1.577760 0.055380
0.002113 0.099786 1.577761 0.055379
0.002109 0.099786 1.577762 0.055379
0.002105 0.099785 1.577763 0.055379
0.002100 0.099785 1.577764 0.055379
0.002095 0.099784 1.577765 0.055378
0.002090 0.099783 1.577766 0.055378
0.002084 0.099783 1.577766 0.055378
0.002078 0.099782 1.577767 0.055377
0.002072 0.099782 1.577768 0.055377
0.002066 0.099781 1.577769 0.055377
0.002059 0.099781 1.577770 0.055376
0.002052 0.099780 1.577770 0.055376
0.002045 0.099780 1.577771 0.055376
0.002037 0.099779 1.577772 0.055375
0.002029 0.099779 1.577773 0.055375
0.002021 0.099778 1.577774 0.055375
0.002013 0.099778 1.577775 0.055375
0.002004 0.099777 1.577775 0.055374
0.001995 0.099777 1.577776 0.055374
0.001986 0.099776 1.577777 0.055374
0.001976 0.099776 1.577778 0.055373
0.001967 0.099775 1.577779 0.055373
0.001957 0.099775 1.577779 0.055373
0.001947 0.099774 1.577780 0.055373
0.001936 0.099774 1.577781 0.055372
0.001926 0.099774 1.577782 0.055372
0.001915 0.099773 1.577782 0.055372
0.001904 0.099773 1.577783 0.055372
0.001893 0.099772 1.577784 0.055371
0.001882 0.099772 1.577785 0.055371
0.001871 0.099771 1.577785 0.055371
0.001859 0.099771 1.577786 0.055370
0.001848 0.099770 1.577787 0.055370
0.001836 0.099770 1.577788 0.055370
0.001824 0.099769 1.577789 0.055370
0.001812 0.099769 1.577789 0.055369
0.001800 0.099768 1.577790 0.055369
0.001788 0.099768 1.577791 0.055369
0.001776 0.099768 1.577791 0.055369
0.001764 0.099767 1.577792 0.055368
0.001752 0.099767 1.577793 0.055368
0.001739 0.099766 1.577794 0.055368
0.001727 0.099766 1.577794 0.055368
0.001715 0.099765 1.577795 0.055367
0.001703 0.099765 1.577796 0.055367
0.001691 0.099765 1.577797 0.055367
0.001679 0.099764 1.577797 0.055367
0.001667 0.099764 1.577798 0.055366
0.001655 0.099763 1.577799 0.055366
0.001643 0.099763 1.577799 0.055366
0.001632 0.099762 1.577800 0.055366
0.001620 0.099762 1.577801 0.055365
0.001609 0.099762 1.577801 0.055365
0.001598 0.099761 1.577802 0.055365
0.001587 0.099761 1.577803 0.055365
0.001576 0.099760 1.577804 0.055364
0.001565 0.099760 1.577804 0.055364
0.001554 0.099760 1.577805 0.055364
0.001544 0.099759 1.577806 0.055364
0.001533 0.099759 1.577806 0.055364
0.001523 0.099758 1.577807 0.055363
0.001514 0.099758 1.577808 0.055363
0.001504 0.099758 1.577808 0.055363
0.001494 0.099757 1.577809 0.055363
0.001485 0.099757 1.577810 0.055362
0.001476 0.099756 1.577810 0.055362
0.001467 0.099756 1.577811 0.055362
0.001459 0.099756 1.577812 0.055362
0.001451 0.099755 1.577812 0.055361
0.001443 0.099755 1.577813 0.055361
0.001435 0.099754 1.577814 0.055361
0.001427 0.099754 1.577814 0.055361
0.001420 0.099754 1.577815 0.055361
0.001413 0.099753 1.577815 0.055360
0.001406 0.099753 1.577816 0.055360
0.001399 0.099752 1.577817 0.055360
0.001393 0.099752 1.577817 0.055360
0.001386 0.099752 1.577818 0.055360
0.001380 0.099751 1.577819 0.055359
0.001375 0.099751 1.577819 0.055359
0.001369 0.099751 1.577820 0.055359
0.001364 0.099750 1.577820 0.055359
0.001359 0.099750 1.577821 0.055359
0.001354 0.099750 1.577822 0.055358
0.001349 0.099749 1.577822 0.055358
0.001345 0.099749 1.577823 0.055358
0.001340 0.099749 1.577824 0.055358
0.001336 0.099748 1.577824 0.055358
0.001332 0.099748 1.577825 0.055357
0.001328 0.099747 1.577825 0.055357
0.001325 0.099747 1.577826 0.055357
0.001322 0.099747 1.577827 0.055357
0.001318 0.099746 1.577827 0.055357
0.001315 0.099746 1.577828 0.055356
0.001312 0.099746 1.577828 0.055356
0.001310 0.099745 1.577829 0.055356
0.001307 0.099745 1.577829 0.055356
0.001304 0.099745 1.577830 0.055356
0.001302 0.099744 1.577831 0.055355
0.001300 0.099744 1.577831 0.055355
0.001298 0.099744 1.577832 0.055355
0.001296 0.099743 1.577832 0.055355
0.001294 0.099743 1.577833 0.055355
0.001292 0.099743 1.577833 0.055354
0.001290 0.099742 1.577834 0.055354
0.001289 0.099742 1.577835 0.055354
0.001287 0.099742 1.577835 0.055354
0.001286 0.099741 1.577836 0.055354
0.001284 0.099741 1.577836 0.055354
0.001283 0.099741 1.577837 0.055353
0.001282 0.099741 1.577837 0.055353
0.001280 0.099740 1.577838 0.055353
0.001279 0.099740 1.577838 0.055353
0.001278 0.099739 1.577839 0.055353
0.001277 0.099739 1.577839 0.055352
0.001276 0.099739 1.577840 0.055352
0.001275 0.099738 1.577840 0.055352
0.001274 0.099738 1.577840 0.055352
0.001273 0.099738 1.577841 0.055352
0.001272 0.099737 1.577841 0.055351
0.001272 0.099737 1.577841 0.055351
0.001271 0.099736 1.577842 0.055351
0.001270 0.099736 1.577842 0.055351
0.001269 0.099735 1.577842 0.055350
0.001268 0.099735 1.577842 0.055350
0.001268 0.099734 1.577843 0.055350
0.001267 0.099734 1.577843 0.055349
0.001266 0.099734 1.577843 0.055349
0.001265 0.099733 1.577844 0.055349
0.001265 0.099733 1.577844 0.055349
0.001264 0.099732 1.577844 0.055349
0.001263 0.099732 1.577844 0.055348
0.001262 0.099731 1.577845 0.055348
0.001262 0.099731 1.577845 0.055348
0.001261 0.099731 1.577845 0.055348
0.001260 0.099730 1.577845 0.055347
0.001259 0.099730 1.577846 0.055347
0.001259 0.099729 1.577846 0.055347
0.001258 0.099729 1.577846 0.055347
0.001257 0.099729 1.577847 0.055346
0.001256 0.099728 1.577847 0.055346
0.001255 0.099728 1.577847 0.055346
0.001254 0.099728 1.577847 0.055346
0.001253 0.099727 1.577848 0.055346
0.001253 0.099727 1.577848 0.055345
0.001252 0.099727 1.577848 0.055345
0.001251 0.099726 1.577849 0.055345
0.001250 0.099726 1.577849 0.055345
0.001249 0.099726 1.577849 0.055345
0.001248 0.099725 1.577850 0.055344
0.001246 0.099725 1.577850 0.055344
0.001245 0.099725 1.577850 0.055344
0.001244 0.099724 1.577851 0.055344
0.001243 0.099724 1.577851 0.055344
0.001242 0.099724 1.577851 0.055344
0.001241 0.099724 1.577852 0.055343
0.001239 0.099723 1.577852 0.055343
0.001238 0.099723 1.577852 0.055343
0.001237 0.099723 1.577853 0.055343
0.001236 0.099722 1.577853 0.055343
0.001234 0.099722 1.577853 0.055343
0.001233 0.099722 1.577854 0.055342
0.001231 0.099722 1.577854 0.055342
0.001230 0.099721 1.577854 0.055342
0.001228 0.099721 1.577855 0.055342
0.001227 0.099721 1.577855 0.055342
0.001225 0.099721 1.577856 0.055342
0.001224 0.099720 1.577856 0.055342
0.001222 0.099720 1.577856 0.055341
0.001221 0.099720 1.577857 0.055341
0.001219 0.099720 1.577857 0.055341
0.001217 0.099719 1.577857 0.055341
0.001215 0.099719 1.577858 0.055341
0.001214 0.099719 1.577858 0.055341
0.001212 0.099719 1.577858 0.055341
0.001210 0.099718 1.577859 0.055340
0.001208 0.099718 1.577859 0.055340
0.001206 0.099718 1.577859 0.055340
0.001204 0.099718 1.577860 0.055340
0.001202 0.099717 1.577860 0.055340
0.001200 0.099717 1.577861 0.055340
0.001198 0.099717 1.577861 0.055340
0.001196 0.099717 1.577861 0.055339
0.001194 0.099716 1.577862 0.055339
0.001192 0.099716 1.577862 0.055339
0.001190 0.099716 1.577862 0.055339
0.001187 0.099716 1.577863 0.055339
0.001185 0.099716 1.577863 0.055339
0.001183 0.099715 1.577863 0.055339
0.001180 0.099715 1.577864 0.055339
0.001178 0.099715 1.577864 0.055338
0.001176 0.099715 1.577864 0.055338
0.001173 0.099714 1.577865 0.055338
0.001171 0.099714 1.577865 0.055338
0.001168 0.099714 1.577865 0.055338
0.001166 0.099714 1.577866 0.055338
0.001163 0.099714 1.577866 0.055338
0.001161 0.099713 1.577866 0.055338
0.001158 0.099713 1.577867 0.055337
0.001156 0.099713 1.577867 0.055337
0.001153 0.099713 1.577867 0.055337
0.001150 0.099712 1.577868 0.055337
0.001148 0.099712 1.577868 0.055337
0.001145 0.099712 1.577868 0.055337
0.001142 0.099712 1.577869 0.055337
0.001140 0.099712 1.577869 0.055337
0.001137 0.099711 1.577869 0.055336
0.001134 0.099711 1.577870 0.055336
0.001131 0.099711 1.577870 0.055336
0.001128 0.099711 1.577870 0.055336
0.001125 0.099710 1.577870 0.055336
0.001123 0.099710 1.577871 0.055336
0.001120 0.099710 1.577871 0.055336
0.001117 0.099710 1.577871 0.055336
0.001114 0.099710 1.577872 0.055335
0.001111 0.099709 1.577872 0.055335
0.001108 0.099709 1.577872 0.055335
0.001105 0.099709 1.577872 0.055335
0.001102 0.099709 1.577873 0.055335
0.001099 0.099708 1.577873 0.055335
0.001096 0.099708 1.577873 0.055335
0.001092 0.099708 1.577874 0.055335
0.001089 0.099708 1.577874 0.055334
0.001086 0.099708 1.577874 0.055334
0.001083 0.099707 1.577874 0.055334
0.001080 0.099707 1.577875 0.055334
0.001077 0.099707 1.577875 0.055334
0.001074 0.099707 1.577875 0.055334
0.001070 0.099707 1.577876 0.055334
0.001067 0.099706 1.577876 0.055334
0.001064 0.099706 1.577876 0.055334
0.001061 0.099706 1.577876 0.055333
0.001057 0.099706 1.577877 0.055333
0.001054 0.099706 1.577877 0.055333
0.001051 0.099705 1.577877 0.055333
0.001048 0.099705 1.577877 0.055333
0.001044 0.099705 1.577878 0.055333
0.001041 0.099705 1.577878 0.055333
0.001038 0.099705 1.577878 0.055333
0.001034 0.099704 1.577878 0.055333
0.001031 0.099704 1.577879 0.055332
0.001028 0.099704 1.577879 0.055332
0.001024 0.099704 1.577879 0.055332
0.001021 0.099704 1.577879 0.055332
0.001018 0.099703 1.577880 0.055332
0.001014 0.099703 1.577880 0.055332
0.001011 0.099703 1.577880 0.055332
0.001008 0.099703 1.577880 0.055332
0.001004 0.099703 1.577881 0.055332
0.001001 0.099702 1.577881 0.055331
0.000998 0.099702 1.577881 0.055331
0.000994 0.099702 1.577881 0.055331
0.000991 0.099702 1.577882 0.055331
0.000987 0.099702 1.577882 0.055331
0.000984 0.099701 1.577882 0.055331
0.000981 0.099701 1.577882 0.055331
0.000977 0.099701 1.577883 0.055331
0.000974 0.099701 1.577883 0.055331
0.000970 0.099701 1.577883 0.055331
0.000967 0.099700 1.577883 0.055330
0.000964 0.099700 1.577883 0.055330
0.000960 0.099700 1.577884 0.055330
0.000957 0.099700 1.577884 0.055330
0.000953 0.099700 1.577884 0.055330
0.000950 0.099699 1.577884 0.055330
0.000946 0.099699 1.577885 0.055330
0.000943 0.099699 1.577885 0.055330
0.000940 0.099699 1.577885 0.055330
0.000936 0.099699 1.577885 0.055330
0.000933 0.099699 1.577885 0.055329
0.000929 0.099698 1.577886 0.055329
0.000926 0.099698 1.577886 0.055329
0.000923 0.099698 1.577886 0.055329
0.000919 0.099698 1.577886 0.055329
0.000916 0.099698 1.577887 0.055329
0.000912 0.099697 1.577887 0.055329
0.000909 0.099697 1.577887 0.055329
0.000906 0.099697 1.577887 0.055329
0.000902 0.099697 1.577887 0.055329
0.000899 0.099697 1.577888 0.055328
0.000895 0.099697 1.577888 0.055328
0.000892 0.099696 1.577888 0.055328
0.000889 0.099696 1.577888 0.055328
0.000885 0.099696 1.577888 0.055328
0.000882 0.099696 1.577889 0.055328
0.000879 0.099696 1.577889 0.055328
0.000875 0.099696 1.577889 0.055328
0.000872 0.099695 1.577889 0.055328
0.000868 0.099695 1.577889 0.055328
0.000865 0.099695 1.577890 0.055328
0.000862 0.099695 1.577890 0.055327
0.000858 0.099695 1.577890 0.055327
0.000855 0.099695 1.577890 0.055327
0.000852 0.099694 1.577890 0.055327
0.000848 0.099694 1.577891 0.055327
0.000845 0.099694 1.577891 0.055327
0.000842 0.099694 1.577891 0.055327
0.000838 0.099694 1.577891 0.055327
0.000835 0.099694 1.577891 0.055327
0.000832 0.099693 1.577892 0.055327
0.000828 0.099693 1.577892 0.055327
0.000825 0.099693 1.577892 0.055326
0.000822 0.099693 1.577892 0.055326
0.000818 0.099693 1.577892 0.055326
0.000815 0.099693 1.577893 0.055326
0.000812 0.099692 1.577893 0.055326
0.000808 0.099692 1.577893 0.055326
0.000805 0.099692 1.577893 0.055326
0.000802 0.099692 1.577893 0.055326
0.000799 0.099692 1.577894 0.055326
0.000795 0.099692 1.577894 0.055326
0.000792 0.099691 1.577894 0.055326
0.000789 0.099691 1.577894 0.055326
0.000786 0.099691 1.577894 0.055325
0.000782 0.099691 1.577894 0.055325
0.000779 0.099691 1.577895 0.055325
0.000776 0.099691 1.577895 0.055325
0.000773 0.099690 1.577895 0.055325
0.000769 0.099690 1.577895 0.055325
0.000766 0.099690 1.577895 0.055325
0.000763 0.099690 1.577896 0.055325
0.000760 0.099690 1.577896 0.055325
0.000757 0.099690 1.577896 0.055325
0.000754 0.099690 1.577896 0.055325
0.000750 0.099689 1.577896 0.055325
0.000747 0.099689 1.577896 0.055324
0.000744 0.099689 1.577897 0.055324
0.000741 0.099689 1.577897 0.055324
0.000738 0.099689 1.577897 0.055324
0.000735 0.099689 1.577897 0.055324
0.000732 0.099688 1.577897 0.055324
0.000729 0.099688 1.577897 0.055324
0.000725 0.099688 1.577898 0.055324
0.000722 0.099688 1.577898 0.055324
0.000719 0.099688 1.577898 0.055324
0.000716 0.099688 1.577898 0.055324
0.000713 0.099688 1.577898 0.055324
0.000710 0.099687 1.577898 0.055324
0.000707 0.099687 1.577899 0.055323
0.000704 0.099687 1.577899 0.055323
0.000701 0.099687 1.577899 0.055323
0.000698 0.099687 1.577899 0.055323
0.000695 0.099687 1.577899 0.055323
0.000692 0.099687 1.577899 0.055323
0.000689 0.099686 1.577900 0.055323
0.000686 0.099686 1.577900 0.055323
0.000683 0.099686 1.577900 0.055323
0.000680 0.099686 1.577900 0.055323
0.000677 0.099686 1.577900 0.055323
0.000674 0.099686 1.577900 0.055323
0.000672 0.099686 1.577900 0.055323
0.000669 0.099685 1.577901 0.055322
0.000666 0.099685 1.577901 0.055322
0.000663 0.099685 1.577901 0.055322
0.000660 0.099685 1.577901 0.055322
0.000657 0.099685 1.577901 0.055322
0.000654 0.099685 1.577901 0.055322
0.000652 0.099685 1.577902 0.055322
0.000649 0.099684 1.577902 0.055322
0.000646 0.099684 1.577902 0.055322
0.000643 0.099684 1.577902 0.055322
0.000640 0.099684 1.577902 0.055322
0.000638 0.099684 1.577902 0.055322
0.000635 0.099684 1.577902 0.055322
0.000632 0.099684 1.577903 0.055322
0.000629 0.099684 1.577903 0.055321
0.000627 0.099683 1.577903 0.055321
0.000624 0.099683 1.577903 0.055321
0.000621 0.099683 1.577903 0.055321
0.000619 0.099683 1.577903 0.055321
0.000616 0.099683 1.577903 0.055321
0.000613 0.099683 1.577904 0.055321
0.000611 0.099683 1.577904 0.055321
0.000608 0.099683 1.577904 0.055321
0.000605 0.099682 1.577904 0.055321
0.000603 0.099682 1.577904 0.055321
0.000600 0.099682 1.577904 0.055321
0.000598 0.099682 1.577904 0.055321
0.000595 0.099682 1.577905 0.055321
0.000593 0.099682 1.577905 0.055321
0.000590 0.099682 1.577905 0.055320
0.000587 0.099682 1.577905 0.055320
0.000585 0.099681 1.577905 0.055320
0.000582 0.099681 1.577905 0.055320
0.000580 0.099681 1.577905 0.055320
0.000577 0.099681 1.577906 0.055320
0.000575 0.099681 1.577906 0.055320
0.000572 0.099681 1.577906 0.055320
0.000570 0.099681 1.577906 0.055320
0.000568 0.099681 1.577906 0.055320
0.000565 0.099680 1.577906 0.055320
0.000563 0.099680 1.577906 0.055320
0.000560 0.099680 1.577906 0.055320
0.000558 0.099680 1.577907 0.055320
0.000556 0.099680 1.577907 0.055320
0.000553 0.099680 1.577907 0.055320
0.000551 0.099680 1.577907 0.055319
0.000549 0.099680 1.577907 0.055319
0.000546 0.099679 1.577907 0.055319
0.000544 0.099679 1.577907 0.055319
0.000542 0.099679 1.577907 0.055319
0.000539 0.099679 1.577908 0.055319
0.000537 0.099679 1.577908 0.055319
0.000535 0.099679 1.577908 0.055319
0.000532 0.099679 1.577908 0.055319
0.000530 0.099679 1.577908 0.055319
0.000528 0.099679 1.577908 0.055319
0.000526 0.099678 1.577908 0.055319
0.000523 0.099678 1.577908 0.055319
0.000521 0.099678 1.577909 0.055319
0.000519 0.099678 1.577909 0.055319
0.000517 0.099678 1.577909 0.055319
0.000515 0.099678 1.577909 0.055319
0.000512 0.099678 1.577909 0.055318
0.000510 0.099678 1.577909 0.055318
0.000508 0.099678 1.577909 0.055318
0.000506 0.099677 1.577909 0.055318
0.000504 0.099677 1.577910 0.055318
0.000502 0.099677 1.577910 0.055318
0.000499 0.099677 1.577910 0.055318
0.000497 0.099677 1.577910 0.055318
0.000495 0.099677 1.577910 0.055318
0.000493 0.099677 1.577910 0.055318
0.000491 0.099677 1.577910 0.055318
0.000489 0.099677 1.577910 0.055318
0.000487 0.099676 1.577910 0.055318
0.000485 0.099676 1.577911 0.055318
0.000483 0.099676 1.577911 0.055318
0.000481 0.099676 1.577911 0.055318
0.000479 0.099676 1.577911 0.055318
0.000477 0.099676 1.577911 0.055318
0.000475 0.099676 1.577911 0.055317
0.000473 0.099676 1.577911 0.055317
0.000471 0.099676 1.577911 0.055317
0.000469 0.099676 1.577911 0.055317
0.000467 0.099675 1.577912 0.055317
0.000465 0.099675 1.577912 0.055317
0.000463 0.099675 1.577912 0.055317
0.000461 0.099675 1.577912 0.055317
0.000459 0.099675 1.577912 0.055317
0.000457 0.099675 1.577912 0.055317
0.000455 0.099675 1.577912 0.055317
0.000453 0.099675 1.577912 0.055317
0.000451 0.099675 1.577912 0.055317
0.000449 0.099675 1.577913 0.055317
0.000447 0.099674 1.577913 0.055317
0.000446 0.099674 1.577913 0.055317
0.000444 0.099674 1.577913 0.055317
0.000442 0.099674 1.577913 0.055317
0.000440 0.099674 1.577913 0.055317
0.000438 0.099674 1.577913 0.055317
0.000436 0.099674 1.577913 0.055316
0.000434 0.099674 1.577913 0.055316
0.000433 0.099674 1.577913 0.055316
0.000431 0.099674 1.577914 0.055316
0.000429 0.099674 1.577914 0.055316
0.000427 0.099673 1.577914 0.055316
0.000425 0.099673 1.577914 0.055316
0.000424 0.099673 1.577914 0.055316
0.000422 0.099673 1.577914 0.055316
0.000420 0.099673 1.577914 0.055316
0.000418 0.099673 1.577914 0.055316
0.000417 0.099673 1.577914 0.055316
0.000415 0.099673 1.577914 0.055316
0.000413 0.099673 1.577915 0.055316
0.000411 0.099673 1.577915 0.055316
0.000410 0.099673 1.577915 0.055316
0.000408 0.099672 1.577915 0.055316
0.000406 0.099672 1.577915 0.055316
0.000405 0.099672 1.577915 0.055316
0.000403 0.099672 1.577915 0.055316
0.000401 0.099672 1.577915 0.055316
0.000400 0.099672 1.577915 0.055315
0.000398 0.099672 1.577915 0.055315
0.000396 0.099672 1.577916 0.055315
0.000395 0.099672 1.577916 0.055315
0.000393 0.099672 1.577916 0.055315
0.000391 0.099672 1.577916 0.055315
0.000390 0.099672 1.577916 0.055315
0.000388 0.099671 1.577916 0.055315
0.000386 0.099671 1.577916 0.055315
0.000385 0.099671 1.577916 0.055315
0.000383 0.099671 1.577916 0.055315
0.000382 0.099671 1.577916 0.055315
0.000380 0.099671 1.577916 0.055315
0.000378 0.099671 1.577917 0.055315
0.000377 0.099671 1.577917 0.055315
0.000375 0.099671 1.577917 0.055315
0.000374 0.099671 1.577917 0.055315
0.000372 0.099671 1.577917 0.055315
0.000371 0.099671 1.577917 0.055315
0.000369 0.099670 1.577917 0.055315
0.000367 0.099670 1.577917 0.055315
0.000366 0.099670 1.577917 0.055315
0.000364 0.099670 1.577917 0.055315
0.000363 0.099670 1.577917 0.055315
0.000361 0.099670 1.577917 0.055314
0.000360 0.099670 1.577918 0.055314
0.000358 0.099670 1.577918 0.055314
0.000357 0.099670 1.577918 0.055314
0.000355 0.099670 1.577918 0.055314
0.000354 0.099670 1.577918 0.055314
0.000352 0.099670 1.577918 0.055314
0.000351 0.099670 1.577918 0.055314
0.000349 0.099670 1.577918 0.055314
0.000348 0.099669 1.577918 0.055314
0.000346 0.099669 1.577918 0.055314
0.000345 0.099669 1.577918 0.055314
0.000344 0.099669 1.577918 0.055314
0.000342 0.099669 1.577918 0.055314
0.000341 0.099669 1.577918 0.055314
0.000339 0.099669 1.577919 0.055314
0.000338 0.099669 1.577919 0.055314
0.000336 0.099669 1.577919 0.055314
0.000335 0.099669 1.577919 0.055314
0.000334 0.099669 1.577919 0.055314
0.000332 0.099669 1.577919 0.055314
0.000331 0.099669 1.577919 0.055314
0.000330 0.099669 1.577919 0.055314
0.000328 0.099669 1.577919 0.055314
0.000327 0.099668 1.577919 0.055314
0.000325 0.099668 1.577919 0.055314
0.000324 0.099668 1.577919 0.055314
0.000323 0.099668 1.577919 0.055314
0.000321 0.099668 1.577919 0.055314
0.000320 0.099668 1.577920 0.055313
0.000319 0.099668 1.577920 0.055313
0.000317 0.099668 1.577920 0.055313
0.000316 0.099668 1.577920 0.055313
0.000315 0.099668 1.577920 0.055313
0.000313 0.099668 1.577920 0.055313
0.000312 0.099668 1.577920 0.055313
0.000311 0.099668 1.577920 0.055313
0.000309 0.099668 1.577920 0.055313
0.000308 0.099667 1.577920 0.055313
0.000307 0.099667 1.577920 0.055313
0.000306 0.099667 1.577920 0.055313
0.000304 0.099667 1.577920 0.055313
0.000303 0.099667 1.577920 0.055313
0.000302 0.099667 1.577921 0.055313
0.000300 0.099667 1.577921 0.055313
0.000299 0.099667 1.577921 0.055313
0.000298 0.099667 1.577921 0.055313
0.000297 0.099667 1.577921 0.055313
0.000295 0.099667 1.577921 0.055313
0.000294 0.099667 1.577921 0.055313
0.000293 0.099667 1.577921 0.055313
0.000292 0.099667 1.577921 0.055313
0.000291 0.099667 1.577921 0.055313
0.000289 0.099667 1.577921 0.055313
0.000288 0.099666 1.577921 0.055313
0.000287 0.099666 1.577921 0.055313
0.000286 0.099666 1.577921 0.055313
0.000284 0.099666 1.577922 0.055313
0.000283 0.099666 1.577922 0.055312
0.000282 0.099666 1.577922 0.055312
0.000281 0.099666 1.577922 0.055312
0.000280 0.099666 1.577922 0.055312
0.000279 0.099666 1.577922 0.055312
0.000277 0.099666 1.577922 0.055312
0.000276 0.099666 1.577922 0.055312
0.000275 0.099666 1.577922 0.055312
0.000274 0.099666 1.577922 0.055312
0.000273 0.099666 1.577922 0.055312
0.000272 0.099666 1.577922 0.055312
0.000271 0.099666 1.577922 0.055312
0.000269 0.099665 1.577922 0.055312
0.000268 0.099665 1.577923 0.055312
0.000267 0.099665 1.577923 0.055312
0.000266 0.099665 1.577923 0.055312
0.000265 0.099665 1.577923 0.055312
0.000264 0.099665 1.577923 0.055312
0.000263 0.099665 1.577923 0.055312
0.000262 0.099665 1.577923 0.055312
0.000260 0.099665 1.577923 0.055312
0.000259 0.099665 1.577923 0.055312
0.000258 0.099665 1.577923 0.055312
0.000257 0.099665 1.577923 0.055312
0.000256 0.099665 1.577923 0.055312
0.000255 0.099665 1.577923 0.055312
0.000254 0.099665 1.577923 0.055312
0.000253 0.099665 1.577923 0.055312
0.000252 0.099665 1.577923 0.055312
0.000251 0.099664 1.577924 0.055312
0.000250 0.099664 1.577924 0.055312
0.000249 0.099664 1.577924 0.055312
0.000248 0.099664 1.577924 0.055312
0.000247 0.099664 1.577924 0.055311
0.000246 0.099664 1.577924 0.055311
0.000245 0.099664 1.577924 0.055311
0.000243 0.099664 1.577924 0.055311
0.000242 0.099664 1.577924 0.055311
0.000241 0.099664 1.577924 0.055311
0.000240 0.099664 1.577924 0.055311
0.000239 0.099664 1.577924 0.055311
0.000238 0.099664 1.577924 0.055311
0.000237 0.099664 1.577924 0.055311
0.000236 0.099664 1.577924 0.055311
0.000235 0.099664 1.577924 0.055311
0.000234 0.099664 1.577924 0.055311
0.000233 0.099664 1.577925 0.055311
0.000232 0.099664 1.577925 0.055311
0.000231 0.099663 1.577925 0.055311
0.000230 0.099663 1.577925 0.055311
0.000230 0.099663 1.577925 0.055311
0.000229 0.099663 1.577925 0.055311
0.000228 0.099663 1.577925 0.055311
0.000227 0.099663 1.577925 0.055311
0.000226 0.099663 1.577925 0.055311
0.000225 0.099663 1.577925 0.055311
0.000224 0.099663 1.577925 0.055311
0.000223 0.099663 1.577925 0.055311
0.000222 0.099663 1.577925 0.055311
0.000221 0.099663 1.577925 0.055311
0.000220 0.099663 1.577925 0.055311
0.000219 0.099663 1.577925 0.055311
0.000218 0.099663 1.577925 0.055311
0.000217 0.099663 1.577925 0.055311
0.000216 0.099663 1.577926 0.055311
0.000215 0.099663 1.577926 0.055311
0.000215 0.099663 1.577926 0.055311
0.000214 0.099663 1.577926 0.055311
0.000213 0.099663 1.577926 0.055311
0.000212 0.099662 1.577926 0.055311
0.000211 0.099662 1.577926 0.055311
0.000210 0.099662 1.577926 0.055311
0.000209 0.099662 1.577926 0.055311
0.000208 0.099662 1.577926 0.055310
0.000207 0.099662 1.577926 0.055310
0.000206 0.099662 1.577926 0.055310
0.000206 0.099662 1.577926 0.055310
0.000205 0.099662 1.577926 0.055310
0.000204 0.099662 1.577926 0.055310
0.000203 0.099662 1.577926 0.055310
0.000202 0.099662 1.577926 0.055310
0.000201 0.099662 1.577926 0.055310
0.000200 0.099662 1.577926 0.055310
0.000200 0.099662 1.577926 0.055310
0.000199 0.099662 1.577926 0.055310
0.000198 0.099662 1.577927 0.055310
0.000197 0.099662 1.577927 0.055310
0.000196 0.099662 1.577927 0.055310
0.000195 0.099662 1.577927 0.055310
0.000195 0.099662 1.577927 0.055310
0.000194 0.099662 1.577927 0.055310
0.000193 0.099662 1.577927 0.055310
0.000192 0.099661 1.577927 0.055310
0.000191 0.099661 1.577927 0.055310
0.000190 0.099661 1.577927 0.055310
0.000190 0.099661 1.577927 0.055310
0.000189 0.099661 1.577927 0.055310
0.000188 0.099661 1.577927 0.055310
0.000187 0.099661 1.577927 0.055310
0.000186 0.099661 1.577927 0.055310
0.000186 0.099661 1.577927 0.055310
0.000185 0.099661 1.577927 0.055310
0.000184 0.099661 1.577927 0.055310
0.000183 0.099661 1.577927 0.055310
0.000183 0.099661 1.577927 0.055310
0.000182 0.099661 1.577927 0.055310
0.000181 0.099661 1.577927 0.055310
0.000180 0.099661 1.577928 0.055310
0.000179 0.099661 1.577928 0.055310
0.000179 0.099661 1.577928 0.055310
0.000178 0.099661 1.577928 0.055310
0.000177 0.099661 1.577928 0.055310
0.000176 0.099661 1.577928 0.055310
0.000176 0.099661 1.577928 0.055310
0.000175 0.099661 1.577928 0.055310
0.000174 0.099661 1.577928 0.055310
0.000173 0.099661 1.577928 0.055310
0.000173 0.099661 1.577928 0.055310
0.000172 0.099660 1.577928 0.055310
0.000171 0.099660 1.577928 0.055310
0.000170 0.099660 1.577928 0.055310
0.000170 0.099660 1.577928 0.055309
0.000169 0.099660 1.577928 0.055309
0.000168 0.099660 1.577928 0.055309
0.000168 0.099660 1.577928 0.055309
0.000167 0.099660 1.577928 0.055309
0.000166 0.099660 1.577928 0.055309
0.000165 0.099660 1.577928 0.055309
0.000165 0.099660 1.577928 0.055309
0.000164 0.099660 1.577928 0.055309
0.000163 0.099660 1.577928 0.055309
0.000163 0.099660 1.577929 0.055309
0.000162 0.099660 1.577929 0.055309
0.000161 0.099660 1.577929 0.055309
0.000161 0.099660 1.577929 0.055309
0.000160 0.099660 1.577929 0.055309
0.000159 0.099660 1.577929 0.055309
0.000158 0.099660 1.577929 0.055309
0.000158 0.099660 1.577929 0.055309
0.000157 0.099660 1.577929 0.055309
0.000156 0.099660 1.577929 0.055309
0.000156 0.099660 1.577929 0.055309
0.000155 0.099660 1.577929 0.055309
0.000154 0.099660 1.577929 0.055309
0.000154 0.099660 1.577929 0.055309
0.000153 0.099660 1.577929 0.055309
0.000152 0.099660 1.577929 0.055309
0.000152 0.099659 1.577929 0.055309
0.000151 0.099659 1.577929 0.055309
0.000151 0.099659 1.577929 0.055309
0.000150 0.099659 1.577929 0.055309
0.000149 0.099659 1.577929 0.055309
0.000149 0.099659 1.577929 0.055309
0.000148 0.099659 1.577929 0.055309
0.000147 0.099659 1.577929 0.055309
0.000147 0.099659 1.577929 0.055309
0.000146 0.099659 1.577929 0.055309
0.000145 0.099659 1.577929 0.055309
0.000145 0.099659 1.577929 0.055309
0.000144 0.099659 1.577930 0.055309
0.000144 0.099659 1.577930 0.055309
0.000143 0.099659 1.577930 0.055309
0.000142 0.099659 1.577930 0.055309
0.000142 0.099659 1.577930 0.055309
0.000141 0.099659 1.577930 0.055309
0.000141 0.099659 1.577930 0.055309
0.000140 0.099659 1.577930 0.055309
0.000139 0.099659 1.577930 0.055309
0.000139 0.099659 1.577930 0.055309
0.000138 0.099659 1.577930 0.055309
0.000138 0.099659 1.577930 0.055309
0.000137 0.099659 1.577930 0.055309
0.000136 0.099659 1.577930 0.055309
0.000136 0.099659 1.577930 0.055309
0.000135 0.099659 1.577930 0.055309
0.000135 0.099659 1.577930 0.055309
0.000134 0.099659 1.577930 0.055309
0.000133 0.099659 1.577930 0.055309
0.000133 0.099659 1.577930 0.055309
0.000132 0.099659 1.577930 0.055309
0.000132 0.099659 1.577930 0.055309
0.000131 0.099658 1.577930 0.055309
0.000131 0.099658 1.577930 0.055309
0.000130 0.099658 1.577930 0.055308
0.000129 0.099658 1.577930 0.055308
0.000129 0.099658 1.577930 0.055308
0.000128 0.099658 1.577930 0.055308
0.000128 0.099658 1.577930 0.055308
0.000127 0.099658 1.577930 0.055308
0.000127 0.099658 1.577930 0.055308
0.000126 0.099658 1.577931 0.055308
0.000126 0.099658 1.577931 0.055308
0.000125 0.099658 1.577931 0.055308
0.000125 0.099658 1.577931 0.055308
0.000124 0.099658 1.577931 0.055308
0.000123 0.099658 1.577931 0.055308
0.000123 0.099658 1.577931 0.055308
0.000122 0.099658 1.577931 0.055308
0.000122 0.099658 1.577931 0.055308
0.000121 0.099658 1.577931 0.055308
0.000121 0.099658 1.577931 0.055308
0.000120 0.099658 1.577931 0.055308
0.000120 0.099658 1.577931 0.055308
0.000119 0.099658 1.577931 0.055308
0.000119 0.099658 1.577931 0.055308
0.000118 0.099658 1.577931 0.055308
0.000118 0.099658 1.577931 0.055308
0.000117 0.099658 1.577931 0.055308
0.000117 0.099658 1.577931 0.055308
0.000116 0.099658 1.577931 0.055308
0.000116 0.099658 1.577931 0.055308
0.000115 0.099658 1.577931 0.055308
0.000115 0.099658 1.577931 0.055308
0.000114 0.099658 1.577931 0.055308
0.000114 0.099658 1.577931 0.055308
0.000113 0.099658 1.577931 0.055308
0.000113 0.099658 1.577931 0.055308
0.000112 0.099658 1.577931 0.055308
0.000112 0.099658 1.577931 0.055308
0.000111 0.099658 1.577931 0.055308
0.000111 0.099657 1.577931 0.055308
0.000110 0.099657 1.577931 0.055308
0.000110 0.099657 1.577931 0.055308
0.000109 0.099657 1.577931 0.055308
0.000109 0.099657 1.577931 0.055308
0.000109 0.099657 1.577931 0.055308
0.000108 0.099657 1.577931 0.055308
0.000108 0.099657 1.577932 0.055308
0.000107 0.099657 1.577932 0.055308
0.000107 0.099657 1.577932 0.055308
0.000106 0.099657 1.577932 0.055308
0.000106 0.099657 1.577932 0.055308
0.000105 0.099657 1.577932 0.055308
0.000105 0.099657 1.577932 0.055308
0.000104 0.099657 1.577932 0.055308
0.000104 0.099657 1.577932 0.055308
0.000103 0.099657 1.577932 0.055308
0.000103 0.099657 1.577932 0.055308
0.000103 0.099657 1.577932 0.055308
0.000102 0.099657 1.577932 0.055308
0.000102 0.099657 1.577932 0.055308
0.000101 0.099657 1.577932 0.055308
0.000101 0.099657 1.577932 0.055308
0.000100 0.099657 1.577932 0.055308
0.000100 0.099657 1.577932 0.055308
0.000100 0.099657 1.577932 0.055308
0.000099 0.099657 1.577932 0.055308
0.000099 0.099657 1.577932 0.055308
0.000098 0.099657 1.577932 0.055308
0.000098 0.099657 1.577932 0.055308
0.000097 0.099657 1.577932 0.055308
0.000097 0.099657 1.577932 0.055308
0.000097 0.099657 1.577932 0.055308
0.000096 0.099657 1.577932 0.055308
0.000096 0.099657 1.577932 0.055308
0.000095 0.099657 1.577932 0.055308
0.000095 0.099657 1.577932 0.055308
0.000094 0.099657 1.577932 0.055308
0.000094 0.099657 1.577932 0.055308
0.000094 0.099657 1.577932 0.055308
0.000093 0.099657 1.577932 0.055308
0.000093 0.099657 1.577932 0.055308
0.000092 0.099657 1.577932 0.055308
0.000092 0.099657 1.577932 0.055308
0.000092 0.099657 1.577932 0.055308
0.000091 0.099657 1.577932 0.055308
0.000091 0.099657 1.577932 0.055308
0.000090 0.099656 1.577932 0.055307
0.000090 0.099656 1.577932 0.055307
0.000090 0.099656 1.577932 0.055307
0.000089 0.099656 1.577933 0.055307
0.000089 0.099656 1.577933 0.055307
0.000089 0.099656 1.577933 0.055307
0.000088 0.099656 1.577933 0.055307
0.000088 0.099656 1.577933 0.055307
0.000087 0.099656 1.577933 0.055307
0.000087 0.099656 1.577933 0.055307
0.000087 0.099656 1.577933 0.055307
0.000086 0.099656 1.577933 0.055307
0.000086 0.099656 1.577933 0.055307
0.000086 0.099656 1.577933 0.055307
0.000085 0.099656 1.577933 0.055307
0.000085 0.099656 1.577933 0.055307
0.000084 0.099656 1.577933 0.055307
0.000084 0.099656 1.577933 0.055307
0.000084 0.099656 1.577933 0.055307
0.000083 0.099656 1.577933 0.055307
0.000083 0.099656 1.577933 0.055307
0.000083 0.099656 1.577933 0.055307
0.000082 0.099656 1.577933 0.055307
0.000082 0.099656 1.577933 0.055307
0.000082 0.099656 1.577933 0.055307
0.000081 0.099656 1.577933 0.055307
0.000081 0.099656 1.577933 0.055307
0.000080 0.099656 1.577933 0.055307
0.000080 0.099656 1.577933 0.055307
0.000080 0.099656 1.577933 0.055307
0.000079 0.099656 1.577933 0.055307
0.000079 0.099656 1.577933 0.055307
0.000079 0.099656 1.577933 0.055307
0.000078 0.099656 1.577933 0.055307
0.000078 0.099656 1.577933 0.055307
0.000078 0.099656 1.577933 0.055307
0.000077 0.099656 1.577933 0.055307
0.000077 0.099656 1.577933 0.055307
0.000077 0.099656 1.577933 0.055307
0.000076 0.099656 1.577933 0.055307
0.000076 0.099656 1.577933 0.055307
0.000076 0.099656 1.577933 0.055307
0.000075 0.099656 1.577933 0.055307
0.000075 0.099656 1.577933 0.055307
0.000075 0.099656 1.577933 0.055307
0.000074 0.099656 1.577933 0.055307
0.000074 0.099656 1.577933 0.055307
0.000074 0.099656 1.577933 0.055307
0.000074 0.099656 1.577933 0.055307
0.000073 0.099656 1.577933 0.055307
0.000073 0.099656 1.577933 0.055307
0.000073 0.099656 1.577933 0.055307
0.000072 0.099656 1.577933 0.055307
0.000072 0.099656 1.577933 0.055307
0.000072 0.099656 1.577933 0.055307
0.000071 0.099656 1.577933 0.055307
0.000071 0.099656 1.577934 0.055307
0.000071 0.099656 1.577934 0.055307
0.000070 0.099655 1.577934 0.055307
0.000070 0.099655 1.577934 0.055307
0.000070 0.099655 1.577934 0.055307
0.000070 0.099655 1.577934 0.055307
0.000069 0.099655 1.577934 0.055307
0.000069 0.099655 1.577934 0.055307
0.000069 0.099655 1.577934 0.055307
0.000068 0.099655 1.577934 0.055307
0.000068 0.099655 1.577934 0.055307
0.000068 0.099655 1.577934 0.055307
0.000067 0.099655 1.577934 0.055307
0.000067 0.099655 1.577934 0.055307
0.000067 0.099655 1.577934 0.055307
0.000067 0.099655 1.577934 0.055307
0.000066 0.099655 1.577934 0.055307
0.000066 0.099655 1.577934 0.055307
0.000066 0.099655 1.577934 0.055307
0.000065 0.099655 1.577934 0.055307
0.000065 0.099655 1.577934 0.055307
0.000065 0.099655 1.577934 0.055307
0.000065 0.099655 1.577934 0.055307
0.000064 0.099655 1.577934 0.055307
0.000064 0.099655 1.577934 0.055307
0.000064 0.099655 1.577934 0.055307
0.000064 0.099655 1.577934 0.055307
0.000063 0.099655 1.577934 0.055307
0.000063 0.099655 1.577934 0.055307
0.000063 0.099655 1.577934 0.055307
0.000062 0.099655 1.577934 0.055307
0.000062 0.099655 1.577934 0.055307
0.000062 0.099655 1.577934 0.055307
0.000062 0.099655 1.577934 0.055307
0.000061 0.099655 1.577934 0.055307
0.000061 0.099655 1.577934 0.055307
0.000061 0.099655 1.577934 0.055307
0.000061 0.099655 1.577934 0.055307
0.000060 0.099655 1.577934 0.055307
0.000060 0.099655 1.577934 0.055307
0.000060 0.099655 1.577934 0.055307
0.000060 0.099655 1.577934 0.055307
0.000059 0.099655 1.577934 0.055307
0.000059 0.099655 1.577934 0.055307
0.000059 0.099655 1.577934 0.055307
0.000059 0.099655 1.577934 0.055307
0.000058 0.099655 1.577934 0.055307
0.000058 0.099655 1.577934 0.055307
0.000058 0.099655 1.577934 0.055307
0.000058 0.099655 1.577934 0.055307
0.000057 0.099655 1.577934 0.055307
0.000057 0.099655 1.577934 0.055307
0.000057 0.099655 1.577934 0.055307
0.000057 0.099655 1.577934 0.055307
0.000056 0.099655 1.577934 0.055307
0.000056 0.099655 1.577934 0.055307
0.000056 0.099655 1.577934 0.055307
0.000056 0.099655 1.577934 0.055307
0.000055 0.099655 1.577934 0.055307
0.000055 0.099655 1.577934 0.055307
0.000055 0.099655 1.577934 0.055307
0.000055 0.099655 1.577934 0.055307
0.000054 0.099655 1.577934 0.055307
0.000054 0.099655 1.577934 0.055307
0.000054 0.099655 1.577934 0.055307
0.000054 0.099655 1.577934 0.055307
0.000054 0.099655 1.577934 0.055307
0.000053 0.099655 1.577934 0.055307
0.000053 0.099655 1.577935 0.055307
0.000053 0.099655 1.577935 0.055307
0.000053 0.099655 1.577935 0.055307
0.000052 0.099655 1.577935 0.055307
0.000052 0.099655 1.577935 0.055307
0.000052 0.099655 1.577935 0.055307
0.000052 0.099655 1.577935 0.055307
0.000052 0.099655 1.577935 0.055307
0.000051 0.099655 1.577935 0.055307
0.000051 0.099655 1.577935 0.055307
0.000051 0.099655 1.577935 0.055306
0.000051 0.099655 1.577935 0.055306
0.000050 0.099655 1.577935 0.055306
0.000050 0.099654 1.577935 0.055306
0.000050 0.099654 1.577935 0.055306
0.000050 0.099654 1.577935 0.055306
0.000050 0.099654 1.577935 0.055306
0.000049 0.099654 1.577935 0.055306
0.000049 0.099654 1.577935 0.055306
0.000049 0.099654 1.577935 0.055306
0.000049 0.099654 1.577935 0.055306
0.000049 0.099654 1.577935 0.055306
0.000048 0.099654 1.577935 0.055306
0.000048 0.099654 1.577935 0.055306
0.000048 0.099654 1.577935 0.055306
0.000048 0.099654 1.577935 0.055306
0.000048 0.099654 1.577935 0.055306
0.000047 0.099654 1.577935 0.055306
0.000047 0.099654 1.577935 0.055306
0.000047 0.099654 1.577935 0.055306
0.000047 0.099654 1.577935 0.055306
0.000047 0.099654 1.577935 0.055306
0.000046 0.099654 1.577935 0.055306
0.000046 0.099654 1.577935 0.055306
0.000046 0.099654 1.577935 0.055306
0.000046 0.099654 1.577935 0.055306
0.000046 0.099654 1.577935 0.055306
0.000045 0.099654 1.577935 0.055306
0.000045 0.099654 1.577935 0.055306
0.000045 0.099654 1.577935 0.055306
0.000045 0.099654 1.577935 0.055306
0.000045 0.099654 1.577935 0.055306
0.000044 0.099654 1.577935 0.055306
0.000044 0.099654 1.577935 0.055306
0.000044 0.099654 1.577935 0.055306
0.000044 0.099654 1.577935 0.055306
0.000044 0.099654 1.577935 0.055306
0.000043 0.099654 1.577935 0.055306
0.000043 0.099654 1.577935 0.055306
0.000043 0.099654 1.577935 0.055306
0.000043 0.099654 1.577935 0.055306
0.000043 0.099654 1.577935 0.055306
0.000043 0.099654 1.577935 0.055306
0.000042 0.099654 1.577935 0.055306
0.000042 0.099654 1.577935 0.055306
0.000042 0.099654 1.577935 0.055306
0.000042 0.099654 1.577935 0.055306
0.000042 0.099654 1.577935 0.055306
0.000041 0.099654 1.577935 0.055306
0.000041 0.099654 1.577935 0.055306
0.000041 0.099654 1.577935 0.055306
0.000041 0.099654 1.577935 0.055306
0.000041 0.099654 1.577935 0.055306
0.000041 0.099654 1.577935 0.055306
0.000040 0.099654 1.577935 0.055306
0.000040 0.099654 1.577935 0.055306
0.000040 0.099654 1.577935 0.055306
0.000040 0.099654 1.577935 0.055306
0.000040 0.099654 1.577935 0.055306
0.000040 0.099654 1.577935 0.055306
0.000039 0.099654 1.577935 0.055306
0.000039 0.099654 1.577935 0.055306
0.000039 0.099654 1.577935 0.055306
0.000039 0.099654 1.577935 0.055306
0.000039 0.099654 1.577935 0.055306
0.000039 0.099654 1.577935 0.055306
0.000038 0.099654 1.577935 0.055306
0.000038 0.099654 1.577935 0.055306
0.000038 0.099654 1.577935 0.055306
0.000038 0.099654 1.577935 0.055306
0.000038 0.099654 1.577935 0.055306
0.000038 0.099654 1.577935 0.055306
0.000037 0.099654 1.577935 0.055306
0.000037 0.099654 1.577935 0.055306
0.000037 0.099654 1.577935 0.055306
0.000037 0.099654 1.577935 0.055306
0.000037 0.099654 1.577935 0.055306
0.000037 0.099654 1.577935 0.055306
0.000037 0.099654 1.577935 0.055306
0.000036 0.099654 1.577935 0.055306
0.000036 0.099654 1.577935 0.055306
0.000036 0.099654 1.577935 0.055306
0.000036 0.099654 1.577935 0.055306
0.000036 0.099654 1.577935 0.055306
0.000036 0.099654 1.577935 0.055306
0.000035 0.099654 1.577935 0.055306
0.000035 0.099654 1.577935 0.055306
0.000035 0.099654 1.577935 0.055306
0.000035 0.099654 1.577936 0.055306
0.000035 0.099654 1.577936 0.055306
0.000035 0.099654 1.577936 0.055306
0.000035 0.099654 1.577936 0.055306
0.000034 0.099654 1.577936 0.055306
0.000034 0.099654 1.577936 0.055306
0.000034 0.099654 1.577936 0.055306
0.000034 0.099654 1.577936 0.055306
0.000034 0.099654 1.577936 0.055306
0.000034 0.099654 1.577936 0.055306
0.000034 0.099654 1.577936 0.055306
0.000033 0.099654 1.577936 0.055306
0.000033 0.099654 1.577936 0.055306
0.000033 0.099654 1.577936 0.055306
0.000033 0.099654 1.577936 0.055306
0.000033 0.099654 1.577936 0.055306
0.000033 0.099654 1.577936 0.055306
0.000033 0.099654 1.577936 0.055306
0.000032 0.099654 1.577936 0.055306
0.000032 0.099654 1.577936 0.055306
0.000032 0.099654 1.577936 0.055306
0.000032 0.099654 1.577936 0.055306
0.000032 0.099654 1.577936 0.055306
0.000032 0.099654 1.577936 0.055306
0.000032 0.099654 1.577936 0.055306
0.000031 0.099654 1.577936 0.055306
0.000031 0.099654 1.577936 0.055306
0.000031 0.099654 1.577936 0.055306
0.000031 0.099654 1.577936 0.055306
0.000031 0.099654 1.577936 0.055306
0.000031 0.099654 1.577936 0.055306
0.000031 0.099654 1.577936 0.055306
0.000031 0.099654 1.577936 0.055306
0.000030 0.099654 1.577936 0.055306
0.000030 0.099654 1.577936 0.055306
0.000030 0.099654 1.577936 0.055306
0.000030 0.099653 1.577936 0.055306
0.000030 0.099653 1.577936 0.055306
0.000030 0.099653 1.577936 0.055306
0.000030 0.099653 1.577936 0.055306
0.000029 0.099653 1.577936 0.055306
0.000029 0.099653 1.577936 0.055306
0.000029 0.099653 1.577936 0.055306
0.000029 0.099653 1.577936 0.055306
0.000029 0.099653 1.577936 0.055306
0.000029 0.099653 1.577936 0.055306
0.000029 0.099653 1.577936 0.055306
0.000029 0.099653 1.577936 0.055306
0.000029 0.099653 1.577936 0.055306
0.000028 0.099653 1.577936 0.055306
0.000028 0.099653 1.577936 0.055306
0.000028 0.099653 1.577936 0.055306
0.000028 0.099653 1.577936 0.055306
0.000028 0.099653 1.577936 0.055306
0.000028 0.099653 1.577936 0.055306
0.000028 0.099653 1.577936 0.055306
0.000028 0.099653 1.577936 0.055306
0.000027 0.099653 1.577936 0.055306
0.000027 0.099653 1.577936 0.055306
0.000027 0.099653 1.577936 0.055306
0.000027 0.099653 1.577936 0.055306
0.000027 0.099653 1.577936 0.055306
0.000027 0.099653 1.577936 0.055306
0.000027 0.099653 1.577936 0.055306
0.000027 0.099653 1.577936 0.055306
0.000027 0.099653 1.577936 0.055306
0.000026 0.099653 1.577936 0.055306
0.000026 0.099653 1.577936 0.055306
0.000026 0.099653 1.577936 0.055306
0.000026 0.099653 1.577936 0.055306
0.000026 0.099653 1.577936 0.055306
0.000026 0.099653 1.577936 0.055306
0.000026 0.099653 1.577936 0.055306
0.000026 0.099653 1.577936 0.055306
0.000026 0.099653 1.577936 0.055306
0.000025 0.099653 1.577936 0.055306
0.000025 0.099653 1.577936 0.055306
0.000025 0.099653 1.577936 0.055306
0.000025 0.099653 1.577936 0.055306
0.000025 0.099653 1.577936 0.055306
0.000025 0.099653 1.577936 0.055306
0.000025 0.099653 1.577936 0.055306
0.000025 0.099653 1.577936 0.055306
0.000025 0.099653 1.577936 0.055306
0.000024 0.099653 1.577936 0.055306
0.000024 0.099653 1.577936 0.055306
0.000024 0.099653 1.577936 0.055306
0.000024 0.099653 1.577936 0.055306
0.000024 0.099653 1.577936 0.055306
0.000024 0.099653 1.577936 0.055306
0.000024 0.099653 1.577936 0.055306
0.000024 0.099653 1.577936 0.055306
0.000024 0.099653 1.577936 0.055306
0.000024 0.099653 1.577936 0.055306
0.000023 0.099653 1.577936 0.055306
0.000023 0.099653 1.577936 0.055306
0.000023 0.099653 1.577936 0.055306
0.000023 0.099653 1.577936 0.055306
0.000023 0.099653 1.577936 0.055306
0.000023 0.099653 1.577936 0.055306
0.000023 0.099653 1.577936 0.055306
0.000023 0.099653 1.577936 0.055306
0.000023 0.099653 1.577936 0.055306
0.000023 0.099653 1.577936 0.055306
0.000022 0.099653 1.577936 0.055306
0.000022 0.099653 1.577936 0.055306
0.000022 0.099653 1.577936 0.055306
0.000022 0.099653 1.577936 0.055306
0.000022 0.099653 1.577936 0.055306
0.000022 0.099653 1.577936 0.055306
0.000022 0.099653 1.577936 0.055306
0.000022 0.099653 1.577936 0.055306
0.000022 0.099653 1.577936 0.055306
0.000022 0.099653 1.577936 0.055306
0.000021 0.099653 1.577936 0.055306
0.000021 0.099653 1.577936 0.055306
0.000021 0.099653 1.577936 0.055306
0.000021 0.099653 1.577936 0.055306
0.000021 0.099653 1.577936 0.055306
0.000021 0.099653 1.577936 0.055306
0.000021 0.099653 1.577936 0.055306
0.000021 0.099653 1.577936 0.055306
0.000021 0.099653 1.577936 0.055306
0.000021 0.099653 1.577936 0.055306
0.000021 0.099653 1.577936 0.055306
0.000021 0.099653 1.577936 0.055306
0.000020 0.099653 1.577936 0.055306
0.000020 0.099653 1.577936 0.055306
0.000020 0.099653 1.577936 0.055306
0.000020 0.099653 1.577936 0.055306
0.000020 0.099653 1.577936 0.055306
0.000020 0.099653 1.577936 0.055306
0.000020 0.099653 1.577936 0.055306
0.000020 0.099653 1.577936 0.055306
0.000020 0.099653 1.577936 0.055306
0.000020 0.099653 1.577936 0.055306
0.000020 0.099653 1.577936 0.055306
0.000019 0.099653 1.577936 0.055306
0.000019 0.099653 1.577936 0.055306
0.000019 0.099653 1.577936 0.055306
0.000019 0.099653 1.577936 0.055306
0.000019 0.099653 1.577936 0.055306
0.000019 0.099653 1.577936 0.055306
0.000019 0.099653 1.577936 0.055306
0.000019 0.099653 1.577936 0.055306
0.000019 0.099653 1.577936 0.055306
0.000019 0.099653 1.577936 0.055306
0.000019 0.099653 1.577936 0.055306
0.000019 0.099653 1.577936 0.055306
0.000019 0.099653 1.577936 0.055306
0.000018 0.099653 1.577936 0.055306
0.000018 0.099653 1.577936 0.055306
0.000018 0.099653 1.577936 0.055306
0.000018 0.099653 1.577936 0.055306
0.000018 0.099653 1.577936 0.055306
0.000018 0.099653 1.577936 0.055306
0.000018 0.099653 1.577936 0.055306
0.000018 0.099653 1.577936 0.055306
0.000018 0.099653 1.577936 0.055306
0.000018 0.099653 1.577936 0.055306
0.000018 0.099653 1.577936 0.055306
0.000018 0.099653 1.577936 0.055306
0.000018 0.099653 1.577936 0.055306
0.000017 0.099653 1.577936 0.055306
0.000017 0.099653 1.577936 0.055306
0.000017 0.099653 1.577936 0.055306
0.000017 0.099653 1.577936 0.055306
0.000017 0.099653 1.577936 0.055306
0.000017 0.099653 1.577936 0.055306
0.000017 0.099653 1.577936 0.055306
0.000017 0.099653 1.577937 0.055306
0.000017 0.099653 1.577937 0.055306
0.000017 0.099653 1.577937 0.055306
0.000017 0.099653 1.577937 0.055306
0.000017 0.099653 1.577937 0.055306
0.000017 0.099653 1.577937 0.055306
0.000016 0.099653 1.577937 0.055306
0.000016 0.099653 1.577937 0.055306
0.000016 0.099653 1.577937 0.055306
0.000016 0.099653 1.577937 0.055306
0.000016 0.099653 1.577937 0.055306
0.000016 0.099653 1.577937 0.055306
0.000016 0.099653 1.577937 0.055306
0.000016 0.099653 1.577937 0.055306
0.000016 0.099653 1.577937 0.055306
0.000016 0.099653 1.577937 0.055306
0.000016 0.099653 1.577937 0.055306
0.000016 0.099653 1.577937 0.055306
0.000016 0.099653 1.577937 0.055306
0.000016 0.099653 1.577937 0.055306
0.000016 0.099653 1.577937 0.055306
0.000015 0.099653 1.577937 0.055306
0.000015 0.099653 1.577937 0.055306
0.000015 0.099653 1.577937 0.055306
0.000015 0.099653 1.577937 0.055306
0.000015 0.099653 1.577937 0.055306
0.000015 0.099653 1.577937 0.055306
0.000015 0.099653 1.577937 0.055306
0.000015 0.099653 1.577937 0.055306
0.000015 0.099653 1.577937 0.055306
0.000015 0.099653 1.577937 0.055306
0.000015 0.099653 1.577937 0.055306
0.000015 0.099653 1.577937 0.055306
0.000015 0.099653 1.577937 0.055306
0.000015 0.099653 1.577937 0.055306
0.000015 0.099653 1.577937 0.055306
0.000015 0.099653 1.577937 0.055306
0.000014 0.099653 1.577937 0.055306
0.000014 0.099653 1.577937 0.055306
0.000014 0.099653 1.577937 0.055306
0.000014 0.099653 1.577937 0.055306
0.000014 0.099653 1.577937 0.055306
0.000014 0.099653 1.577937 0.055306
0.000014 0.099653 1.577937 0.055306
0.000014 0.099653 1.577937 0.055306
0.000014 0.099653 1.577937 0.055306
0.000014 0.099653 1.577937 0.055306
0.000014 0.099653 1.577937 0.055306
0.000014 0.099653 1.577937 0.055306
0.000014 0.099653 1.577937 0.055306
0.000014 0.099653 1.577937 0.055306
0.000014 0.099653 1.577937 0.055306
0.000014 0.099653 1.577937 0.055306
0.000013 0.099653 1.577937 0.055306
0.000013 0.099653 1.577937 0.055306
0.000013 0.099653 1.577937 0.055306
0.000013 0.099653 1.577937 0.055306
0.000013 0.099653 1.577937 0.055306
0.000013 0.099653 1.577937 0.055306
0.000013 0.099653 1.577937 0.055306
0.000013 0.099653 1.577937 0.055306
0.000013 0.099653 1.577937 0.055306
0.000013 0.099653 1.577937 0.055306
0.000013 0.099653 1.577937 0.055306
0.000013 0.099653 1.577937 0.055306
0.000013 0.099653 1.577937 0.055306
0.000013 0.099653 1.577937 0.055306
0.000013 0.099653 1.577937 0.055306
0.000013 0.099653 1.577937 0.055306
0.000013 0.099653 1.577937 0.055306
0.000013 0.099653 1.577937 0.055306
0.000012 0.099653 1.577937 0.055306
0.000012 0.099653 1.577937 0.055306
0.000012 0.099653 1.577937 0.055306
0.000012 0.099653 1.577937 0.055306
0.000012 0.099653 1.577937 0.055306
0.000012 0.099653 1.577937 0.055306
0.000012 0.099653 1.577937 0.055306
0.000012 0.099653 1.577937 0.055306
0.000012 0.099653 1.577937 0.055306
0.000012 0.099653 1.577937 0.055306
0.000012 0.099653 1.577937 0.055306
0.000012 0.099653 1.577937 0.055306
0.000012 0.099653 1.577937 0.055306
0.000012 0.099653 1.577937 0.055306
0.000012 0.099653 1.577937 0.055306
0.000012 0.099653 1.577937 0.055306
0.000012 0.099653 1.577937 0.055306
0.000012 0.099653 1.577937 0.055306
0.000012 0.099653 1.577937 0.055305
0.000012 0.099653 1.577937 0.055305
0.000011 0.099653 1.577937 0.055305
0.000011 0.099653 1.577937 0.055305
0.000011 0.099653 1.577937 0.055305
0.000011 0.099653 1.577937 0.055305
0.000011 0.099653 1.577937 0.055305
0.000011 0.099653 1.577937 0.055305
0.000011 0.099653 1.577937 0.055305
0.000011 0.099653 1.577937 0.055305
0.000011 0.099653 1.577937 0.055305
0.000011 0.099653 1.577937 0.055305
0.000011 0.099653 1.577937 0.055305
0.000011 0.099653 1.577937 0.055305
0.000011 0.099653 1.577937 0.055305
0.000011 0.099653 1.577937 0.055305
0.000011 0.099653 1.577937 0.055305
0.000011 0.099653 1.577937 0.055305
0.000011 0.099653 1.577937 0.055305
0.000011 0.099653 1.577937 0.055305
0.000011 0.099653 1.577937 0.055305
0.000011 0.099653 1.577937 0.055305
0.000011 0.099653 1.577937 0.055305
0.000010 0.099653 1.577937 0.055305
0.000010 0.099653 1.577937 0.055305
0.000010 0.099653 1.577937 0.055305
0.000010 0.099653 1.577937 0.055305
0.000010 0.099653 1.577937 0.055305
0.000010 0.099653 1.577937 0.055305
0.000010 0.099653 1.577937 0.055305
0.000010 0.099653 1.577937 0.055305
0.000010 0.099653 1.577937 0.055305
0.000010 0.099653 1.577937 0.055305
0.000010 0.099653 1.577937 0.055305
0.000010 0.099653 1.577937 0.055305
0.000010 0.099653 1.577937 0.055305
