2.332759 0.097718 1.549036 0.054749
1.665175 0.097718 1.549036 0.054749
1.338342 0.097942 1.549494 0.054899
1.150017 0.097702 1.549028 0.054738
1.020237 0.097378 1.548016 0.054522
0.925333 0.097093 1.546570 0.054332
0.848908 0.096721 1.544917 0.054098
0.782779 0.096326 1.543360 0.053852
0.724556 0.096031 1.542300 0.053674
0.671321 0.095926 1.542066 0.053627
0.620649 0.096066 1.542930 0.053749
0.572939 0.096476 1.545125 0.054055
0.529406 0.097144 1.548810 0.054533
0.490744 0.098024 1.554006 0.055147
0.457172 0.099041 1.560574 0.055845
0.427937 0.100107 1.568211 0.056562
0.401467 0.101142 1.576483 0.057240
0.376546 0.102080 1.584871 0.057833
0.352855 0.102877 1.592839 0.058312
0.330708 0.103510 1.599904 0.058666
0.310455 0.103978 1.605689 0.058900
0.292210 0.104290 1.609956 0.059029
0.275822 0.104467 1.612611 0.059072
0.260903 0.104533 1.613686 0.059052
0.246965 0.104513 1.613316 0.058990
0.233602 0.104431 1.611702 0.058902
0.220598 0.104310 1.609082 0.058803
0.207894 0.104166 1.605708 0.058703
0.195483 0.104012 1.601820 0.058608
0.183298 0.103858 1.597636 0.058522
0.171184 0.103710 1.593342 0.058445
0.158969 0.103571 1.589091 0.058377
0.146585 0.103441 1.585000 0.058316
0.134160 0.103320 1.581151 0.058261
0.122032 0.103206 1.577599 0.058207
0.110662 0.103096 1.574373 0.058154
0.100489 0.102988 1.571481 0.058100
0.091796 0.102880 1.568916 0.058042
0.084628 0.102769 1.566659 0.057981
0.078812 0.102654 1.564686 0.057915
0.074046 0.102534 1.562964 0.057845
0.070020 0.102409 1.561464 0.057771
0.066506 0.102279 1.560155 0.057693
0.063376 0.102146 1.559007 0.057613
0.060585 0.102010 1.557997 0.057531
0.058125 0.101874 1.557101 0.057448
0.055984 0.101739 1.556304 0.057366
0.054154 0.101606 1.555590 0.057285
0.052600 0.101478 1.554951 0.057206
0.051263 0.101356 1.554379 0.057130
0.050084 0.101241 1.553869 0.057056
0.049024 0.101133 1.553420 0.056986
0.048016 0.101034 1.553031 0.056920
0.047015 0.100943 1.552701 0.056857
0.045983 0.100862 1.552430 0.056799
0.044887 0.100791 1.552219 0.056745
0.043710 0.100728 1.552067 0.056695
0.042448 0.100674 1.551974 0.056650
0.041115 0.100628 1.551938 0.056609
0.039732 0.100591 1.551957 0.056572
0.038328 0.100561 1.552028 0.056540
0.036931 0.100537 1.552148 0.056511
0.035569 0.100521 1.552312 0.056486
0.034258 0.100510 1.552516 0.056465
0.033009 0.100505 1.552756 0.056449
0.031823 0.100506 1.553027 0.056435
0.030697 0.100512 1.553322 0.056426
0.029625 0.100524 1.553639 0.056420
0.028604 0.100540 1.553972 0.056418
0.027634 0.100560 1.554316 0.056419
0.026717 0.100586 1.554668 0.056423
0.025858 0.100615 1.555023 0.056430
0.025061 0.100647 1.555379 0.056440
0.024330 0.100683 1.555732 0.056452
0.023664 0.100722 1.556080 0.056467
0.023062 0.100764 1.556421 0.056484
0.022516 0.100808 1.556752 0.056502
0.022021 0.100853 1.557071 0.056522
0.021567 0.100900 1.557379 0.056543
0.021150 0.100947 1.557673 0.056565
0.020764 0.100995 1.557953 0.056587
0.020407 0.101043 1.558218 0.056610
0.020078 0.101090 1.558468 0.056632
0.019775 0.101137 1.558703 0.056654
0.019497 0.101183 1.558923 0.056676
0.019241 0.101227 1.559127 0.056698
0.019001 0.101270 1.559317 0.056719
0.018772 0.101311 1.559491 0.056738
0.018544 0.101351 1.559651 0.056757
0.018307 0.101388 1.559796 0.056775
0.018052 0.101423 1.559927 0.056792
0.017770 0.101455 1.560045 0.056807
0.017454 0.101485 1.560150 0.056821
0.017099 0.101512 1.560242 0.056833
0.016702 0.101537 1.560322 0.056844
0.016264 0.101559 1.560391 0.056854
0.015787 0.101578 1.560449 0.056862
0.015275 0.101595 1.560497 0.056868
0.014735 0.101609 1.560536 0.056874
0.014174 0.101621 1.560565 0.056878
0.013600 0.101630 1.560586 0.056880
0.013022 0.101638 1.560600 0.056882
0.012450 0.101643 1.560607 0.056882
0.011892 0.101646 1.560607 0.056881
0.011356 0.101646 1.560601 0.056879
0.010851 0.101645 1.560590 0.056876
0.010381 0.101642 1.560575 0.056872
0.009953 0.101638 1.560555 0.056867
0.009570 0.101631 1.560532 0.056861
0.009233 0.101624 1.560506 0.056854
0.008943 0.101615 1.560477 0.056847
0.008696 0.101606 1.560447 0.056840
0.008491 0.101596 1.560415 0.056832
0.008322 0.101584 1.560381 0.056823
0.008185 0.101573 1.560347 0.056815
0.008073 0.101561 1.560313 0.056806
0.007981 0.101548 1.560278 0.056797
0.007904 0.101536 1.560243 0.056788
0.007837 0.101523 1.560209 0.056779
0.007777 0.101511 1.560175 0.056771
0.007720 0.101498 1.560143 0.056762
0.007663 0.101486 1.560111 0.056754
0.007605 0.101474 1.560081 0.056746
0.007546 0.101463 1.560052 0.056738
0.007484 0.101452 1.560024 0.056731
0.007420 0.101441 1.559998 0.056724
0.007354 0.101431 1.559973 0.056717
0.007287 0.101422 1.559950 0.056711
0.007219 0.101413 1.559929 0.056705
0.007152 0.101405 1.559910 0.056700
0.007086 0.101398 1.559892 0.056695
0.007022 0.101391 1.559876 0.056691
0.006961 0.101385 1.559862 0.056687
0.006903 0.101380 1.559849 0.056684
0.006847 0.101376 1.559838 0.056681
0.006795 0.101372 1.559829 0.056678
0.006746 0.101368 1.559821 0.056676
0.006700 0.101366 1.559815 0.056675
0.006655 0.101364 1.559810 0.056674
0.006612 0.101363 1.559806 0.056673
0.006569 0.101362 1.559804 0.056673
0.006526 0.101362 1.559803 0.056673
0.006482 0.101362 1.559803 0.056673
0.006437 0.101363 1.559804 0.056674
0.006389 0.101365 1.559806 0.056675
0.006340 0.101366 1.559809 0.056676
0.006287 0.101369 1.559813 0.056678
0.006230 0.101371 1.559817 0.056680
0.006170 0.101374 1.559822 0.056682
0.006107 0.101377 1.559828 0.056684
0.006040 0.101380 1.559834 0.056686
0.005969 0.101384 1.559841 0.056688
0.005895 0.101388 1.559848 0.056691
0.005818 0.101392 1.559855 0.056694
0.005738 0.101396 1.559863 0.056696
0.005656 0.101400 1.559871 0.056699
0.005572 0.101404 1.559879 0.056702
0.005486 0.101408 1.559887 0.056705
0.005399 0.101412 1.559895 0.056707
0.005312 0.101416 1.559903 0.056710
0.005224 0.101420 1.559911 0.056713
0.005137 0.101424 1.559919 0.056716
0.005051 0.101428 1.559926 0.056718
0.004966 0.101432 1.559934 0.056721
0.004883 0.101435 1.559941 0.056723
0.004801 0.101439 1.559948 0.056725
0.004722 0.101442 1.559955 0.056728
0.004645 0.101445 1.559962 0.056730
0.004571 0.101448 1.559968 0.056732
0.004500 0.101451 1.559975 0.056734
0.004432 0.101454 1.559980 0.056736
0.004367 0.101456 1.559986 0.056737
0.004306 0.101458 1.559991 0.056739
0.004247 0.101460 1.559996 0.056740
0.004191 0.101462 1.560001 0.056742
0.004139 0.101464 1.560005 0.056743
0.004089 0.101465 1.560009 0.056744
0.004042 0.101466 1.560013 0.056745
0.003998 0.101467 1.560017 0.056746
0.003956 0.101468 1.560020 0.056747
0.003916 0.101469 1.560023 0.056747
0.003877 0.101470 1.560025 0.056748
0.003841 0.101470 1.560028 0.056748
0.003806 0.101470 1.560030 0.056748
0.003772 0.101470 1.560032 0.056749
0.003739 0.101470 1.560033 0.056749
0.003707 0.101470 1.560035 0.056749
0.003676 0.101470 1.560036 0.056749
0.003645 0.101469 1.560037 0.056749
0.003615 0.101469 1.560038 0.056748
0.003584 0.101468 1.560039 0.056748
0.003554 0.101468 1.560040 0.056748
0.003524 0.101467 1.560040 0.056747
0.003494 0.101466 1.560040 0.056747
0.003463 0.101465 1.560041 0.056746
0.003433 0.101464 1.560041 0.056746
0.003402 0.101463 1.560041 0.056745
0.003371 0.101462 1.560041 0.056745
0.003340 0.101461 1.560041 0.056744
0.003308 0.101460 1.560041 0.056744
0.003276 0.101458 1.560041 0.056743
0.003244 0.101457 1.560040 0.056742
0.003212 0.101456 1.560040 0.056742
0.003180 0.101455 1.560040 0.056741
0.003147 0.101453 1.560040 0.056740
0.003115 0.101452 1.560039 0.056739
0.003082 0.101451 1.560039 0.056739
0.003049 0.101450 1.560039 0.056738
0.003017 0.101448 1.560038 0.056737
0.002984 0.101447 1.560038 0.056736
0.002952 0.101446 1.560038 0.056736
0.002919 0.101445 1.560038 0.056735
0.002887 0.101444 1.560038 0.056734
0.002855 0.101442 1.560037 0.056734
0.002823 0.101441 1.560037 0.056733
0.002792 0.101440 1.560037 0.056732
0.002761 0.101439 1.560037 0.056732
0.002730 0.101438 1.560037 0.056731
0.002699 0.101437 1.560037 0.056730
0.002669 0.101436 1.560037 0.056730
0.002639 0.101435 1.560037 0.056729
0.002610 0.101434 1.560037 0.056729
0.002581 0.101433 1.560038 0.056728
0.002552 0.101432 1.560038 0.056727
0.002524 0.101431 1.560038 0.056727
0.002496 0.101430 1.560038 0.056726
0.002468 0.101430 1.560039 0.056726
0.002441 0.101429 1.560039 0.056725
0.002415 0.101428 1.560039 0.056725
0.002389 0.101427 1.560040 0.056724
0.002363 0.101426 1.560040 0.056724
0.002337 0.101426 1.560041 0.056723
0.002312 0.101425 1.560041 0.056723
0.002287 0.101424 1.560042 0.056722
0.002263 0.101424 1.560042 0.056722
0.002240 0.101423 1.560043 0.056722
0.002217 0.101422 1.560043 0.056721
0.002195 0.101422 1.560044 0.056721
0.002172 0.101421 1.560044 0.056720
0.002151 0.101420 1.560044 0.056720
0.002129 0.101419 1.560043 0.056719
0.002108 0.101418 1.560043 0.056719
0.002087 0.101418 1.560041 0.056718
0.002066 0.101417 1.560040 0.056717
0.002046 0.101416 1.560039 0.056717
0.002026 0.101415 1.560037 0.056716
0.002006 0.101414 1.560035 0.056715
0.001986 0.101413 1.560034 0.056715
0.001967 0.101412 1.560033 0.056714
0.001948 0.101411 1.560032 0.056714
0.001929 0.101410 1.560031 0.056713
0.001911 0.101409 1.560030 0.056713
0.001892 0.101409 1.560029 0.056712
0.001874 0.101408 1.560029 0.056712
0.001857 0.101408 1.560029 0.056712
0.001839 0.101407 1.560029 0.056711
0.001822 0.101407 1.560029 0.056711
0.001804 0.101406 1.560030 0.056711
0.001787 0.101406 1.560030 0.056710
0.001771 0.101405 1.560031 0.056710
0.001754 0.101405 1.560031 0.056710
0.001737 0.101404 1.560032 0.056709
0.001721 0.101404 1.560032 0.056709
0.001705 0.101403 1.560033 0.056709
0.001689 0.101403 1.560034 0.056708
0.001674 0.101402 1.560035 0.056708
0.001658 0.101402 1.560036 0.056708
0.001643 0.101401 1.560036 0.056707
0.001627 0.101401 1.560037 0.056707
0.001612 0.101400 1.560038 0.056707
0.001597 0.101400 1.560039 0.056706
0.001582 0.101399 1.560040 0.056706
0.001568 0.101398 1.560040 0.056705
0.001553 0.101398 1.560041 0.056705
0.001539 0.101397 1.560042 0.056705
0.001525 0.101397 1.560043 0.056704
0.001511 0.101396 1.560043 0.056704
0.001497 0.101395 1.560044 0.056703
0.001483 0.101395 1.560045 0.056703
0.001469 0.101394 1.560045 0.056703
0.001456 0.101394 1.560046 0.056702
0.001442 0.101393 1.560047 0.056702
0.001429 0.101393 1.560047 0.056702
0.001416 0.101392 1.560048 0.056701
0.001403 0.101391 1.560048 0.056701
0.001390 0.101391 1.560049 0.056700
0.001378 0.101390 1.560049 0.056700
0.001365 0.101390 1.560050 0.056700
0.001353 0.101389 1.560050 0.056699
0.001341 0.101389 1.560050 0.056699
0.001328 0.101388 1.560051 0.056699
0.001316 0.101388 1.560051 0.056698
0.001305 0.101387 1.560052 0.056698
0.001293 0.101387 1.560052 0.056698
0.001281 0.101386 1.560052 0.056697
0.001270 0.101386 1.560053 0.056697
0.001258 0.101385 1.560053 0.056697
0.001247 0.101385 1.560053 0.056697
0.001236 0.101385 1.560054 0.056696
0.001225 0.101384 1.560054 0.056696
0.001214 0.101384 1.560054 0.056696
0.001203 0.101383 1.560054 0.056695
0.001193 0.101383 1.560055 0.056695
0.001182 0.101382 1.560055 0.056695
0.001172 0.101382 1.560055 0.056695
0.001162 0.101382 1.560056 0.056694
0.001152 0.101381 1.560056 0.056694
0.001142 0.101381 1.560056 0.056694
0.001132 0.101381 1.560057 0.056694
0.001122 0.101380 1.560057 0.056694
0.001112 0.101380 1.560057 0.056693
0.001103 0.101379 1.560058 0.056693
0.001093 0.101379 1.560058 0.056693
0.001084 0.101379 1.560058 0.056693
0.001075 0.101378 1.560059 0.056692
0.001065 0.101378 1.560059 0.056692
0.001056 0.101378 1.560059 0.056692
0.001047 0.101377 1.560060 0.056692
0.001038 0.101377 1.560060 0.056692
0.001030 0.101377 1.560060 0.056691
0.001021 0.101377 1.560061 0.056691
0.001012 0.101376 1.560061 0.056691
0.001004 0.101376 1.560061 0.056691
0.000996 0.101376 1.560062 0.056691
0.000987 0.101375 1.560062 0.056690
0.000979 0.101375 1.560062 0.056690
0.000971 0.101375 1.560063 0.056690
0.000963 0.101374 1.560063 0.056690
0.000955 0.101374 1.560063 0.056690
0.000947 0.101374 1.560064 0.056689
0.000939 0.101374 1.560064 0.056689
0.000931 0.101373 1.560064 0.056689
0.000923 0.101373 1.560065 0.056689
0.000916 0.101373 1.560065 0.056689
0.000908 0.101373 1.560065 0.056689
0.000901 0.101372 1.560066 0.056688
0.000893 0.101372 1.560066 0.056688
0.000886 0.101372 1.560066 0.056688
0.000879 0.101371 1.560067 0.056688
0.000871 0.101371 1.560067 0.056688
0.000864 0.101371 1.560067 0.056688
0.000857 0.101371 1.560068 0.056687
0.000850 0.101370 1.560068 0.056687
0.000843 0.101370 1.560068 0.056687
0.000836 0.101370 1.560069 0.056687
0.000829 0.101370 1.560069 0.056687
0.000823 0.101369 1.560069 0.056687
0.000816 0.101369 1.560069 0.056686
0.000809 0.101369 1.560070 0.056686
0.000803 0.101369 1.560070 0.056686
0.000796 0.101368 1.560070 0.056686
0.000790 0.101368 1.560071 0.056686
0.000783 0.101368 1.560071 0.056686
0.000777 0.101368 1.560071 0.056685
0.000770 0.101367 1.560071 0.056685
0.000764 0.101367 1.560072 0.056685
0.000758 0.101367 1.560072 0.056685
0.000752 0.101367 1.560072 0.056685
0.000746 0.101367 1.560072 0.056685
0.000740 0.101366 1.560073 0.056685
0.000733 0.101366 1.560073 0.056684
0.000728 0.101366 1.560073 0.056684
0.000722 0.101366 1.560073 0.056684
0.000716 0.101365 1.560074 0.056684
0.000710 0.101365 1.560074 0.056684
0.000704 0.101365 1.560074 0.056684
0.000698 0.101365 1.560074 0.056684
0.000693 0.101365 1.560075 0.056683
0.000687 0.101364 1.560075 0.056683
0.000682 0.101364 1.560075 0.056683
0.000676 0.101364 1.560075 0.056683
0.000671 0.101364 1.560076 0.056683
0.000665 0.101364 1.560076 0.056683
0.000660 0.101363 1.560076 0.056683
0.000654 0.101363 1.560076 0.056682
0.000649 0.101363 1.560076 0.056682
0.000644 0.101363 1.560077 0.056682
0.000639 0.101363 1.560077 0.056682
0.000633 0.101362 1.560077 0.056682
0.000628 0.101362 1.560077 0.056682
0.000623 0.101362 1.560077 0.056682
0.000618 0.101362 1.560078 0.056682
0.000613 0.101362 1.560078 0.056681
0.000608 0.101361 1.560078 0.056681
0.000603 0.101361 1.560078 0.056681
0.000598 0.101361 1.560078 0.056681
0.000594 0.101361 1.560079 0.056681
0.000589 0.101361 1.560079 0.056681
0.000584 0.101361 1.560079 0.056681
0.000579 0.101360 1.560079 0.056681
0.000575 0.101360 1.560079 0.056681
0.000570 0.101360 1.560080 0.056680
0.000565 0.101360 1.560080 0.056680
0.000561 0.101360 1.560080 0.056680
0.000556 0.101360 1.560080 0.056680
0.000552 0.101359 1.560080 0.056680
0.000547 0.101359 1.560081 0.056680
0.000543 0.101359 1.560081 0.056680
0.000539 0.101359 1.560081 0.056680
0.000534 0.101359 1.560081 0.056680
0.000530 0.101359 1.560081 0.056680
0.000526 0.101359 1.560082 0.056679
0.000522 0.101358 1.560082 0.056679
0.000517 0.101358 1.560082 0.056679
0.000513 0.101358 1.560082 0.056679
0.000509 0.101358 1.560082 0.056679
0.000505 0.101358 1.560082 0.056679
0.000501 0.101358 1.560083 0.056679
0.000497 0.101358 1.560083 0.056679
0.000493 0.101357 1.560083 0.056679
0.000489 0.101357 1.560083 0.056679
0.000485 0.101357 1.560083 0.056678
0.000481 0.101357 1.560083 0.056678
0.000478 0.101357 1.560084 0.056678
0.000474 0.101357 1.560084 0.056678
0.000470 0.101357 1.560084 0.056678
0.000466 0.101356 1.560084 0.056678
0.000462 0.101356 1.560084 0.056678
0.000459 0.101356 1.560084 0.056678
0.000455 0.101356 1.560085 0.056678
0.000452 0.101356 1.560085 0.056678
0.000448 0.101356 1.560085 0.056678
0.000444 0.101356 1.560085 0.056678
0.000441 0.101356 1.560085 0.056677
0.000437 0.101355 1.560085 0.056677
0.000434 0.101355 1.560085 0.056677
0.000430 0.101355 1.560086 0.056677
0.000427 0.101355 1.560086 0.056677
0.000424 0.101355 1.560086 0.056677
0.000420 0.101355 1.560086 0.056677
0.000417 0.101355 1.560086 0.056677
0.000414 0.101355 1.560086 0.056677
0.000410 0.101355 1.560086 0.056677
0.000407 0.101354 1.560087 0.056677
0.000404 0.101354 1.560087 0.056677
0.000401 0.101354 1.560087 0.056677
0.000398 0.101354 1.560087 0.056676
0.000394 0.101354 1.560087 0.056676
0.000391 0.101354 1.560087 0.056676
0.000388 0.101354 1.560087 0.056676
0.000385 0.101354 1.560088 0.056676
0.000382 0.101354 1.560088 0.056676
0.000379 0.101353 1.560088 0.056676
0.000376 0.101353 1.560088 0.056676
0.000373 0.101353 1.560088 0.056676
0.000370 0.101353 1.560088 0.056676
0.000367 0.101353 1.560088 0.056676
0.000364 0.101353 1.560088 0.056676
0.000361 0.101353 1.560089 0.056676
0.000359 0.101353 1.560089 0.056676
0.000356 0.101353 1.560089 0.056676
0.000353 0.101353 1.560089 0.056675
0.000350 0.101352 1.560089 0.056675
0.000347 0.101352 1.560089 0.056675
0.000345 0.101352 1.560089 0.056675
0.000342 0.101352 1.560089 0.056675
0.000339 0.101352 1.560090 0.056675
0.000337 0.101352 1.560090 0.056675
0.000334 0.101352 1.560090 0.056675
0.000331 0.101352 1.560090 0.056675
0.000329 0.101352 1.560090 0.056675
0.000326 0.101352 1.560090 0.056675
0.000324 0.101352 1.560090 0.056675
0.000321 0.101352 1.560090 0.056675
0.000318 0.101351 1.560090 0.056675
0.000316 0.101351 1.560091 0.056675
0.000313 0.101351 1.560091 0.056675
0.000311 0.101351 1.560091 0.056675
0.000309 0.101351 1.560091 0.056674
0.000306 0.101351 1.560091 0.056674
0.000304 0.101351 1.560091 0.056674
0.000301 0.101351 1.560091 0.056674
0.000299 0.101351 1.560091 0.056674
0.000297 0.101351 1.560091 0.056674
0.000294 0.101351 1.560092 0.056674
0.000292 0.101351 1.560092 0.056674
0.000290 0.101350 1.560092 0.056674
0.000287 0.101350 1.560092 0.056674
0.000285 0.101350 1.560092 0.056674
0.000283 0.101350 1.560092 0.056674
0.000281 0.101350 1.560092 0.056674
0.000278 0.101350 1.560092 0.056674
0.000276 0.101350 1.560092 0.056674
0.000274 0.101350 1.560092 0.056674
0.000272 0.101350 1.560093 0.056674
0.000270 0.101350 1.560093 0.056674
0.000268 0.101350 1.560093 0.056674
0.000266 0.101350 1.560093 0.056674
0.000264 0.101350 1.560093 0.056673
0.000261 0.101350 1.560093 0.056673
0.000259 0.101349 1.560093 0.056673
0.000257 0.101349 1.560093 0.056673
0.000255 0.101349 1.560093 0.056673
0.000253 0.101349 1.560093 0.056673
0.000251 0.101349 1.560093 0.056673
0.000249 0.101349 1.560094 0.056673
0.000247 0.101349 1.560094 0.056673
0.000245 0.101349 1.560094 0.056673
0.000244 0.101349 1.560094 0.056673
0.000242 0.101349 1.560094 0.056673
0.000240 0.101349 1.560094 0.056673
0.000238 0.101349 1.560094 0.056673
0.000236 0.101349 1.560094 0.056673
0.000234 0.101349 1.560094 0.056673
0.000232 0.101349 1.560094 0.056673
0.000230 0.101349 1.560094 0.056673
0.000229 0.101348 1.560094 0.056673
0.000227 0.101348 1.560095 0.056673
0.000225 0.101348 1.560095 0.056673
0.000223 0.101348 1.560095 0.056673
0.000222 0.101348 1.560095 0.056673
0.000220 0.101348 1.560095 0.056673
0.000218 0.101348 1.560095 0.056673
0.000216 0.101348 1.560095 0.056672
0.000215 0.101348 1.560095 0.056672
0.000213 0.101348 1.560095 0.056672
0.000211 0.101348 1.560095 0.056672
0.000210 0.101348 1.560095 0.056672
0.000208 0.101348 1.560095 0.056672
0.000206 0.101348 1.560095 0.056672
0.000205 0.101348 1.560095 0.056672
0.000203 0.101348 1.560096 0.056672
0.000202 0.101348 1.560096 0.056672
0.000200 0.101348 1.560096 0.056672
0.000198 0.101347 1.560096 0.056672
0.000197 0.101347 1.560096 0.056672
0.000195 0.101347 1.560096 0.056672
0.000194 0.101347 1.560096 0.056672
0.000192 0.101347 1.560096 0.056672
0.000191 0.101347 1.560096 0.056672
0.000189 0.101347 1.560096 0.056672
0.000188 0.101347 1.560096 0.056672
0.000186 0.101347 1.560096 0.056672
0.000185 0.101347 1.560096 0.056672
0.000183 0.101347 1.560096 0.056672
0.000182 0.101347 1.560097 0.056672
0.000181 0.101347 1.560097 0.056672
0.000179 0.101347 1.560097 0.056672
0.000178 0.101347 1.560097 0.056672
0.000176 0.101347 1.560097 0.056672
0.000175 0.101347 1.560097 0.056672
0.000174 0.101347 1.560097 0.056672
0.000172 0.101347 1.560097 0.056672
0.000171 0.101347 1.560097 0.056671
0.000170 0.101347 1.560097 0.056671
0.000168 0.101347 1.560097 0.056671
0.000167 0.101346 1.560097 0.056671
0.000166 0.101346 1.560097 0.056671
0.000164 0.101346 1.560097 0.056671
0.000163 0.101346 1.560097 0.056671
0.000162 0.101346 1.560097 0.056671
0.000161 0.101346 1.560097 0.056671
0.000159 0.101346 1.560098 0.056671
0.000158 0.101346 1.560098 0.056671
0.000157 0.101346 1.560098 0.056671
0.000156 0.101346 1.560098 0.056671
0.000154 0.101346 1.560098 0.056671
0.000153 0.101346 1.560098 0.056671
0.000152 0.101346 1.560098 0.056671
0.000151 0.101346 1.560098 0.056671
0.000150 0.101346 1.560098 0.056671
0.000148 0.101346 1.560098 0.056671
0.000147 0.101346 1.560098 0.056671
0.000146 0.101346 1.560098 0.056671
0.000145 0.101346 1.560098 0.056671
0.000144 0.101346 1.560098 0.056671
0.000143 0.101346 1.560098 0.056671
0.000142 0.101346 1.560098 0.056671
0.000140 0.101346 1.560098 0.056671
0.000139 0.101346 1.560098 0.056671
0.000138 0.101346 1.560098 0.056671
0.000137 0.101346 1.560099 0.056671
0.000136 0.101345 1.560099 0.056671
0.000135 0.101345 1.560099 0.056671
0.000134 0.101345 1.560099 0.056671
0.000133 0.101345 1.560099 0.056671
0.000132 0.101345 1.560099 0.056671
0.000131 0.101345 1.560099 0.056671
0.000130 0.101345 1.560099 0.056671
0.000129 0.101345 1.560099 0.056671
0.000128 0.101345 1.560099 0.056671
0.000127 0.101345 1.560099 0.056671
0.000126 0.101345 1.560099 0.056671
0.000125 0.101345 1.560099 0.056671
0.000124 0.101345 1.560099 0.056670
0.000123 0.101345 1.560099 0.056670
0.000122 0.101345 1.560099 0.056670
0.000121 0.101345 1.560099 0.056670
0.000120 0.101345 1.560099 0.056670
0.000119 0.101345 1.560099 0.056670
0.000118 0.101345 1.560099 0.056670
0.000117 0.101345 1.560099 0.056670
0.000116 0.101345 1.560099 0.056670
0.000115 0.101345 1.560099 0.056670
0.000115 0.101345 1.560100 0.056670
0.000114 0.101345 1.560100 0.056670
0.000113 0.101345 1.560100 0.056670
0.000112 0.101345 1.560100 0.056670
0.000111 0.101345 1.560100 0.056670
0.000110 0.101345 1.560100 0.056670
0.000109 0.101345 1.560100 0.056670
0.000108 0.101345 1.560100 0.056670
0.000108 0.101345 1.560100 0.056670
0.000107 0.101345 1.560100 0.056670
0.000106 0.101345 1.560100 0.056670
0.000105 0.101345 1.560100 0.056670
0.000104 0.101344 1.560100 0.056670
0.000103 0.101344 1.560100 0.056670
0.000103 0.101344 1.560100 0.056670
0.000102 0.101344 1.560100 0.056670
0.000101 0.101344 1.560100 0.056670
0.000100 0.101344 1.560100 0.056670
0.000099 0.101344 1.560100 0.056670
0.000099 0.101344 1.560100 0.056670
0.000098 0.101344 1.560100 0.056670
0.000097 0.101344 1.560100 0.056670
0.000096 0.101344 1.560100 0.056670
0.000096 0.101344 1.560100 0.056670
0.000095 0.101344 1.560100 0.056670
0.000094 0.101344 1.560100 0.056670
0.000093 0.101344 1.560100 0.056670
0.000093 0.101344 1.560101 0.056670
0.000092 0.101344 1.560101 0.056670
0.000091 0.101344 1.560101 0.056670
0.000090 0.101344 1.560101 0.056670
0.000090 0.101344 1.560101 0.056670
0.000089 0.101344 1.560101 0.056670
0.000088 0.101344 1.560101 0.056670
0.000088 0.101344 1.560101 0.056670
0.000087 0.101344 1.560101 0.056670
0.000086 0.101344 1.560101 0.056670
0.000086 0.101344 1.560101 0.056670
0.000085 0.101344 1.560101 0.056670
0.000084 0.101344 1.560101 0.056670
0.000084 0.101344 1.560101 0.056670
0.000083 0.101344 1.560101 0.056670
0.000082 0.101344 1.560101 0.056670
0.000082 0.101344 1.560101 0.056670
0.000081 0.101344 1.560101 0.056670
0.000080 0.101344 1.560101 0.056670
0.000080 0.101344 1.560101 0.056670
0.000079 0.101344 1.560101 0.056670
0.000079 0.101344 1.560101 0.056670
0.000078 0.101344 1.560101 0.056670
0.000077 0.101344 1.560101 0.056669
0.000077 0.101344 1.560101 0.056669
0.000076 0.101344 1.560101 0.056669
0.000076 0.101344 1.560101 0.056669
0.000075 0.101344 1.560101 0.056669
0.000074 0.101344 1.560101 0.056669
0.000074 0.101344 1.560101 0.056669
0.000073 0.101343 1.560101 0.056669
0.000073 0.101343 1.560101 0.056669
0.000072 0.101343 1.560101 0.056669
0.000072 0.101343 1.560101 0.056669
0.000071 0.101343 1.560102 0.056669
0.000070 0.101343 1.560102 0.056669
0.000070 0.101343 1.560102 0.056669
0.000069 0.101343 1.560102 0.056669
0.000069 0.101343 1.560102 0.056669
0.000068 0.101343 1.560102 0.056669
0.000068 0.101343 1.560102 0.056669
0.000067 0.101343 1.560102 0.056669
0.000067 0.101343 1.560102 0.056669
0.000066 0.101343 1.560102 0.056669
0.000066 0.101343 1.560102 0.056669
0.000065 0.101343 1.560102 0.056669
0.000065 0.101343 1.560102 0.056669
0.000064 0.101343 1.560102 0.056669
0.000064 0.101343 1.560102 0.056669
0.000063 0.101343 1.560102 0.056669
0.000063 0.101343 1.560102 0.056669
0.000062 0.101343 1.560102 0.056669
0.000062 0.101343 1.560102 0.056669
0.000061 0.101343 1.560102 0.056669
0.000061 0.101343 1.560102 0.056669
0.000060 0.101343 1.560102 0.056669
0.000060 0.101343 1.560102 0.056669
0.000059 0.101343 1.560102 0.056669
0.000059 0.101343 1.560102 0.056669
0.000058 0.101343 1.560102 0.056669
0.000058 0.101343 1.560102 0.056669
0.000057 0.101343 1.560102 0.056669
0.000057 0.101343 1.560102 0.056669
0.000057 0.101343 1.560102 0.056669
0.000056 0.101343 1.560102 0.056669
0.000056 0.101343 1.560102 0.056669
0.000055 0.101343 1.560102 0.056669
0.000055 0.101343 1.560102 0.056669
0.000054 0.101343 1.560102 0.056669
0.000054 0.101343 1.560102 0.056669
0.000053 0.101343 1.560102 0.056669
0.000053 0.101343 1.560102 0.056669
0.000053 0.101343 1.560102 0.056669
0.000052 0.101343 1.560102 0.056669
0.000052 0.101343 1.560102 0.056669
0.000051 0.101343 1.560102 0.056669
0.000051 0.101343 1.560102 0.056669
0.000051 0.101343 1.560102 0.056669
0.000050 0.101343 1.560102 0.056669
0.000050 0.101343 1.560102 0.056669
0.000049 0.101343 1.560103 0.056669
0.000049 0.101343 1.560103 0.056669
0.000049 0.101343 1.560103 0.056669
0.000048 0.101343 1.560103 0.056669
0.000048 0.101343 1.560103 0.056669
0.000048 0.101343 1.560103 0.056669
0.000047 0.101343 1.560103 0.056669
0.000047 0.101343 1.560103 0.056669
0.000046 0.101343 1.560103 0.056669
0.000046 0.101343 1.560103 0.056669
0.000046 0.101343 1.560103 0.056669
0.000045 0.101343 1.560103 0.056669
0.000045 0.101343 1.560103 0.056669
0.000045 0.101343 1.560103 0.056669
0.000044 0.101343 1.560103 0.056669
0.000044 0.101343 1.560103 0.056669
0.000044 0.101343 1.560103 0.056669
0.000043 0.101343 1.560103 0.056669
0.000043 0.101343 1.560103 0.056669
0.000043 0.101343 1.560103 0.056669
0.000042 0.101342 1.560103 0.056669
0.000042 0.101342 1.560103 0.056669
0.000042 0.101342 1.560103 0.056669
0.000041 0.101342 1.560103 0.056669
0.000041 0.101342 1.560103 0.056669
0.000041 0.101342 1.560103 0.056669
0.000040 0.101342 1.560103 0.056669
0.000040 0.101342 1.560103 0.056669
0.000040 0.101342 1.560103 0.056669
0.000039 0.101342 1.560103 0.056669
0.000039 0.101342 1.560103 0.056669
0.000039 0.101342 1.560103 0.056669
0.000038 0.101342 1.560103 0.056669
0.000038 0.101342 1.560103 0.056669
0.000038 0.101342 1.560103 0.056669
0.000038 0.101342 1.560103 0.056669
0.000037 0.101342 1.560103 0.056669
0.000037 0.101342 1.560103 0.056669
0.000037 0.101342 1.560103 0.056669
0.000036 0.101342 1.560103 0.056669
0.000036 0.101342 1.560103 0.056669
0.000036 0.101342 1.560103 0.056669
0.000036 0.101342 1.560103 0.056669
0.000035 0.101342 1.560103 0.056669
0.000035 0.101342 1.560103 0.056669
0.000035 0.101342 1.560103 0.056669
0.000034 0.101342 1.560103 0.056669
0.000034 0.101342 1.560103 0.056669
0.000034 0.101342 1.560103 0.056669
0.000034 0.101342 1.560103 0.056669
0.000033 0.101342 1.560103 0.056669
0.000033 0.101342 1.560103 0.056669
0.000033 0.101342 1.560103 0.056669
0.000033 0.101342 1.560103 0.056669
0.000032 0.101342 1.560103 0.056669
0.000032 0.101342 1.560103 0.056669
0.000032 0.101342 1.560103 0.056669
0.000032 0.101342 1.560103 0.056669
0.000031 0.101342 1.560103 0.056669
0.000031 0.101342 1.560103 0.056669
0.000031 0.101342 1.560103 0.056669
0.000031 0.101342 1.560103 0.056668
0.000030 0.101342 1.560103 0.056668
0.000030 0.101342 1.560103 0.056668
0.000030 0.101342 1.560103 0.056668
0.000030 0.101342 1.560103 0.056668
0.000029 0.101342 1.560103 0.056668
0.000029 0.101342 1.560103 0.056668
0.000029 0.101342 1.560103 0.056668
0.000029 0.101342 1.560103 0.056668
0.000029 0.101342 1.560103 0.056668
0.000028 0.101342 1.560103 0.056668
0.000028 0.101342 1.560103 0.056668
0.000028 0.101342 1.560103 0.056668
0.000028 0.101342 1.560104 0.056668
0.000027 0.101342 1.560104 0.056668
0.000027 0.101342 1.560104 0.056668
0.000027 0.101342 1.560104 0.056668
0.000027 0.101342 1.560104 0.056668
0.000027 0.101342 1.560104 0.056668
0.000026 0.101342 1.560104 0.056668
0.000026 0.101342 1.560104 0.056668
0.000026 0.101342 1.560104 0.056668
0.000026 0.101342 1.560104 0.056668
0.000026 0.101342 1.560104 0.056668
0.000025 0.101342 1.560104 0.056668
0.000025 0.101342 1.560104 0.056668
0.000025 0.101342 1.560104 0.056668
0.000025 0.101342 1.560104 0.056668
0.000025 0.101342 1.560104 0.056668
0.000024 0.101342 1.560104 0.056668
0.000024 0.101342 1.560104 0.056668
0.000024 0.101342 1.560104 0.056668
0.000024 0.101342 1.560104 0.056668
0.000024 0.101342 1.560104 0.056668
0.000023 0.101342 1.560104 0.056668
0.000023 0.101342 1.560104 0.056668
0.000023 0.101342 1.560104 0.056668
0.000023 0.101342 1.560104 0.056668
0.000023 0.101342 1.560104 0.056668
0.000023 0.101342 1.560104 0.056668
0.000022 0.101342 1.560104 0.056668
0.000022 0.101342 1.560104 0.056668
0.000022 0.101342 1.560104 0.056668
0.000022 0.101342 1.560104 0.056668
0.000022 0.101342 1.560104 0.056668
0.000022 0.101342 1.560104 0.056668
0.000021 0.101342 1.560104 0.056668
0.000021 0.101342 1.560104 0.056668
0.000021 0.101342 1.560104 0.056668
0.000021 0.101342 1.560104 0.056668
0.000021 0.101342 1.560104 0.056668
0.000021 0.101342 1.560104 0.056668
0.000020 0.101342 1.560104 0.056668
0.000020 0.101342 1.560104 0.056668
0.000020 0.101342 1.560104 0.056668
0.000020 0.101342 1.560104 0.056668
0.000020 0.101342 1.560104 0.056668
0.000020 0.101342 1.560104 0.056668
0.000019 0.101342 1.560104 0.056668
0.000019 0.101342 1.560104 0.056668
0.000019 0.101342 1.560104 0.056668
0.000019 0.101342 1.560104 0.056668
0.000019 0.101342 1.560104 0.056668
0.000019 0.101342 1.560104 0.056668
0.000019 0.101342 1.560104 0.056668
0.000018 0.101342 1.560104 0.056668
0.000018 0.101342 1.560104 0.056668
0.000018 0.101342 1.560104 0.056668
0.000018 0.101342 1.560104 0.056668
0.000018 0.101342 1.560104 0.056668
0.000018 0.101342 1.560104 0.056668
0.000018 0.101342 1.560104 0.056668
0.000017 0.101342 1.560104 0.056668
0.000017 0.101342 1.560104 0.056668
0.000017 0.101342 1.560104 0.056668
0.000017 0.101342 1.560104 0.056668
0.000017 0.101342 1.560104 0.056668
0.000017 0.101342 1.560104 0.056668
0.000017 0.101342 1.560104 0.056668
0.000017 0.101342 1.560104 0.056668
0.000016 0.101342 1.560104 0.056668
0.000016 0.101342 1.560104 0.056668
0.000016 0.101342 1.560104 0.056668
0.000016 0.101342 1.560104 0.056668
0.000016 0.101342 1.560104 0.056668
0.000016 0.101342 1.560104 0.056668
0.000016 0.101342 1.560104 0.056668
0.000016 0.101342 1.560104 0.056668
0.000015 0.101342 1.560104 0.056668
0.000015 0.101342 1.560104 0.056668
0.000015 0.101342 1.560104 0.056668
0.000015 0.101342 1.560104 0.056668
0.000015 0.101342 1.560104 0.056668
0.000015 0.101342 1.560104 0.056668
0.000015 0.101342 1.560104 0.056668
0.000015 0.101342 1.560104 0.056668
0.000014 0.101342 1.560104 0.056668
0.000014 0.101342 1.560104 0.056668
0.000014 0.101342 1.560104 0.056668
0.000014 0.101342 1.560104 0.056668
0.000014 0.101342 1.560104 0.056668
0.000014 0.101342 1.560104 0.056668
0.000014 0.101342 1.560104 0.056668
0.000014 0.101342 1.560104 0.056668
0.000014 0.101342 1.560104 0.056668
0.000013 0.101342 1.560104 0.056668
0.000013 0.101342 1.560104 0.056668
0.000013 0.101342 1.560104 0.056668
0.000013 0.101342 1.560104 0.056668
0.000013 0.101342 1.560104 0.056668
0.000013 0.101342 1.560104 0.056668
0.000013 0.101342 1.560104 0.056668
0.000013 0.101342 1.560104 0.056668
0.000013 0.101342 1.560104 0.056668
0.000013 0.101342 1.560104 0.056668
0.000012 0.101342 1.560104 0.056668
0.000012 0.101342 1.560104 0.056668
0.000012 0.101342 1.560104 0.056668
0.000012 0.101342 1.560104 0.056668
0.000012 0.101342 1.560104 0.056668
0.000012 0.101342 1.560104 0.056668
0.000012 0.101342 1.560104 0.056668
0.000012 0.101342 1.560104 0.056668
0.000012 0.101342 1.560104 0.056668
0.000012 0.101342 1.560104 0.056668
0.000012 0.101342 1.560104 0.056668
0.000011 0.101342 1.560104 0.056668
0.000011 0.101342 1.560104 0.056668
0.000011 0.101342 1.560104 0.056668
0.000011 0.101341 1.560104 0.056668
0.000011 0.101341 1.560104 0.056668
0.000011 0.101341 1.560104 0.056668
0.000011 0.101341 1.560104 0.056668
0.000011 0.101341 1.560104 0.056668
0.000011 0.101341 1.560104 0.056668
0.000011 0.101341 1.560104 0.056668
0.000011 0.101341 1.560104 0.056668
0.000010 0.101341 1.560104 0.056668
0.000010 0.101341 1.560104 0.056668
0.000010 0.101341 1.560104 0.056668
0.000010 0.101341 1.560104 0.056668
0.000010 0.101341 1.560104 0.056668
0.000010 0.101341 1.560104 0.056668
0.000010 0.101341 1.560104 0.056668
