1.006660 0.013573 1.617059 0.012465
0.699009 0.013573 1.617059 0.012465
0.503736 0.013573 1.617059 0.012465
0.392370 0.013548 1.617008 0.012449
0.333711 0.013570 1.617037 0.012464
0.297585 0.013551 1.616888 0.012451
0.272050 0.013515 1.616617 0.012426
0.252161 0.013430 1.616195 0.012365
0.236556 0.013291 1.615517 0.012266
0.224582 0.013132 1.614530 0.012155
0.215287 0.013002 1.613369 0.012068
0.207656 0.012947 1.612385 0.012035
0.200960 0.013001 1.612074 0.012078
0.194802 0.013181 1.612971 0.012210
0.189045 0.013488 1.615540 0.012427
0.183719 0.013900 1.620086 0.012715
0.178611 0.014383 1.626701 0.013049
0.173645 0.014891 1.635245 0.013398
0.168759 0.015379 1.645367 0.013731
0.163900 0.015805 1.656550 0.014021
0.158985 0.016133 1.668181 0.014246
0.153825 0.016339 1.679610 0.014389
0.148377 0.016406 1.690220 0.014441
0.142736 0.016329 1.699472 0.014400
0.137085 0.016115 1.706947 0.014270
0.131626 0.015782 1.712372 0.014062
0.126524 0.015356 1.715624 0.013793
0.121915 0.014867 1.716723 0.013481
0.117824 0.014347 1.715815 0.013146
0.114156 0.013825 1.713140 0.012806
0.110816 0.013330 1.708999 0.012480
0.107717 0.012884 1.703727 0.012181
0.104793 0.012502 1.697657 0.011921
0.101978 0.012197 1.691100 0.011705
0.099256 0.011975 1.684328 0.011540
0.096599 0.011837 1.677568 0.011426
0.094003 0.011779 1.670999 0.011362
0.091467 0.011795 1.664757 0.011344
0.088996 0.011877 1.658939 0.011366
0.086591 0.012012 1.653606 0.011423
0.084256 0.012190 1.648791 0.011507
0.081988 0.012398 1.644503 0.011611
0.079790 0.012626 1.640732 0.011728
0.077662 0.012863 1.637455 0.011853
0.075604 0.013100 1.634637 0.011980
0.073634 0.013331 1.632236 0.012104
0.071755 0.013548 1.630202 0.012222
0.069961 0.013747 1.628488 0.012331
0.068241 0.013925 1.627044 0.012428
0.066582 0.014078 1.625823 0.012512
0.064961 0.014206 1.624786 0.012582
0.063384 0.014308 1.623894 0.012637
0.061849 0.014385 1.623117 0.012679
0.060354 0.014437 1.622429 0.012706
0.058897 0.014467 1.621809 0.012721
0.057472 0.014476 1.621240 0.012724
0.056087 0.014466 1.620709 0.012717
0.054743 0.014441 1.620207 0.012701
0.053434 0.014401 1.619726 0.012677
0.052162 0.014350 1.619265 0.012646
0.050938 0.014289 1.618821 0.012609
0.049752 0.014218 1.618394 0.012567
0.048599 0.014140 1.617987 0.012521
0.047471 0.014055 1.617601 0.012470
0.046359 0.013963 1.617240 0.012415
0.045261 0.013866 1.616909 0.012357
0.044173 0.013764 1.616612 0.012295
0.043096 0.013659 1.616355 0.012231
0.042031 0.013550 1.616142 0.012165
0.040983 0.013441 1.615977 0.012098
0.039954 0.013331 1.615862 0.012030
0.038951 0.013222 1.615800 0.011964
0.037978 0.013117 1.615790 0.011899
0.037037 0.013015 1.615834 0.011836
0.036131 0.012919 1.615929 0.011777
0.035259 0.012828 1.616073 0.011722
0.034426 0.012744 1.616264 0.011671
0.033628 0.012666 1.616499 0.011624
0.032862 0.012595 1.616773 0.011581
0.032125 0.012529 1.617082 0.011541
0.031410 0.012468 1.617421 0.011505
0.030716 0.012412 1.617786 0.011471
0.030043 0.012358 1.618171 0.011440
0.029395 0.012307 1.618572 0.011409
0.028777 0.012256 1.618983 0.011379
0.028193 0.012206 1.619401 0.011349
0.027646 0.012153 1.619820 0.011317
0.027137 0.012099 1.620237 0.011284
0.026666 0.012042 1.620649 0.011250
0.026229 0.011982 1.621052 0.011213
0.025820 0.011919 1.621445 0.011174
0.025434 0.011852 1.621825 0.011133
0.025063 0.011783 1.622190 0.011090
0.024699 0.011712 1.622540 0.011046
0.024336 0.011639 1.622872 0.011001
0.023969 0.011565 1.623187 0.010956
0.023595 0.011492 1.623483 0.010910
0.023210 0.011419 1.623760 0.010865
0.022816 0.011346 1.624018 0.010821
0.022413 0.011276 1.624258 0.010777
0.022004 0.011207 1.624480 0.010734
0.021592 0.011139 1.624685 0.010693
0.021181 0.011074 1.624873 0.010653
0.020775 0.011011 1.625045 0.010614
0.020377 0.010950 1.625203 0.010577
0.019990 0.010891 1.625347 0.010540
0.019618 0.010833 1.625479 0.010505
0.019261 0.010777 1.625598 0.010470
0.018920 0.010723 1.625706 0.010437
0.018597 0.010670 1.625803 0.010405
0.018290 0.010619 1.625891 0.010373
0.017999 0.010569 1.625969 0.010343
0.017725 0.010520 1.626038 0.010313
0.017475 0.010473 1.626099 0.010284
0.017238 0.010427 1.626151 0.010256
0.017008 0.010382 1.626197 0.010229
0.016787 0.010338 1.626235 0.010203
0.016576 0.010296 1.626266 0.010177
0.016378 0.010255 1.626291 0.010153
0.016194 0.010215 1.626310 0.010129
0.016026 0.010177 1.626324 0.010107
0.015872 0.010141 1.626331 0.010085
0.015732 0.010105 1.626333 0.010065
0.015605 0.010072 1.626327 0.010046
0.015489 0.010041 1.626312 0.010028
0.015384 0.010012 1.626288 0.010012
0.015288 0.009986 1.626255 0.009997
0.015199 0.009962 1.626212 0.009984
0.015118 0.009940 1.626161 0.009973
0.015043 0.009920 1.626104 0.009963
0.014973 0.009902 1.626042 0.009954
0.014907 0.009885 1.625978 0.009946
0.014845 0.009869 1.625914 0.009939
0.014787 0.009853 1.625851 0.009932
0.014734 0.009838 1.625792 0.009925
0.014684 0.009823 1.625737 0.009918
0.014638 0.009807 1.625686 0.009912
0.014595 0.009792 1.625642 0.009905
0.014556 0.009776 1.625603 0.009898
0.014519 0.009760 1.625569 0.009891
0.014485 0.009744 1.625541 0.009884
0.014453 0.009728 1.625518 0.009877
0.014423 0.009712 1.625499 0.009870
0.014394 0.009697 1.625483 0.009863
0.014367 0.009682 1.625471 0.009857
0.014341 0.009667 1.625462 0.009851
0.014317 0.009653 1.625455 0.009846
0.014293 0.009640 1.625451 0.009841
0.014270 0.009627 1.625448 0.009836
0.014249 0.009616 1.625447 0.009832
0.014228 0.009605 1.625446 0.009829
0.014209 0.009595 1.625447 0.009826
0.014191 0.009586 1.625449 0.009824
0.014173 0.009578 1.625452 0.009822
0.014157 0.009570 1.625456 0.009821
0.014141 0.009564 1.625460 0.009820
0.014126 0.009558 1.625465 0.009820
0.014111 0.009553 1.625470 0.009820
0.014097 0.009549 1.625476 0.009821
0.014082 0.009546 1.625482 0.009822
0.014068 0.009543 1.625489 0.009823
0.014052 0.009541 1.625496 0.009825
0.014036 0.009539 1.625503 0.009827
0.014017 0.009538 1.625510 0.009830
0.013997 0.009537 1.625517 0.009832
0.013975 0.009536 1.625524 0.009835
0.013952 0.009536 1.625531 0.009837
0.013926 0.009536 1.625537 0.009840
0.013899 0.009537 1.625543 0.009843
0.013869 0.009537 1.625549 0.009846
0.013837 0.009538 1.625555 0.009849
0.013803 0.009539 1.625559 0.009853
0.013766 0.009540 1.625563 0.009856
0.013727 0.009542 1.625567 0.009859
0.013686 0.009543 1.625569 0.009862
0.013643 0.009544 1.625571 0.009865
0.013598 0.009545 1.625572 0.009868
0.013551 0.009547 1.625573 0.009870
0.013501 0.009548 1.625572 0.009873
0.013450 0.009549 1.625571 0.009876
0.013396 0.009550 1.625568 0.009878
0.013341 0.009551 1.625565 0.009880
0.013284 0.009552 1.625561 0.009882
0.013226 0.009552 1.625557 0.009884
0.013166 0.009553 1.625551 0.009886
0.013105 0.009553 1.625545 0.009887
0.013043 0.009553 1.625538 0.009889
0.012980 0.009553 1.625530 0.009890
0.012916 0.009553 1.625522 0.009891
0.012852 0.009553 1.625514 0.009892
0.012788 0.009552 1.625504 0.009892
0.012724 0.009552 1.625495 0.009893
0.012661 0.009551 1.625484 0.009893
0.012599 0.009550 1.625474 0.009893
0.012538 0.009548 1.625463 0.009893
0.012480 0.009547 1.625452 0.009893
0.012423 0.009545 1.625440 0.009892
0.012369 0.009543 1.625429 0.009891
0.012318 0.009541 1.625417 0.009890
0.012270 0.009539 1.625405 0.009889
0.012224 0.009537 1.625393 0.009888
0.012183 0.009534 1.625380 0.009887
0.012145 0.009531 1.625368 0.009885
0.012111 0.009529 1.625356 0.009884
0.012082 0.009526 1.625344 0.009882
0.012056 0.009522 1.625332 0.009880
0.012035 0.009519 1.625320 0.009878
0.012017 0.009516 1.625308 0.009876
0.012003 0.009512 1.625296 0.009874
0.011992 0.009509 1.625285 0.009872
0.011985 0.009505 1.625273 0.009869
0.011981 0.009501 1.625262 0.009867
0.011981 0.009498 1.625251 0.009864
0.011983 0.009494 1.625240 0.009862
0.011987 0.009490 1.625229 0.009859
0.011993 0.009486 1.625219 0.009856
0.012001 0.009482 1.625209 0.009854
0.012011 0.009479 1.625198 0.009851
0.012022 0.009475 1.625189 0.009848
0.012034 0.009471 1.625179 0.009845
0.012045 0.009467 1.625170 0.009842
0.012057 0.009463 1.625161 0.009840
0.012069 0.009459 1.625152 0.009837
0.012079 0.009455 1.625144 0.009834
0.012089 0.009451 1.625136 0.009831
0.012097 0.009447 1.625128 0.009828
0.012103 0.009443 1.625121 0.009825
0.012108 0.009439 1.625113 0.009822
0.012110 0.009435 1.625107 0.009819
0.012110 0.009431 1.625100 0.009817
0.012107 0.009427 1.625094 0.009814
0.012102 0.009423 1.625087 0.009811
0.012095 0.009419 1.625082 0.009808
0.012084 0.009415 1.625076 0.009805
0.012071 0.009411 1.625071 0.009802
0.012054 0.009407 1.625065 0.009800
0.012035 0.009404 1.625060 0.009797
0.012013 0.009400 1.625056 0.009794
0.011989 0.009396 1.625051 0.009791
0.011961 0.009392 1.625047 0.009789
0.011931 0.009388 1.625043 0.009786
0.011898 0.009385 1.625039 0.009783
0.011863 0.009381 1.625035 0.009781
0.011825 0.009377 1.625032 0.009778
0.011786 0.009374 1.625028 0.009776
0.011744 0.009370 1.625025 0.009773
0.011700 0.009366 1.625022 0.009771
0.011654 0.009363 1.625019 0.009768
0.011606 0.009359 1.625017 0.009766
0.011558 0.009356 1.625014 0.009763
0.011507 0.009352 1.625012 0.009761
0.011456 0.009349 1.625009 0.009758
0.011403 0.009345 1.625007 0.009756
0.011350 0.009342 1.625005 0.009754
0.011295 0.009338 1.625003 0.009751
0.011241 0.009335 1.625002 0.009749
0.011186 0.009331 1.625000 0.009747
0.011131 0.009328 1.624998 0.009745
0.011075 0.009324 1.624997 0.009742
0.011021 0.009321 1.624996 0.009740
0.010966 0.009317 1.624995 0.009738
0.010912 0.009314 1.624994 0.009736
0.010858 0.009311 1.624993 0.009734
0.010805 0.009307 1.624992 0.009732
0.010753 0.009304 1.624991 0.009729
0.010702 0.009301 1.624990 0.009727
0.010651 0.009297 1.624990 0.009725
0.010602 0.009294 1.624989 0.009723
0.010554 0.009291 1.624989 0.009721
0.010508 0.009288 1.624989 0.009719
0.010463 0.009285 1.624989 0.009717
0.010420 0.009281 1.624988 0.009716
0.010378 0.009278 1.624988 0.009714
0.010338 0.009275 1.624989 0.009712
0.010299 0.009272 1.624989 0.009710
0.010262 0.009269 1.624989 0.009708
0.010227 0.009266 1.624989 0.009706
0.010194 0.009263 1.624989 0.009705
0.010162 0.009260 1.624990 0.009703
0.010132 0.009257 1.624990 0.009701
0.010104 0.009255 1.624991 0.009700
0.010078 0.009252 1.624991 0.009698
0.010053 0.009249 1.624992 0.009696
0.010030 0.009246 1.624993 0.009695
0.010009 0.009244 1.624993 0.009693
0.009990 0.009241 1.624994 0.009692
0.009972 0.009238 1.624995 0.009690
0.009956 0.009236 1.624996 0.009689
0.009941 0.009233 1.624996 0.009687
0.009927 0.009230 1.624997 0.009686
0.009915 0.009228 1.624998 0.009684
0.009905 0.009226 1.624998 0.009683
0.009895 0.009223 1.624999 0.009682
0.009887 0.009221 1.624999 0.009680
0.009880 0.009219 1.625000 0.009679
0.009874 0.009216 1.625000 0.009678
0.009869 0.009214 1.625000 0.009677
0.009865 0.009212 1.625001 0.009676
0.009861 0.009210 1.625001 0.009675
0.009859 0.009208 1.625001 0.009673
0.009856 0.009206 1.625002 0.009672
0.009855 0.009204 1.625002 0.009671
0.009854 0.009202 1.625003 0.009670
0.009853 0.009200 1.625003 0.009669
0.009853 0.009198 1.625004 0.009668
0.009853 0.009196 1.625004 0.009667
0.009853 0.009194 1.625005 0.009666
0.009853 0.009192 1.625006 0.009665
0.009854 0.009190 1.625007 0.009664
0.009853 0.009188 1.625008 0.009663
0.009853 0.009186 1.625009 0.009662
0.009852 0.009185 1.625009 0.009661
0.009851 0.009183 1.625010 0.009660
0.009849 0.009181 1.625011 0.009659
0.009847 0.009179 1.625012 0.009658
0.009844 0.009178 1.625013 0.009658
0.009840 0.009176 1.625014 0.009657
0.009838 0.009174 1.625015 0.009656
0.009836 0.009173 1.625016 0.009655
0.009833 0.009171 1.625017 0.009654
0.009828 0.009169 1.625018 0.009653
0.009820 0.009168 1.625019 0.009652
0.009811 0.009166 1.625020 0.009652
0.009799 0.009165 1.625021 0.009651
0.009785 0.009163 1.625022 0.009650
0.009768 0.009162 1.625023 0.009649
0.009749 0.009160 1.625024 0.009649
0.009727 0.009159 1.625025 0.009648
0.009703 0.009158 1.625025 0.009647
0.009677 0.009156 1.625026 0.009647
0.009649 0.009155 1.625027 0.009646
0.009618 0.009154 1.625028 0.009645
0.009585 0.009152 1.625029 0.009645
0.009550 0.009151 1.625030 0.009644
0.009512 0.009150 1.625031 0.009643
0.009472 0.009148 1.625031 0.009643
0.009429 0.009147 1.625032 0.009642
0.009385 0.009146 1.625033 0.009641
0.009338 0.009145 1.625034 0.009641
0.009288 0.009144 1.625035 0.009640
0.009236 0.009142 1.625036 0.009639
0.009182 0.009141 1.625036 0.009639
0.009126 0.009140 1.625037 0.009638
0.009067 0.009139 1.625038 0.009638
0.009006 0.009138 1.625039 0.009637
0.008943 0.009137 1.625039 0.009636
0.008878 0.009136 1.625040 0.009636
0.008811 0.009135 1.625041 0.009635
0.008742 0.009133 1.625042 0.009635
0.008671 0.009132 1.625042 0.009634
0.008598 0.009131 1.625043 0.009634
0.008524 0.009130 1.625044 0.009633
0.008449 0.009129 1.625044 0.009633
0.008373 0.009128 1.625045 0.009632
0.008295 0.009127 1.625045 0.009632
0.008216 0.009126 1.625046 0.009631
0.008136 0.009125 1.625047 0.009630
0.008054 0.009124 1.625047 0.009630
0.007970 0.009123 1.625048 0.009629
0.007885 0.009122 1.625048 0.009629
0.007800 0.009122 1.625049 0.009628
0.007713 0.009121 1.625050 0.009628
0.007625 0.009120 1.625050 0.009627
0.007536 0.009119 1.625051 0.009627
0.007447 0.009118 1.625051 0.009626
0.007357 0.009117 1.625052 0.009626
0.007267 0.009116 1.625052 0.009625
0.007176 0.009115 1.625053 0.009625
0.007085 0.009114 1.625053 0.009624
0.006995 0.009113 1.625054 0.009624
0.006904 0.009113 1.625054 0.009623
0.006813 0.009112 1.625055 0.009623
0.006722 0.009111 1.625055 0.009622
0.006632 0.009110 1.625056 0.009622
0.006542 0.009109 1.625056 0.009621
0.006453 0.009108 1.625057 0.009621
0.006364 0.009108 1.625057 0.009621
0.006276 0.009107 1.625058 0.009620
0.006189 0.009106 1.625058 0.009620
0.006102 0.009105 1.625059 0.009619
0.006016 0.009104 1.625059 0.009619
0.005931 0.009104 1.625059 0.009618
0.005847 0.009103 1.625060 0.009618
0.005764 0.009102 1.625060 0.009617
0.005681 0.009101 1.625061 0.009617
0.005600 0.009101 1.625061 0.009616
0.005520 0.009100 1.625062 0.009616
0.005441 0.009099 1.625062 0.009616
0.005363 0.009098 1.625062 0.009615
0.005287 0.009098 1.625063 0.009615
0.005211 0.009097 1.625063 0.009614
0.005137 0.009096 1.625064 0.009614
0.005064 0.009096 1.625064 0.009613
0.004992 0.009095 1.625064 0.009613
0.004922 0.009094 1.625065 0.009613
0.004852 0.009094 1.625065 0.009612
0.004784 0.009093 1.625066 0.009612
0.004717 0.009092 1.625066 0.009611
0.004651 0.009092 1.625066 0.009611
0.004587 0.009091 1.625067 0.009610
0.004523 0.009090 1.625067 0.009610
0.004461 0.009090 1.625068 0.009610
0.004400 0.009089 1.625068 0.009609
0.004340 0.009088 1.625068 0.009609
0.004281 0.009088 1.625069 0.009609
0.004224 0.009087 1.625069 0.009608
0.004167 0.009086 1.625069 0.009608
0.004111 0.009086 1.625070 0.009607
0.004057 0.009085 1.625070 0.009607
0.004003 0.009085 1.625071 0.009607
0.003950 0.009084 1.625071 0.009606
0.003899 0.009083 1.625071 0.009606
0.003848 0.009083 1.625072 0.009605
0.003798 0.009082 1.625072 0.009605
0.003749 0.009082 1.625072 0.009605
0.003701 0.009081 1.625073 0.009604
0.003653 0.009081 1.625073 0.009604
0.003607 0.009080 1.625073 0.009604
0.003561 0.009080 1.625074 0.009603
0.003516 0.009079 1.625074 0.009603
0.003472 0.009078 1.625074 0.009603
0.003428 0.009078 1.625075 0.009602
0.003385 0.009077 1.625075 0.009602
0.003343 0.009077 1.625075 0.009602
0.003302 0.009076 1.625076 0.009601
0.003261 0.009076 1.625076 0.009601
0.003221 0.009075 1.625076 0.009601
0.003182 0.009075 1.625077 0.009600
0.003143 0.009074 1.625077 0.009600
0.003104 0.009074 1.625077 0.009600
0.003067 0.009073 1.625078 0.009599
0.003030 0.009073 1.625078 0.009599
0.002993 0.009072 1.625078 0.009599
0.002957 0.009072 1.625079 0.009599
0.002921 0.009071 1.625079 0.009598
0.002886 0.009071 1.625079 0.009598
0.002852 0.009071 1.625080 0.009598
0.002818 0.009070 1.625080 0.009597
0.002785 0.009070 1.625080 0.009597
0.002752 0.009069 1.625080 0.009597
0.002719 0.009069 1.625081 0.009596
0.002687 0.009068 1.625081 0.009596
0.002656 0.009068 1.625081 0.009596
0.002624 0.009067 1.625082 0.009596
0.002594 0.009067 1.625082 0.009595
0.002563 0.009067 1.625082 0.009595
0.002534 0.009066 1.625083 0.009595
0.002504 0.009066 1.625083 0.009595
0.002475 0.009065 1.625083 0.009594
0.002447 0.009065 1.625083 0.009594
0.002418 0.009065 1.625084 0.009594
0.002391 0.009064 1.625084 0.009594
0.002363 0.009064 1.625084 0.009593
0.002336 0.009063 1.625084 0.009593
0.002310 0.009063 1.625085 0.009593
0.002283 0.009063 1.625085 0.009593
0.002258 0.009062 1.625085 0.009592
0.002232 0.009062 1.625086 0.009592
0.002207 0.009062 1.625086 0.009592
0.002182 0.009061 1.625086 0.009592
0.002158 0.009061 1.625086 0.009591
0.002134 0.009061 1.625087 0.009591
0.002110 0.009060 1.625087 0.009591
0.002086 0.009060 1.625087 0.009591
0.002063 0.009060 1.625087 0.009591
0.002040 0.009059 1.625088 0.009590
0.002018 0.009059 1.625088 0.009590
0.001996 0.009059 1.625088 0.009590
0.001974 0.009058 1.625088 0.009590
0.001952 0.009058 1.625089 0.009590
0.001931 0.009058 1.625089 0.009589
0.001910 0.009057 1.625089 0.009589
0.001889 0.009057 1.625089 0.009589
0.001868 0.009057 1.625089 0.009589
0.001848 0.009056 1.625090 0.009589
0.001828 0.009056 1.625090 0.009588
0.001808 0.009056 1.625090 0.009588
0.001789 0.009056 1.625090 0.009588
0.001770 0.009055 1.625091 0.009588
0.001751 0.009055 1.625091 0.009588
0.001732 0.009055 1.625091 0.009587
0.001714 0.009054 1.625091 0.009587
0.001695 0.009054 1.625092 0.009587
0.001677 0.009054 1.625092 0.009587
0.001659 0.009054 1.625092 0.009587
0.001642 0.009053 1.625092 0.009587
0.001624 0.009053 1.625092 0.009586
0.001607 0.009053 1.625093 0.009586
0.001590 0.009053 1.625093 0.009586
0.001573 0.009052 1.625093 0.009586
0.001557 0.009052 1.625093 0.009586
0.001540 0.009052 1.625093 0.009586
0.001524 0.009052 1.625094 0.009585
0.001508 0.009051 1.625094 0.009585
0.001492 0.009051 1.625094 0.009585
0.001477 0.009051 1.625094 0.009585
0.001461 0.009051 1.625094 0.009585
0.001446 0.009050 1.625095 0.009585
0.001430 0.009050 1.625095 0.009584
0.001415 0.009050 1.625095 0.009584
0.001401 0.009050 1.625095 0.009584
0.001386 0.009049 1.625095 0.009584
0.001371 0.009049 1.625095 0.009584
0.001357 0.009049 1.625095 0.009584
0.001343 0.009049 1.625096 0.009584
0.001329 0.009049 1.625096 0.009583
0.001315 0.009048 1.625096 0.009583
0.001301 0.009048 1.625096 0.009583
0.001287 0.009048 1.625096 0.009583
0.001273 0.009048 1.625096 0.009583
0.001260 0.009048 1.625096 0.009583
0.001247 0.009047 1.625096 0.009583
0.001234 0.009047 1.625096 0.009582
0.001220 0.009047 1.625096 0.009582
0.001208 0.009047 1.625096 0.009582
0.001195 0.009047 1.625097 0.009582
0.001182 0.009046 1.625097 0.009582
0.001169 0.009046 1.625097 0.009582
0.001157 0.009046 1.625097 0.009582
0.001145 0.009046 1.625097 0.009582
0.001132 0.009046 1.625097 0.009581
0.001120 0.009045 1.625097 0.009581
0.001108 0.009045 1.625097 0.009581
0.001096 0.009045 1.625098 0.009581
0.001085 0.009045 1.625098 0.009581
0.001073 0.009045 1.625098 0.009581
0.001061 0.009044 1.625098 0.009581
0.001050 0.009044 1.625098 0.009581
0.001039 0.009044 1.625098 0.009580
0.001027 0.009044 1.625098 0.009580
0.001016 0.009044 1.625098 0.009580
0.001005 0.009044 1.625099 0.009580
0.000994 0.009043 1.625099 0.009580
0.000983 0.009043 1.625099 0.009580
0.000973 0.009043 1.625099 0.009580
0.000962 0.009043 1.625099 0.009580
0.000952 0.009043 1.625099 0.009579
0.000941 0.009042 1.625099 0.009579
0.000931 0.009042 1.625100 0.009579
0.000921 0.009042 1.625100 0.009579
0.000910 0.009042 1.625100 0.009579
0.000900 0.009042 1.625100 0.009579
0.000890 0.009042 1.625100 0.009579
0.000881 0.009042 1.625100 0.009579
0.000871 0.009041 1.625101 0.009579
0.000861 0.009041 1.625101 0.009578
0.000852 0.009041 1.625101 0.009578
0.000842 0.009041 1.625101 0.009578
0.000833 0.009041 1.625101 0.009578
0.000823 0.009041 1.625101 0.009578
0.000814 0.009040 1.625101 0.009578
0.000805 0.009040 1.625102 0.009578
0.000796 0.009040 1.625102 0.009578
0.000787 0.009040 1.625102 0.009578
0.000778 0.009040 1.625102 0.009577
0.000770 0.009040 1.625102 0.009577
0.000761 0.009040 1.625102 0.009577
0.000753 0.009039 1.625102 0.009577
0.000744 0.009039 1.625103 0.009577
0.000736 0.009039 1.625103 0.009577
0.000727 0.009039 1.625103 0.009577
0.000719 0.009039 1.625103 0.009577
0.000711 0.009039 1.625103 0.009577
0.000703 0.009038 1.625103 0.009577
0.000695 0.009038 1.625103 0.009576
0.000687 0.009038 1.625103 0.009576
0.000680 0.009038 1.625104 0.009576
0.000672 0.009038 1.625104 0.009576
0.000664 0.009038 1.625104 0.009576
0.000657 0.009038 1.625104 0.009576
0.000649 0.009038 1.625104 0.009576
0.000642 0.009037 1.625104 0.009576
0.000635 0.009037 1.625104 0.009576
0.000628 0.009037 1.625105 0.009576
0.000620 0.009037 1.625105 0.009575
0.000613 0.009037 1.625105 0.009575
0.000606 0.009037 1.625105 0.009575
0.000600 0.009037 1.625105 0.009575
0.000593 0.009036 1.625105 0.009575
0.000586 0.009036 1.625105 0.009575
0.000580 0.009036 1.625105 0.009575
0.000573 0.009036 1.625106 0.009575
0.000567 0.009036 1.625106 0.009575
0.000560 0.009036 1.625106 0.009575
0.000554 0.009036 1.625106 0.009575
0.000548 0.009036 1.625106 0.009574
0.000542 0.009035 1.625106 0.009574
0.000535 0.009035 1.625106 0.009574
0.000529 0.009035 1.625106 0.009574
0.000524 0.009035 1.625106 0.009574
0.000518 0.009035 1.625107 0.009574
0.000512 0.009035 1.625107 0.009574
0.000506 0.009035 1.625107 0.009574
0.000501 0.009035 1.625107 0.009574
0.000495 0.009034 1.625107 0.009574
0.000489 0.009034 1.625107 0.009574
0.000484 0.009034 1.625107 0.009573
0.000479 0.009034 1.625107 0.009573
0.000473 0.009034 1.625108 0.009573
0.000468 0.009034 1.625108 0.009573
0.000463 0.009034 1.625108 0.009573
0.000458 0.009034 1.625108 0.009573
0.000453 0.009034 1.625108 0.009573
0.000448 0.009033 1.625108 0.009573
0.000443 0.009033 1.625108 0.009573
0.000438 0.009033 1.625108 0.009573
0.000433 0.009033 1.625108 0.009573
0.000429 0.009033 1.625109 0.009573
0.000424 0.009033 1.625109 0.009572
0.000420 0.009033 1.625109 0.009572
0.000415 0.009033 1.625109 0.009572
0.000411 0.009033 1.625109 0.009572
0.000406 0.009032 1.625109 0.009572
0.000402 0.009032 1.625109 0.009572
0.000398 0.009032 1.625109 0.009572
0.000393 0.009032 1.625109 0.009572
0.000389 0.009032 1.625109 0.009572
0.000385 0.009032 1.625110 0.009572
0.000381 0.009032 1.625110 0.009572
0.000377 0.009032 1.625110 0.009572
0.000373 0.009032 1.625110 0.009572
0.000369 0.009032 1.625110 0.009572
0.000365 0.009032 1.625110 0.009571
0.000362 0.009031 1.625110 0.009571
0.000358 0.009031 1.625110 0.009571
0.000354 0.009031 1.625110 0.009571
0.000351 0.009031 1.625110 0.009571
0.000347 0.009031 1.625111 0.009571
0.000343 0.009031 1.625111 0.009571
0.000340 0.009031 1.625111 0.009571
0.000337 0.009031 1.625111 0.009571
0.000333 0.009031 1.625111 0.009571
0.000330 0.009031 1.625111 0.009571
0.000327 0.009031 1.625111 0.009571
0.000323 0.009030 1.625111 0.009571
0.000320 0.009030 1.625111 0.009571
0.000317 0.009030 1.625111 0.009570
0.000314 0.009030 1.625112 0.009570
0.000311 0.009030 1.625112 0.009570
0.000308 0.009030 1.625112 0.009570
0.000305 0.009030 1.625112 0.009570
0.000302 0.009030 1.625112 0.009570
0.000299 0.009030 1.625112 0.009570
0.000296 0.009030 1.625112 0.009570
0.000293 0.009030 1.625112 0.009570
0.000291 0.009030 1.625112 0.009570
0.000288 0.009029 1.625112 0.009570
0.000285 0.009029 1.625113 0.009570
0.000282 0.009029 1.625113 0.009570
0.000280 0.009029 1.625113 0.009570
0.000277 0.009029 1.625113 0.009570
0.000275 0.009029 1.625113 0.009570
0.000272 0.009029 1.625113 0.009569
0.000270 0.009029 1.625113 0.009569
0.000267 0.009029 1.625113 0.009569
0.000265 0.009029 1.625113 0.009569
0.000262 0.009029 1.625113 0.009569
0.000260 0.009029 1.625113 0.009569
0.000258 0.009029 1.625114 0.009569
0.000256 0.009028 1.625114 0.009569
0.000253 0.009028 1.625114 0.009569
0.000251 0.009028 1.625114 0.009569
0.000249 0.009028 1.625114 0.009569
0.000247 0.009028 1.625114 0.009569
0.000245 0.009028 1.625114 0.009569
0.000243 0.009028 1.625114 0.009569
0.000241 0.009028 1.625114 0.009569
0.000238 0.009028 1.625114 0.009569
0.000236 0.009028 1.625114 0.009569
0.000235 0.009028 1.625115 0.009569
0.000233 0.009028 1.625115 0.009569
0.000231 0.009028 1.625115 0.009568
0.000229 0.009028 1.625115 0.009568
0.000227 0.009028 1.625115 0.009568
0.000225 0.009028 1.625115 0.009568
0.000223 0.009027 1.625115 0.009568
0.000221 0.009027 1.625115 0.009568
0.000220 0.009027 1.625115 0.009568
0.000218 0.009027 1.625115 0.009568
0.000216 0.009027 1.625115 0.009568
0.000215 0.009027 1.625115 0.009568
0.000213 0.009027 1.625115 0.009568
0.000211 0.009027 1.625116 0.009568
0.000210 0.009027 1.625116 0.009568
0.000208 0.009027 1.625116 0.009568
0.000206 0.009027 1.625116 0.009568
0.000205 0.009027 1.625116 0.009568
0.000203 0.009027 1.625116 0.009568
0.000202 0.009027 1.625116 0.009568
0.000200 0.009027 1.625116 0.009568
0.000199 0.009027 1.625116 0.009568
0.000197 0.009027 1.625116 0.009568
0.000196 0.009026 1.625116 0.009567
0.000194 0.009026 1.625116 0.009567
0.000193 0.009026 1.625117 0.009567
0.000192 0.009026 1.625117 0.009567
0.000190 0.009026 1.625117 0.009567
0.000189 0.009026 1.625117 0.009567
0.000188 0.009026 1.625117 0.009567
0.000186 0.009026 1.625117 0.009567
0.000185 0.009026 1.625117 0.009567
0.000184 0.009026 1.625117 0.009567
0.000183 0.009026 1.625117 0.009567
0.000181 0.009026 1.625117 0.009567
0.000180 0.009026 1.625117 0.009567
0.000179 0.009026 1.625117 0.009567
0.000178 0.009026 1.625117 0.009567
0.000176 0.009026 1.625117 0.009567
0.000175 0.009026 1.625118 0.009567
0.000174 0.009026 1.625118 0.009567
0.000173 0.009026 1.625118 0.009567
0.000172 0.009026 1.625118 0.009567
0.000171 0.009026 1.625118 0.009567
0.000170 0.009025 1.625118 0.009567
0.000169 0.009025 1.625118 0.009567
0.000168 0.009025 1.625118 0.009567
0.000166 0.009025 1.625118 0.009567
0.000165 0.009025 1.625118 0.009566
0.000164 0.009025 1.625118 0.009566
0.000163 0.009025 1.625118 0.009566
0.000162 0.009025 1.625118 0.009566
0.000161 0.009025 1.625118 0.009566
0.000160 0.009025 1.625118 0.009566
0.000159 0.009025 1.625119 0.009566
0.000158 0.009025 1.625119 0.009566
0.000158 0.009025 1.625119 0.009566
0.000157 0.009025 1.625119 0.009566
0.000156 0.009025 1.625119 0.009566
0.000155 0.009025 1.625119 0.009566
0.000154 0.009025 1.625119 0.009566
0.000153 0.009025 1.625119 0.009566
0.000152 0.009025 1.625119 0.009566
0.000151 0.009025 1.625119 0.009566
0.000150 0.009025 1.625119 0.009566
0.000149 0.009025 1.625119 0.009566
0.000149 0.009025 1.625119 0.009566
0.000148 0.009024 1.625119 0.009566
0.000147 0.009024 1.625119 0.009566
0.000146 0.009024 1.625120 0.009566
0.000145 0.009024 1.625120 0.009566
0.000145 0.009024 1.625120 0.009566
0.000144 0.009024 1.625120 0.009566
0.000143 0.009024 1.625120 0.009566
0.000142 0.009024 1.625120 0.009566
0.000141 0.009024 1.625120 0.009566
0.000141 0.009024 1.625120 0.009565
0.000140 0.009024 1.625120 0.009565
0.000139 0.009024 1.625120 0.009565
0.000139 0.009024 1.625120 0.009565
0.000138 0.009024 1.625120 0.009565
0.000137 0.009024 1.625120 0.009565
0.000136 0.009024 1.625120 0.009565
0.000136 0.009024 1.625120 0.009565
0.000135 0.009024 1.625120 0.009565
0.000134 0.009024 1.625120 0.009565
0.000134 0.009024 1.625121 0.009565
0.000133 0.009024 1.625121 0.009565
0.000132 0.009024 1.625121 0.009565
0.000132 0.009024 1.625121 0.009565
0.000131 0.009024 1.625121 0.009565
0.000130 0.009024 1.625121 0.009565
0.000130 0.009024 1.625121 0.009565
0.000129 0.009024 1.625121 0.009565
0.000128 0.009023 1.625121 0.009565
0.000128 0.009023 1.625121 0.009565
0.000127 0.009023 1.625121 0.009565
0.000127 0.009023 1.625121 0.009565
0.000126 0.009023 1.625121 0.009565
0.000125 0.009023 1.625121 0.009565
0.000125 0.009023 1.625121 0.009565
0.000124 0.009023 1.625121 0.009565
0.000124 0.009023 1.625121 0.009565
0.000123 0.009023 1.625122 0.009565
0.000122 0.009023 1.625122 0.009565
0.000122 0.009023 1.625122 0.009565
0.000121 0.009023 1.625122 0.009565
0.000121 0.009023 1.625122 0.009565
0.000120 0.009023 1.625122 0.009564
0.000120 0.009023 1.625122 0.009564
0.000119 0.009023 1.625122 0.009564
0.000119 0.009023 1.625122 0.009564
0.000118 0.009023 1.625122 0.009564
0.000118 0.009023 1.625122 0.009564
0.000117 0.009023 1.625122 0.009564
0.000117 0.009023 1.625122 0.009564
0.000116 0.009023 1.625122 0.009564
0.000116 0.009023 1.625122 0.009564
0.000115 0.009023 1.625122 0.009564
0.000115 0.009023 1.625122 0.009564
0.000114 0.009023 1.625122 0.009564
0.000114 0.009023 1.625122 0.009564
0.000113 0.009023 1.625122 0.009564
0.000113 0.009023 1.625123 0.009564
0.000112 0.009023 1.625123 0.009564
0.000112 0.009023 1.625123 0.009564
0.000111 0.009023 1.625123 0.009564
0.000111 0.009022 1.625123 0.009564
0.000110 0.009022 1.625123 0.009564
0.000110 0.009022 1.625123 0.009564
0.000109 0.009022 1.625123 0.009564
0.000109 0.009022 1.625123 0.009564
0.000108 0.009022 1.625123 0.009564
0.000108 0.009022 1.625123 0.009564
0.000108 0.009022 1.625123 0.009564
0.000107 0.009022 1.625123 0.009564
0.000107 0.009022 1.625123 0.009564
0.000106 0.009022 1.625123 0.009564
0.000106 0.009022 1.625123 0.009564
0.000105 0.009022 1.625123 0.009564
0.000105 0.009022 1.625123 0.009564
0.000105 0.009022 1.625123 0.009564
0.000104 0.009022 1.625123 0.009564
0.000104 0.009022 1.625124 0.009564
0.000103 0.009022 1.625124 0.009564
0.000103 0.009022 1.625124 0.009564
0.000102 0.009022 1.625124 0.009564
0.000102 0.009022 1.625124 0.009563
0.000102 0.009022 1.625124 0.009563
0.000101 0.009022 1.625124 0.009563
0.000101 0.009022 1.625124 0.009563
0.000100 0.009022 1.625124 0.009563
0.000100 0.009022 1.625124 0.009563
0.000100 0.009022 1.625124 0.009563
0.000099 0.009022 1.625124 0.009563
0.000099 0.009022 1.625124 0.009563
0.000099 0.009022 1.625124 0.009563
0.000098 0.009022 1.625124 0.009563
0.000098 0.009022 1.625124 0.009563
0.000097 0.009022 1.625124 0.009563
0.000097 0.009022 1.625124 0.009563
0.000097 0.009022 1.625124 0.009563
0.000096 0.009022 1.625124 0.009563
0.000096 0.009022 1.625124 0.009563
0.000096 0.009022 1.625124 0.009563
0.000095 0.009022 1.625124 0.009563
0.000095 0.009022 1.625125 0.009563
0.000095 0.009021 1.625125 0.009563
0.000094 0.009021 1.625125 0.009563
0.000094 0.009021 1.625125 0.009563
0.000093 0.009021 1.625125 0.009563
0.000093 0.009021 1.625125 0.009563
0.000093 0.009021 1.625125 0.009563
0.000092 0.009021 1.625125 0.009563
0.000092 0.009021 1.625125 0.009563
0.000092 0.009021 1.625125 0.009563
0.000091 0.009021 1.625125 0.009563
0.000091 0.009021 1.625125 0.009563
0.000091 0.009021 1.625125 0.009563
0.000090 0.009021 1.625125 0.009563
0.000090 0.009021 1.625125 0.009563
0.000090 0.009021 1.625125 0.009563
0.000089 0.009021 1.625125 0.009563
0.000089 0.009021 1.625125 0.009563
0.000089 0.009021 1.625125 0.009563
0.000088 0.009021 1.625125 0.009563
0.000088 0.009021 1.625125 0.009563
0.000088 0.009021 1.625125 0.009563
0.000088 0.009021 1.625125 0.009563
0.000087 0.009021 1.625125 0.009563
0.000087 0.009021 1.625125 0.009563
0.000087 0.009021 1.625126 0.009563
0.000086 0.009021 1.625126 0.009563
0.000086 0.009021 1.625126 0.009563
0.000086 0.009021 1.625126 0.009562
0.000085 0.009021 1.625126 0.009562
0.000085 0.009021 1.625126 0.009562
0.000085 0.009021 1.625126 0.009562
0.000084 0.009021 1.625126 0.009562
0.000084 0.009021 1.625126 0.009562
0.000084 0.009021 1.625126 0.009562
0.000084 0.009021 1.625126 0.009562
0.000083 0.009021 1.625126 0.009562
0.000083 0.009021 1.625126 0.009562
0.000083 0.009021 1.625126 0.009562
0.000082 0.009021 1.625126 0.009562
0.000082 0.009021 1.625126 0.009562
0.000082 0.009021 1.625126 0.009562
0.000082 0.009021 1.625126 0.009562
0.000081 0.009021 1.625126 0.009562
0.000081 0.009021 1.625126 0.009562
0.000081 0.009021 1.625126 0.009562
0.000080 0.009021 1.625126 0.009562
0.000080 0.009021 1.625126 0.009562
0.000080 0.009021 1.625126 0.009562
0.000080 0.009021 1.625126 0.009562
0.000079 0.009021 1.625126 0.009562
0.000079 0.009020 1.625126 0.009562
0.000079 0.009020 1.625127 0.009562
0.000079 0.009020 1.625127 0.009562
0.000078 0.009020 1.625127 0.009562
0.000078 0.009020 1.625127 0.009562
0.000078 0.009020 1.625127 0.009562
0.000077 0.009020 1.625127 0.009562
0.000077 0.009020 1.625127 0.009562
0.000077 0.009020 1.625127 0.009562
0.000077 0.009020 1.625127 0.009562
0.000076 0.009020 1.625127 0.009562
0.000076 0.009020 1.625127 0.009562
0.000076 0.009020 1.625127 0.009562
0.000076 0.009020 1.625127 0.009562
0.000075 0.009020 1.625127 0.009562
0.000075 0.009020 1.625127 0.009562
0.000075 0.009020 1.625127 0.009562
0.000075 0.009020 1.625127 0.009562
0.000074 0.009020 1.625127 0.009562
0.000074 0.009020 1.625127 0.009562
0.000074 0.009020 1.625127 0.009562
0.000074 0.009020 1.625127 0.009562
0.000073 0.009020 1.625127 0.009562
0.000073 0.009020 1.625127 0.009562
0.000073 0.009020 1.625127 0.009562
0.000073 0.009020 1.625127 0.009562
0.000072 0.009020 1.625127 0.009562
0.000072 0.009020 1.625127 0.009562
0.000072 0.009020 1.625127 0.009562
0.000072 0.009020 1.625127 0.009562
0.000071 0.009020 1.625127 0.009562
0.000071 0.009020 1.625128 0.009562
0.000071 0.009020 1.625128 0.009562
0.000071 0.009020 1.625128 0.009562
0.000070 0.009020 1.625128 0.009562
0.000070 0.009020 1.625128 0.009562
0.000070 0.009020 1.625128 0.009562
0.000070 0.009020 1.625128 0.009561
0.000069 0.009020 1.625128 0.009561
0.000069 0.009020 1.625128 0.009561
0.000069 0.009020 1.625128 0.009561
0.000069 0.009020 1.625128 0.009561
0.000069 0.009020 1.625128 0.009561
0.000068 0.009020 1.625128 0.009561
0.000068 0.009020 1.625128 0.009561
0.000068 0.009020 1.625128 0.009561
0.000068 0.009020 1.625128 0.009561
0.000067 0.009020 1.625128 0.009561
0.000067 0.009020 1.625128 0.009561
0.000067 0.009020 1.625128 0.009561
0.000067 0.009020 1.625128 0.009561
0.000066 0.009020 1.625128 0.009561
0.000066 0.009020 1.625128 0.009561
0.000066 0.009020 1.625128 0.009561
0.000066 0.009020 1.625128 0.009561
0.000066 0.009020 1.625128 0.009561
0.000065 0.009020 1.625128 0.009561
0.000065 0.009020 1.625128 0.009561
0.000065 0.009020 1.625128 0.009561
0.000065 0.009020 1.625128 0.009561
0.000065 0.009020 1.625128 0.009561
0.000064 0.009020 1.625128 0.009561
0.000064 0.009020 1.625128 0.009561
0.000064 0.009020 1.625128 0.009561
0.000064 0.009020 1.625129 0.009561
0.000063 0.009020 1.625129 0.009561
0.000063 0.009020 1.625129 0.009561
0.000063 0.009020 1.625129 0.009561
0.000063 0.009019 1.625129 0.009561
0.000063 0.009019 1.625129 0.009561
0.000062 0.009019 1.625129 0.009561
0.000062 0.009019 1.625129 0.009561
0.000062 0.009019 1.625129 0.009561
0.000062 0.009019 1.625129 0.009561
0.000062 0.009019 1.625129 0.009561
0.000061 0.009019 1.625129 0.009561
0.000061 0.009019 1.625129 0.009561
0.000061 0.009019 1.625129 0.009561
0.000061 0.009019 1.625129 0.009561
0.000061 0.009019 1.625129 0.009561
0.000060 0.009019 1.625129 0.009561
0.000060 0.009019 1.625129 0.009561
0.000060 0.009019 1.625129 0.009561
0.000060 0.009019 1.625129 0.009561
0.000060 0.009019 1.625129 0.009561
0.000059 0.009019 1.625129 0.009561
0.000059 0.009019 1.625129 0.009561
0.000059 0.009019 1.625129 0.009561
0.000059 0.009019 1.625129 0.009561
0.000059 0.009019 1.625129 0.009561
0.000058 0.009019 1.625129 0.009561
0.000058 0.009019 1.625129 0.009561
0.000058 0.009019 1.625129 0.009561
0.000058 0.009019 1.625129 0.009561
0.000058 0.009019 1.625129 0.009561
0.000057 0.009019 1.625129 0.009561
0.000057 0.009019 1.625129 0.009561
0.000057 0.009019 1.625129 0.009561
0.000057 0.009019 1.625129 0.009561
0.000057 0.009019 1.625129 0.009561
0.000056 0.009019 1.625129 0.009561
0.000056 0.009019 1.625129 0.009561
0.000056 0.009019 1.625130 0.009561
0.000056 0.009019 1.625130 0.009561
0.000056 0.009019 1.625130 0.009561
0.000056 0.009019 1.625130 0.009561
0.000055 0.009019 1.625130 0.009561
0.000055 0.009019 1.625130 0.009561
0.000055 0.009019 1.625130 0.009561
0.000055 0.009019 1.625130 0.009561
0.000055 0.009019 1.625130 0.009561
0.000054 0.009019 1.625130 0.009561
0.000054 0.009019 1.625130 0.009561
0.000054 0.009019 1.625130 0.009561
0.000054 0.009019 1.625130 0.009561
0.000054 0.009019 1.625130 0.009560
0.000054 0.009019 1.625130 0.009560
0.000053 0.009019 1.625130 0.009560
0.000053 0.009019 1.625130 0.009560
0.000053 0.009019 1.625130 0.009560
0.000053 0.009019 1.625130 0.009560
0.000053 0.009019 1.625130 0.009560
0.000053 0.009019 1.625130 0.009560
0.000052 0.009019 1.625130 0.009560
0.000052 0.009019 1.625130 0.009560
0.000052 0.009019 1.625130 0.009560
0.000052 0.009019 1.625130 0.009560
0.000052 0.009019 1.625130 0.009560
0.000051 0.009019 1.625130 0.009560
0.000051 0.009019 1.625130 0.009560
0.000051 0.009019 1.625130 0.009560
0.000051 0.009019 1.625130 0.009560
0.000051 0.009019 1.625130 0.009560
0.000051 0.009019 1.625130 0.009560
0.000050 0.009019 1.625130 0.009560
0.000050 0.009019 1.625130 0.009560
0.000050 0.009019 1.625130 0.009560
0.000050 0.009019 1.625130 0.009560
0.000050 0.009019 1.625130 0.009560
0.000050 0.009019 1.625130 0.009560
0.000049 0.009019 1.625130 0.009560
0.000049 0.009019 1.625130 0.009560
0.000049 0.009019 1.625130 0.009560
0.000049 0.009019 1.625130 0.009560
0.000049 0.009019 1.625130 0.009560
0.000049 0.009019 1.625130 0.009560
0.000049 0.009019 1.625131 0.009560
0.000048 0.009019 1.625131 0.009560
0.000048 0.009019 1.625131 0.009560
0.000048 0.009019 1.625131 0.009560
0.000048 0.009019 1.625131 0.009560
0.000048 0.009019 1.625131 0.009560
0.000048 0.009019 1.625131 0.009560
0.000047 0.009019 1.625131 0.009560
0.000047 0.009019 1.625131 0.009560
0.000047 0.009019 1.625131 0.009560
0.000047 0.009019 1.625131 0.009560
0.000047 0.009019 1.625131 0.009560
0.000047 0.009019 1.625131 0.009560
0.000046 0.009019 1.625131 0.009560
0.000046 0.009019 1.625131 0.009560
0.000046 0.009019 1.625131 0.009560
0.000046 0.009019 1.625131 0.009560
0.000046 0.009018 1.625131 0.009560
0.000046 0.009018 1.625131 0.009560
0.000046 0.009018 1.625131 0.009560
0.000045 0.009018 1.625131 0.009560
0.000045 0.009018 1.625131 0.009560
0.000045 0.009018 1.625131 0.009560
0.000045 0.009018 1.625131 0.009560
0.000045 0.009018 1.625131 0.009560
0.000045 0.009018 1.625131 0.009560
0.000045 0.009018 1.625131 0.009560
0.000044 0.009018 1.625131 0.009560
0.000044 0.009018 1.625131 0.009560
0.000044 0.009018 1.625131 0.009560
0.000044 0.009018 1.625131 0.009560
0.000044 0.009018 1.625131 0.009560
0.000044 0.009018 1.625131 0.009560
0.000044 0.009018 1.625131 0.009560
0.000043 0.009018 1.625131 0.009560
0.000043 0.009018 1.625131 0.009560
0.000043 0.009018 1.625131 0.009560
0.000043 0.009018 1.625131 0.009560
0.000043 0.009018 1.625131 0.009560
0.000043 0.009018 1.625131 0.009560
0.000043 0.009018 1.625131 0.009560
0.000042 0.009018 1.625131 0.009560
0.000042 0.009018 1.625131 0.009560
0.000042 0.009018 1.625131 0.009560
0.000042 0.009018 1.625131 0.009560
0.000042 0.009018 1.625131 0.009560
0.000042 0.009018 1.625131 0.009560
0.000042 0.009018 1.625131 0.009560
0.000041 0.009018 1.625131 0.009560
0.000041 0.009018 1.625131 0.009560
0.000041 0.009018 1.625131 0.009560
0.000041 0.009018 1.625132 0.009560
0.000041 0.009018 1.625132 0.009560
0.000041 0.009018 1.625132 0.009560
0.000041 0.009018 1.625132 0.009560
0.000040 0.009018 1.625132 0.009560
0.000040 0.009018 1.625132 0.009560
0.000040 0.009018 1.625132 0.009560
0.000040 0.009018 1.625132 0.009560
0.000040 0.009018 1.625132 0.009560
0.000040 0.009018 1.625132 0.009560
0.000040 0.009018 1.625132 0.009560
0.000040 0.009018 1.625132 0.009560
0.000039 0.009018 1.625132 0.009560
0.000039 0.009018 1.625132 0.009560
0.000039 0.009018 1.625132 0.009560
0.000039 0.009018 1.625132 0.009560
0.000039 0.009018 1.625132 0.009560
0.000039 0.009018 1.625132 0.009560
0.000039 0.009018 1.625132 0.009560
0.000039 0.009018 1.625132 0.009560
0.000038 0.009018 1.625132 0.009560
0.000038 0.009018 1.625132 0.009560
0.000038 0.009018 1.625132 0.009560
0.000038 0.009018 1.625132 0.009560
0.000038 0.009018 1.625132 0.009560
0.000038 0.009018 1.625132 0.009560
0.000038 0.009018 1.625132 0.009560
0.000038 0.009018 1.625132 0.009560
0.000037 0.009018 1.625132 0.009559
0.000037 0.009018 1.625132 0.009559
0.000037 0.009018 1.625132 0.009559
0.000037 0.009018 1.625132 0.009559
0.000037 0.009018 1.625132 0.009559
0.000037 0.009018 1.625132 0.009559
0.000037 0.009018 1.625132 0.009559
0.000037 0.009018 1.625132 0.009559
0.000036 0.009018 1.625132 0.009559
0.000036 0.009018 1.625132 0.009559
0.000036 0.009018 1.625132 0.009559
0.000036 0.009018 1.625132 0.009559
0.000036 0.009018 1.625132 0.009559
0.000036 0.009018 1.625132 0.009559
0.000036 0.009018 1.625132 0.009559
0.000036 0.009018 1.625132 0.009559
0.000035 0.009018 1.625132 0.009559
0.000035 0.009018 1.625132 0.009559
0.000035 0.009018 1.625132 0.009559
0.000035 0.009018 1.625132 0.009559
0.000035 0.009018 1.625132 0.009559
0.000035 0.009018 1.625132 0.009559
0.000035 0.009018 1.625132 0.009559
0.000035 0.009018 1.625132 0.009559
0.000035 0.009018 1.625132 0.009559
0.000034 0.009018 1.625132 0.009559
0.000034 0.009018 1.625132 0.009559
0.000034 0.009018 1.625132 0.009559
0.000034 0.009018 1.625132 0.009559
0.000034 0.009018 1.625132 0.009559
0.000034 0.009018 1.625132 0.009559
0.000034 0.009018 1.625132 0.009559
0.000034 0.009018 1.625132 0.009559
0.000034 0.009018 1.625132 0.009559
0.000033 0.009018 1.625133 0.009559
0.000033 0.009018 1.625133 0.009559
0.000033 0.009018 1.625133 0.009559
0.000033 0.009018 1.625133 0.009559
0.000033 0.009018 1.625133 0.009559
0.000033 0.009018 1.625133 0.009559
0.000033 0.009018 1.625133 0.009559
0.000033 0.009018 1.625133 0.009559
0.000033 0.009018 1.625133 0.009559
0.000032 0.009018 1.625133 0.009559
0.000032 0.009018 1.625133 0.009559
0.000032 0.009018 1.625133 0.009559
0.000032 0.009018 1.625133 0.009559
0.000032 0.009018 1.625133 0.009559
0.000032 0.009018 1.625133 0.009559
0.000032 0.009018 1.625133 0.009559
0.000032 0.009018 1.625133 0.009559
0.000032 0.009018 1.625133 0.009559
0.000032 0.009018 1.625133 0.009559
0.000031 0.009018 1.625133 0.009559
0.000031 0.009018 1.625133 0.009559
0.000031 0.009018 1.625133 0.009559
0.000031 0.009018 1.625133 0.009559
0.000031 0.009018 1.625133 0.009559
0.000031 0.009018 1.625133 0.009559
0.000031 0.009018 1.625133 0.009559
0.000031 0.009018 1.625133 0.009559
0.000031 0.009018 1.625133 0.009559
0.000030 0.009018 1.625133 0.009559
0.000030 0.009018 1.625133 0.009559
0.000030 0.009018 1.625133 0.009559
0.000030 0.009018 1.625133 0.009559
0.000030 0.009018 1.625133 0.009559
0.000030 0.009018 1.625133 0.009559
0.000030 0.009018 1.625133 0.009559
0.000030 0.009018 1.625133 0.009559
0.000030 0.009018 1.625133 0.009559
0.000030 0.009018 1.625133 0.009559
0.000030 0.009018 1.625133 0.009559
0.000029 0.009018 1.625133 0.009559
0.000029 0.009018 1.625133 0.009559
0.000029 0.009018 1.625133 0.009559
0.000029 0.009018 1.625133 0.009559
0.000029 0.009018 1.625133 0.009559
0.000029 0.009018 1.625133 0.009559
0.000029 0.009018 1.625133 0.009559
0.000029 0.009018 1.625133 0.009559
0.000029 0.009018 1.625133 0.009559
0.000029 0.009018 1.625133 0.009559
0.000028 0.009018 1.625133 0.009559
0.000028 0.009018 1.625133 0.009559
0.000028 0.009018 1.625133 0.009559
0.000028 0.009018 1.625133 0.009559
0.000028 0.009018 1.625133 0.009559
0.000028 0.009018 1.625133 0.009559
0.000028 0.009018 1.625133 0.009559
0.000028 0.009017 1.625133 0.009559
0.000028 0.009017 1.625133 0.009559
0.000028 0.009017 1.625133 0.009559
0.000028 0.009017 1.625133 0.009559
0.000027 0.009017 1.625133 0.009559
0.000027 0.009017 1.625133 0.009559
0.000027 0.009017 1.625133 0.009559
0.000027 0.009017 1.625133 0.009559
0.000027 0.009017 1.625133 0.009559
0.000027 0.009017 1.625133 0.009559
0.000027 0.009017 1.625133 0.009559
0.000027 0.009017 1.625133 0.009559
0.000027 0.009017 1.625133 0.009559
0.000027 0.009017 1.625133 0.009559
0.000027 0.009017 1.625133 0.009559
0.000026 0.009017 1.625133 0.009559
0.000026 0.009017 1.625133 0.009559
0.000026 0.009017 1.625133 0.009559
0.000026 0.009017 1.625133 0.009559
0.000026 0.009017 1.625133 0.009559
0.000026 0.009017 1.625133 0.009559
0.000026 0.009017 1.625133 0.009559
0.000026 0.009017 1.625133 0.009559
0.000026 0.009017 1.625134 0.009559
0.000026 0.009017 1.625134 0.009559
0.000026 0.009017 1.625134 0.009559
0.000026 0.009017 1.625134 0.009559
0.000025 0.009017 1.625134 0.009559
0.000025 0.009017 1.625134 0.009559
0.000025 0.009017 1.625134 0.009559
0.000025 0.009017 1.625134 0.009559
0.000025 0.009017 1.625134 0.009559
0.000025 0.009017 1.625134 0.009559
0.000025 0.009017 1.625134 0.009559
0.000025 0.009017 1.625134 0.009559
0.000025 0.009017 1.625134 0.009559
0.000025 0.009017 1.625134 0.009559
0.000025 0.009017 1.625134 0.009559
0.000025 0.009017 1.625134 0.009559
0.000024 0.009017 1.625134 0.009559
0.000024 0.009017 1.625134 0.009559
0.000024 0.009017 1.625134 0.009559
0.000024 0.009017 1.625134 0.009559
0.000024 0.009017 1.625134 0.009559
0.000024 0.009017 1.625134 0.009559
0.000024 0.009017 1.625134 0.009559
0.000024 0.009017 1.625134 0.009559
0.000024 0.009017 1.625134 0.009559
0.000024 0.009017 1.625134 0.009559
0.000024 0.009017 1.625134 0.009559
0.000024 0.009017 1.625134 0.009559
0.000024 0.009017 1.625134 0.009559
0.000023 0.009017 1.625134 0.009559
0.000023 0.009017 1.625134 0.009559
0.000023 0.009017 1.625134 0.009559
0.000023 0.009017 1.625134 0.009559
0.000023 0.009017 1.625134 0.009559
0.000023 0.009017 1.625134 0.009559
0.000023 0.009017 1.625134 0.009559
0.000023 0.009017 1.625134 0.009559
0.000023 0.009017 1.625134 0.009559
0.000023 0.009017 1.625134 0.009559
0.000023 0.009017 1.625134 0.009559
0.000023 0.009017 1.625134 0.009559
0.000023 0.009017 1.625134 0.009559
0.000022 0.009017 1.625134 0.009559
0.000022 0.009017 1.625134 0.009559
0.000022 0.009017 1.625134 0.009559
0.000022 0.009017 1.625134 0.009559
0.000022 0.009017 1.625134 0.009559
0.000022 0.009017 1.625134 0.009559
0.000022 0.009017 1.625134 0.009559
0.000022 0.009017 1.625134 0.009559
0.000022 0.009017 1.625134 0.009559
0.000022 0.009017 1.625134 0.009559
0.000022 0.009017 1.625134 0.009559
0.000022 0.009017 1.625134 0.009559
0.000022 0.009017 1.625134 0.009559
0.000022 0.009017 1.625134 0.009559
0.000021 0.009017 1.625134 0.009559
0.000021 0.009017 1.625134 0.009559
0.000021 0.009017 1.625134 0.009559
0.000021 0.009017 1.625134 0.009559
0.000021 0.009017 1.625134 0.009559
0.000021 0.009017 1.625134 0.009559
0.000021 0.009017 1.625134 0.009559
0.000021 0.009017 1.625134 0.009559
0.000021 0.009017 1.625134 0.009559
0.000021 0.009017 1.625134 0.009559
0.000021 0.009017 1.625134 0.009559
0.000021 0.009017 1.625134 0.009559
0.000021 0.009017 1.625134 0.009559
0.000021 0.009017 1.625134 0.009558
0.000020 0.009017 1.625134 0.009558
0.000020 0.009017 1.625134 0.009558
0.000020 0.009017 1.625134 0.009558
0.000020 0.009017 1.625134 0.009558
0.000020 0.009017 1.625134 0.009558
0.000020 0.009017 1.625134 0.009558
0.000020 0.009017 1.625134 0.009558
0.000020 0.009017 1.625134 0.009558
0.000020 0.009017 1.625134 0.009558
0.000020 0.009017 1.625134 0.009558
0.000020 0.009017 1.625134 0.009558
0.000020 0.009017 1.625134 0.009558
0.000020 0.009017 1.625134 0.009558
0.000020 0.009017 1.625134 0.009558
0.000020 0.009017 1.625134 0.009558
0.000019 0.009017 1.625134 0.009558
0.000019 0.009017 1.625134 0.009558
0.000019 0.009017 1.625134 0.009558
0.000019 0.009017 1.625134 0.009558
0.000019 0.009017 1.625134 0.009558
0.000019 0.009017 1.625134 0.009558
0.000019 0.009017 1.625134 0.009558
0.000019 0.009017 1.625134 0.009558
0.000019 0.009017 1.625134 0.009558
0.000019 0.009017 1.625134 0.009558
0.000019 0.009017 1.625134 0.009558
0.000019 0.009017 1.625134 0.009558
0.000019 0.009017 1.625134 0.009558
0.000019 0.009017 1.625134 0.009558
0.000019 0.009017 1.625134 0.009558
0.000019 0.009017 1.625134 0.009558
0.000018 0.009017 1.625134 0.009558
0.000018 0.009017 1.625134 0.009558
0.000018 0.009017 1.625134 0.009558
0.000018 0.009017 1.625134 0.009558
0.000018 0.009017 1.625134 0.009558
0.000018 0.009017 1.625134 0.009558
0.000018 0.009017 1.625135 0.009558
0.000018 0.009017 1.625135 0.009558
0.000018 0.009017 1.625135 0.009558
0.000018 0.009017 1.625135 0.009558
0.000018 0.009017 1.625135 0.009558
0.000018 0.009017 1.625135 0.009558
0.000018 0.009017 1.625135 0.009558
0.000018 0.009017 1.625135 0.009558
0.000018 0.009017 1.625135 0.009558
0.000018 0.009017 1.625135 0.009558
0.000018 0.009017 1.625135 0.009558
0.000017 0.009017 1.625135 0.009558
0.000017 0.009017 1.625135 0.009558
0.000017 0.009017 1.625135 0.009558
0.000017 0.009017 1.625135 0.009558
0.000017 0.009017 1.625135 0.009558
0.000017 0.009017 1.625135 0.009558
0.000017 0.009017 1.625135 0.009558
0.000017 0.009017 1.625135 0.009558
0.000017 0.009017 1.625135 0.009558
0.000017 0.009017 1.625135 0.009558
0.000017 0.009017 1.625135 0.009558
0.000017 0.009017 1.625135 0.009558
0.000017 0.009017 1.625135 0.009558
0.000017 0.009017 1.625135 0.009558
0.000017 0.009017 1.625135 0.009558
0.000017 0.009017 1.625135 0.009558
0.000017 0.009017 1.625135 0.009558
0.000017 0.009017 1.625135 0.009558
0.000016 0.009017 1.625135 0.009558
0.000016 0.009017 1.625135 0.009558
0.000016 0.009017 1.625135 0.009558
0.000016 0.009017 1.625135 0.009558
0.000016 0.009017 1.625135 0.009558
0.000016 0.009017 1.625135 0.009558
0.000016 0.009017 1.625135 0.009558
0.000016 0.009017 1.625135 0.009558
0.000016 0.009017 1.625135 0.009558
0.000016 0.009017 1.625135 0.009558
0.000016 0.009017 1.625135 0.009558
0.000016 0.009017 1.625135 0.009558
0.000016 0.009017 1.625135 0.009558
0.000016 0.009017 1.625135 0.009558
0.000016 0.009017 1.625135 0.009558
0.000016 0.009017 1.625135 0.009558
0.000016 0.009017 1.625135 0.009558
0.000016 0.009017 1.625135 0.009558
0.000016 0.009017 1.625135 0.009558
0.000015 0.009017 1.625135 0.009558
0.000015 0.009017 1.625135 0.009558
0.000015 0.009017 1.625135 0.009558
0.000015 0.009017 1.625135 0.009558
0.000015 0.009017 1.625135 0.009558
0.000015 0.009017 1.625135 0.009558
0.000015 0.009017 1.625135 0.009558
0.000015 0.009017 1.625135 0.009558
0.000015 0.009017 1.625135 0.009558
0.000015 0.009017 1.625135 0.009558
0.000015 0.009017 1.625135 0.009558
0.000015 0.009017 1.625135 0.009558
0.000015 0.009017 1.625135 0.009558
0.000015 0.009017 1.625135 0.009558
0.000015 0.009017 1.625135 0.009558
0.000015 0.009017 1.625135 0.009558
0.000015 0.009017 1.625135 0.009558
0.000015 0.009017 1.625135 0.009558
0.000015 0.009017 1.625135 0.009558
0.000015 0.009017 1.625135 0.009558
0.000014 0.009017 1.625135 0.009558
0.000014 0.009017 1.625135 0.009558
0.000014 0.009017 1.625135 0.009558
0.000014 0.009017 1.625135 0.009558
0.000014 0.009017 1.625135 0.009558
0.000014 0.009017 1.625135 0.009558
0.000014 0.009017 1.625135 0.009558
0.000014 0.009017 1.625135 0.009558
0.000014 0.009017 1.625135 0.009558
0.000014 0.009017 1.625135 0.009558
0.000014 0.009017 1.625135 0.009558
0.000014 0.009017 1.625135 0.009558
0.000014 0.009017 1.625135 0.009558
0.000014 0.009017 1.625135 0.009558
0.000014 0.009017 1.625135 0.009558
0.000014 0.009017 1.625135 0.009558
0.000014 0.009017 1.625135 0.009558
0.000014 0.009017 1.625135 0.009558
0.000014 0.009017 1.625135 0.009558
0.000014 0.009017 1.625135 0.009558
0.000014 0.009017 1.625135 0.009558
0.000014 0.009017 1.625135 0.009558
0.000013 0.009017 1.625135 0.009558
0.000013 0.009017 1.625135 0.009558
0.000013 0.009017 1.625135 0.009558
0.000013 0.009017 1.625135 0.009558
0.000013 0.009017 1.625135 0.009558
0.000013 0.009017 1.625135 0.009558
0.000013 0.009017 1.625135 0.009558
0.000013 0.009017 1.625135 0.009558
0.000013 0.009017 1.625135 0.009558
0.000013 0.009017 1.625135 0.009558
0.000013 0.009017 1.625135 0.009558
0.000013 0.009017 1.625135 0.009558
0.000013 0.009017 1.625135 0.009558
0.000013 0.009017 1.625135 0.009558
0.000013 0.009017 1.625135 0.009558
0.000013 0.009017 1.625135 0.009558
0.000013 0.009017 1.625135 0.009558
0.000013 0.009017 1.625135 0.009558
0.000013 0.009017 1.625135 0.009558
0.000013 0.009017 1.625135 0.009558
0.000013 0.009017 1.625135 0.009558
0.000013 0.009017 1.625135 0.009558
0.000013 0.009017 1.625135 0.009558
0.000013 0.009017 1.625135 0.009558
0.000012 0.009017 1.625135 0.009558
0.000012 0.009017 1.625135 0.009558
0.000012 0.009017 1.625135 0.009558
0.000012 0.009017 1.625135 0.009558
0.000012 0.009017 1.625135 0.009558
0.000012 0.009017 1.625135 0.009558
0.000012 0.009017 1.625135 0.009558
0.000012 0.009017 1.625135 0.009558
0.000012 0.009017 1.625135 0.009558
0.000012 0.009017 1.625135 0.009558
0.000012 0.009017 1.625135 0.009558
0.000012 0.009017 1.625135 0.009558
0.000012 0.009017 1.625135 0.009558
0.000012 0.009017 1.625135 0.009558
0.000012 0.009017 1.625135 0.009558
0.000012 0.009017 1.625135 0.009558
0.000012 0.009017 1.625135 0.009558
0.000012 0.009017 1.625135 0.009558
0.000012 0.009017 1.625135 0.009558
0.000012 0.009017 1.625135 0.009558
0.000012 0.009017 1.625135 0.009558
0.000012 0.009017 1.625135 0.009558
0.000012 0.009017 1.625135 0.009558
0.000012 0.009017 1.625135 0.009558
0.000012 0.009017 1.625135 0.009558
0.000011 0.009017 1.625135 0.009558
0.000011 0.009017 1.625135 0.009558
0.000011 0.009017 1.625135 0.009558
0.000011 0.009017 1.625135 0.009558
0.000011 0.009017 1.625135 0.009558
0.000011 0.009017 1.625135 0.009558
0.000011 0.009017 1.625135 0.009558
0.000011 0.009017 1.625135 0.009558
0.000011 0.009017 1.625135 0.009558
0.000011 0.009017 1.625135 0.009558
0.000011 0.009017 1.625135 0.009558
0.000011 0.009017 1.625135 0.009558
0.000011 0.009017 1.625135 0.009558
0.000011 0.009017 1.625135 0.009558
0.000011 0.009017 1.625135 0.009558
0.000011 0.009017 1.625135 0.009558
0.000011 0.009017 1.625135 0.009558
0.000011 0.009017 1.625135 0.009558
0.000011 0.009017 1.625135 0.009558
0.000011 0.009017 1.625135 0.009558
0.000011 0.009017 1.625135 0.009558
0.000011 0.009017 1.625135 0.009558
0.000011 0.009017 1.625135 0.009558
0.000011 0.009017 1.625135 0.009558
0.000011 0.009017 1.625135 0.009558
0.000011 0.009017 1.625135 0.009558
0.000011 0.009017 1.625135 0.009558
0.000010 0.009017 1.625136 0.009558
0.000010 0.009017 1.625136 0.009558
0.000010 0.009017 1.625136 0.009558
0.000010 0.009017 1.625136 0.009558
0.000010 0.009017 1.625136 0.009558
0.000010 0.009017 1.625136 0.009558
0.000010 0.009017 1.625136 0.009558
0.000010 0.009017 1.625136 0.009558
0.000010 0.009017 1.625136 0.009558
0.000010 0.009017 1.625136 0.009558
0.000010 0.009017 1.625136 0.009558
0.000010 0.009017 1.625136 0.009558
0.000010 0.009017 1.625136 0.009558
0.000010 0.009017 1.625136 0.009558
0.000010 0.009017 1.625136 0.009558
0.000010 0.009017 1.625136 0.009558
