34.385111 -0.000684 0.023264 -0.000092
28.719360 -0.000884 0.039835 -0.000272
24.142384 -0.001002 0.052687 -0.000309
20.855451 -0.001033 0.062958 -0.000314
19.259092 -0.000991 0.071267 -0.000327
18.171407 -0.000908 0.077969 -0.000336
17.571840 -0.000793 0.083169 -0.000320
17.085177 -0.000667 0.086955 -0.000273
16.577742 -0.000542 0.089459 -0.000214
16.031652 -0.000444 0.090857 -0.000166
15.463810 -0.000378 0.091355 -0.000138
14.891192 -0.000337 0.091143 -0.000126
14.317724 -0.000310 0.090387 -0.000122
13.743740 -0.000297 0.089237 -0.000123
13.193464 -0.000299 0.087833 -0.000133
12.689851 -0.000318 0.086293 -0.000151
12.247318 -0.000351 0.084707 -0.000175
11.868473 -0.000394 0.083140 -0.000205
11.540066 -0.000438 0.081628 -0.000235
11.240520 -0.000477 0.080193 -0.000262
10.946584 -0.000504 0.078848 -0.000283
10.642597 -0.000516 0.077600 -0.000294
10.316210 -0.000512 0.076450 -0.000298
9.957298 -0.000492 0.075416 -0.000292
9.561479 -0.000434 0.074610 -0.000264
9.144235 -0.000269 0.074450 -0.000166
8.725456 0.000198 0.076098 0.000138
8.329218 0.001415 0.082093 0.000953
7.968697 0.004157 0.096626 0.002815
7.647254 0.009298 0.125157 0.006343
7.364021 0.017653 0.174438 0.012122
7.116618 0.029906 0.252401 0.020614
6.903304 0.046471 0.367193 0.032051
6.722352 0.067157 0.526018 0.046414
6.569408 0.091424 0.733153 0.063287
6.437429 0.117833 0.989272 0.081661
6.318250 0.143867 1.291084 0.099862
6.207400 0.166128 1.630883 0.115598
6.098608 0.180906 1.998515 0.126463
5.989013 0.185538 2.383372 0.130781
5.876120 0.178072 2.773761 0.127309
5.756344 0.159495 3.155990 0.116157
5.630068 0.131286 3.514628 0.098486
5.504257 0.095315 3.836335 0.075577
5.378282 0.054716 4.110650 0.049410
5.251465 0.012840 4.330987 0.022001
5.115433 -0.027336 4.495338 -0.004616
4.960332 -0.063125 4.605781 -0.028663
4.782802 -0.092679 4.666913 -0.048869
4.588001 -0.115816 4.683963 -0.064316
4.381375 -0.131803 4.662277 -0.074874
4.168765 -0.140760 4.608339 -0.080805
3.959609 -0.143297 4.529644 -0.082566
3.754138 -0.140366 4.433934 -0.080825
3.538801 -0.133193 4.328926 -0.076409
3.318921 -0.123366 4.222086 -0.070371
3.112712 -0.112170 4.118721 -0.063552
2.915496 -0.100352 4.021004 -0.056442
2.741912 -0.088390 3.928560 -0.049325
2.593762 -0.076697 3.839421 -0.042453
2.470229 -0.065843 3.750567 -0.036159
2.364792 -0.056444 3.658665 -0.030805
2.287732 -0.048957 3.560914 -0.026682
2.249232 -0.043695 3.455365 -0.023994
2.243166 -0.040782 3.340949 -0.022803
2.251461 -0.040146 3.217205 -0.023036
2.259452 -0.041558 3.084359 -0.024544
2.254140 -0.044846 2.943629 -0.027195
2.239202 -0.049677 2.797788 -0.030760
2.213256 -0.055572 2.650646 -0.034916
2.196532 -0.061933 2.506259 -0.039267
2.199942 -0.068119 2.367896 -0.043399
2.201672 -0.073342 2.237619 -0.046794
2.208300 -0.076879 2.116548 -0.048987
2.218485 -0.078238 2.004924 -0.049669
2.216884 -0.077264 1.902343 -0.048768
2.203299 -0.074070 1.808302 -0.046393
2.181820 -0.068857 1.722494 -0.042702
2.151458 -0.062005 1.644790 -0.037976
2.132681 -0.053941 1.575134 -0.032519
2.122187 -0.045114 1.513452 -0.026642
2.112184 -0.035947 1.459635 -0.020631
2.092906 -0.026822 1.413506 -0.014733
2.069110 -0.018024 1.374825 -0.009126
2.032760 -0.009767 1.343147 -0.003936
1.983554 -0.002195 1.317834 0.000757
1.934902 0.004625 1.298130 0.004926
1.897142 0.010685 1.283280 0.008580
1.868378 0.016017 1.272657 0.011754
1.841869 0.020671 1.265794 0.014492
1.817164 0.024688 1.262368 0.016829
1.798407 0.028113 1.262123 0.018801
1.786002 0.030977 1.264780 0.020436
1.777226 0.033292 1.269961 0.021745
1.768291 0.035055 1.277195 0.022729
1.755850 0.036261 1.285972 0.023384
1.737509 0.036910 1.295821 0.023713
1.717162 0.037022 1.306355 0.023726
1.695601 0.036638 1.317293 0.023447
1.673025 0.035819 1.328451 0.022913
1.649067 0.034641 1.339709 0.022170
1.623691 0.033196 1.350998 0.021276
1.597375 0.031588 1.362283 0.020294
1.570553 0.029908 1.373546 0.019279
1.541448 0.028227 1.384777 0.018276
1.512757 0.026604 1.395972 0.017322
1.485011 0.025084 1.407127 0.016442
1.457100 0.023695 1.418229 0.015653
1.427536 0.022450 1.429256 0.014962
1.396201 0.021355 1.440174 0.014368
1.363034 0.020402 1.450942 0.013864
1.327503 0.019580 1.461523 0.013441
1.291083 0.018872 1.471888 0.013084
1.251472 0.018258 1.482021 0.012780
1.207756 0.017720 1.491921 0.012513
1.160752 0.017236 1.501593 0.012271
1.111246 0.016788 1.511044 0.012040
1.059953 0.016354 1.520262 0.011807
1.007525 0.015916 1.529202 0.011559
0.954639 0.015455 1.537780 0.011285
0.901747 0.014955 1.545889 0.010976
0.849334 0.014403 1.553416 0.010624
0.798028 0.013789 1.560275 0.010223
0.748481 0.013106 1.566414 0.009770
0.701347 0.012352 1.571831 0.009265
0.656869 0.011530 1.576572 0.008712
0.615321 0.010647 1.580717 0.008117
0.577327 0.009713 1.584369 0.007488
0.543120 0.008744 1.587634 0.006835
0.512409 0.007756 1.590609 0.006172
0.484932 0.006764 1.593378 0.005509
0.460527 0.005788 1.596008 0.004859
0.439019 0.004843 1.598550 0.004233
0.420251 0.003942 1.601044 0.003640
0.403952 0.003093 1.603514 0.003086
0.390088 0.002305 1.605970 0.002576
0.378099 0.001585 1.608411 0.002114
0.367258 0.000938 1.610822 0.001703
0.357280 0.000370 1.613174 0.001347
0.347900 -0.000111 1.615430 0.001050
0.338937 -0.000498 1.617546 0.000816
0.329991 -0.000782 1.619481 0.000649
0.320879 -0.000961 1.621196 0.000553
0.311595 -0.001031 1.622663 0.000527
0.302149 -0.000995 1.623863 0.000570
0.292544 -0.000856 1.624785 0.000680
0.282798 -0.000619 1.625416 0.000854
0.272978 -0.000290 1.625741 0.001086
0.263079 0.000121 1.625752 0.001372
0.253096 0.000602 1.625451 0.001704
0.243190 0.001141 1.624854 0.002074
0.233424 0.001724 1.623989 0.002472
0.223659 0.002337 1.622897 0.002890
0.213950 0.002965 1.621623 0.003320
0.204435 0.003597 1.620211 0.003752
0.195246 0.004222 1.618707 0.004181
0.186660 0.004832 1.617150 0.004601
0.178753 0.005417 1.615570 0.005007
0.171256 0.005974 1.613991 0.005395
0.164089 0.006496 1.612428 0.005761
0.157319 0.006983 1.610893 0.006106
0.151019 0.007436 1.609396 0.006429
0.145246 0.007857 1.607939 0.006732
0.140038 0.008246 1.606510 0.007016
0.135415 0.008604 1.605091 0.007280
0.131358 0.008930 1.603659 0.007524
0.127806 0.009224 1.602200 0.007747
0.124794 0.009486 1.600708 0.007950
0.122252 0.009717 1.599189 0.008132
0.120108 0.009920 1.597655 0.008296
0.118302 0.010099 1.596128 0.008444
0.116782 0.010257 1.594629 0.008578
0.115507 0.010399 1.593180 0.008700
0.114440 0.010529 1.591801 0.008814
0.113541 0.010649 1.590508 0.008921
0.112785 0.010761 1.589313 0.009022
0.112149 0.010869 1.588224 0.009119
0.111615 0.010971 1.587244 0.009211
0.111166 0.011067 1.586376 0.009299
0.110784 0.011159 1.585615 0.009382
0.110459 0.011243 1.584960 0.009459
0.110178 0.011320 1.584404 0.009530
0.109933 0.011387 1.583941 0.009594
0.109716 0.011445 1.583565 0.009649
0.109521 0.011491 1.583268 0.009696
0.109343 0.011525 1.583045 0.009734
0.109181 0.011547 1.582889 0.009762
0.109033 0.011556 1.582794 0.009781
0.108898 0.011552 1.582754 0.009790
0.108772 0.011537 1.582764 0.009791
0.108655 0.011507 1.582816 0.009782
0.108544 0.011463 1.582903 0.009761
0.108445 0.011404 1.583028 0.009730
0.108358 0.011334 1.583187 0.009691
0.108284 0.011252 1.583379 0.009644
0.108225 0.011158 1.583600 0.009589
0.108179 0.011055 1.583847 0.009527
0.108145 0.010943 1.584118 0.009460
0.108124 0.010823 1.584410 0.009387
0.108093 0.010695 1.584720 0.009309
0.108056 0.010561 1.585047 0.009226
0.108036 0.010422 1.585387 0.009141
0.108028 0.010277 1.585738 0.009052
0.108066 0.010129 1.586099 0.008960
0.108121 0.009977 1.586467 0.008867
0.108176 0.009822 1.586841 0.008771
0.108225 0.009664 1.587220 0.008675
0.108266 0.009506 1.587601 0.008577
0.108297 0.009348 1.587983 0.008481
0.108313 0.009189 1.588366 0.008384
0.108331 0.009031 1.588748 0.008288
0.108351 0.008874 1.589127 0.008192
0.108342 0.008718 1.589504 0.008097
0.108298 0.008564 1.589878 0.008004
0.108222 0.008412 1.590247 0.007912
0.108127 0.008264 1.590611 0.007823
0.108008 0.008119 1.590970 0.007736
0.107849 0.007977 1.591323 0.007651
0.107711 0.007839 1.591671 0.007569
0.107972 0.007705 1.592013 0.007490
0.108115 0.007575 1.592348 0.007413
0.107916 0.007447 1.592676 0.007339
0.107355 0.007322 1.592999 0.007266
0.106557 0.007199 1.593314 0.007194
0.105630 0.007077 1.593624 0.007124
0.104648 0.006957 1.593928 0.007055
0.103660 0.006838 1.594224 0.006986
0.102697 0.006722 1.594503 0.006921
0.101769 0.006609 1.594762 0.006858
0.100870 0.006501 1.594995 0.006798
0.099998 0.006398 1.595195 0.006741
0.099144 0.006302 1.595359 0.006689
0.098307 0.006215 1.595484 0.006642
0.097482 0.006138 1.595574 0.006601
0.096670 0.006067 1.595630 0.006564
0.095867 0.005999 1.595660 0.006527
0.095069 0.005935 1.595667 0.006492
0.094270 0.005878 1.595655 0.006461
0.093465 0.005828 1.595629 0.006433
0.092652 0.005785 1.595593 0.006410
0.092086 0.005748 1.595552 0.006391
0.091908 0.005717 1.595509 0.006376
0.091559 0.005691 1.595466 0.006364
0.090912 0.005669 1.595427 0.006355
0.090048 0.005650 1.595394 0.006348
0.089034 0.005634 1.595367 0.006344
0.087919 0.005619 1.595348 0.006340
0.086754 0.005615 1.595341 0.006345
0.085557 0.005617 1.595344 0.006355
0.084348 0.005624 1.595358 0.006370
0.083146 0.005634 1.595383 0.006387
0.081966 0.005646 1.595419 0.006405
0.080765 0.005658 1.595464 0.006424
0.079642 0.005670 1.595519 0.006443
0.078576 0.005679 1.595581 0.006460
0.077538 0.005684 1.595649 0.006474
0.076518 0.005686 1.595724 0.006487
0.075514 0.005684 1.595805 0.006496
0.074538 0.005678 1.595893 0.006502
0.073608 0.005667 1.595989 0.006504
0.072725 0.005653 1.596093 0.006504
0.071882 0.005635 1.596208 0.006501
0.071077 0.005614 1.596333 0.006495
0.070312 0.005590 1.596469 0.006487
0.069647 0.005563 1.596616 0.006476
0.069077 0.005534 1.596774 0.006463
0.068474 0.005503 1.596943 0.006448
0.067822 0.005470 1.597123 0.006431
0.067144 0.005436 1.597312 0.006412
0.066468 0.005399 1.597511 0.006391
0.065809 0.005362 1.597719 0.006369
0.065174 0.005323 1.597936 0.006345
0.064561 0.005283 1.598161 0.006320
0.063968 0.005242 1.598394 0.006294
0.063391 0.005201 1.598632 0.006266
0.062826 0.005159 1.598876 0.006238
0.062268 0.005116 1.599124 0.006209
0.061715 0.005072 1.599377 0.006179
0.061163 0.005028 1.599633 0.006149
0.060611 0.004984 1.599892 0.006118
0.060057 0.004940 1.600154 0.006087
0.059499 0.004895 1.600417 0.006056
0.058937 0.004850 1.600682 0.006024
0.058370 0.004805 1.600948 0.005992
0.057799 0.004759 1.601216 0.005960
0.057223 0.004714 1.601485 0.005928
0.056644 0.004669 1.601755 0.005896
0.056063 0.004624 1.602023 0.005864
0.055481 0.004579 1.602291 0.005832
0.054899 0.004534 1.602556 0.005800
0.054318 0.004489 1.602820 0.005768
0.053740 0.004444 1.603080 0.005736
0.053167 0.004400 1.603338 0.005705
0.052599 0.004355 1.603592 0.005673
0.052034 0.004311 1.603843 0.005642
0.051475 0.004267 1.604089 0.005611
0.050919 0.004223 1.604332 0.005580
0.050368 0.004180 1.604570 0.005550
0.049821 0.004137 1.604804 0.005519
0.049277 0.004094 1.605033 0.005489
0.048736 0.004051 1.605257 0.005459
0.048198 0.004008 1.605477 0.005429
0.047663 0.003966 1.605692 0.005400
0.047130 0.003925 1.605902 0.005371
0.046600 0.003883 1.606108 0.005342
0.046071 0.003842 1.606309 0.005313
0.045545 0.003801 1.606504 0.005285
0.045022 0.003761 1.606695 0.005257
0.044501 0.003721 1.606880 0.005230
0.043984 0.003681 1.607061 0.005202
0.043468 0.003642 1.607236 0.005176
0.042956 0.003603 1.607407 0.005149
0.042446 0.003565 1.607574 0.005123
0.041987 0.003527 1.607736 0.005097
0.041559 0.003490 1.607894 0.005072
0.041119 0.003453 1.608048 0.005046
0.040626 0.003416 1.608197 0.005022
0.040085 0.003380 1.608342 0.004997
0.039518 0.003345 1.608484 0.004974
0.038944 0.003310 1.608622 0.004950
0.038374 0.003275 1.608755 0.004927
0.037813 0.003240 1.608877 0.004904
0.037261 0.003206 1.608983 0.004881
0.036720 0.003171 1.609065 0.004858
0.036190 0.003136 1.609118 0.004835
0.035668 0.003101 1.609141 0.004812
0.035155 0.003066 1.609136 0.004789
0.034650 0.003031 1.609106 0.004766
0.034151 0.002995 1.609057 0.004743
0.033658 0.002960 1.608994 0.004721
0.033172 0.002926 1.608923 0.004698
0.032691 0.002892 1.608849 0.004676
0.032215 0.002859 1.608775 0.004655
0.031746 0.002827 1.608705 0.004634
0.031284 0.002796 1.608641 0.004614
0.030828 0.002766 1.608585 0.004595
0.030380 0.002737 1.608536 0.004577
0.029939 0.002709 1.608496 0.004560
0.029507 0.002683 1.608463 0.004543
0.029082 0.002658 1.608438 0.004528
0.028665 0.002634 1.608419 0.004513
0.028256 0.002611 1.608406 0.004499
0.027855 0.002589 1.608398 0.004485
0.027462 0.002568 1.608393 0.004473
0.027076 0.002548 1.608392 0.004461
0.026697 0.002529 1.608394 0.004449
0.026326 0.002511 1.608397 0.004438
0.025962 0.002493 1.608402 0.004427
0.025604 0.002475 1.608409 0.004417
0.025253 0.002458 1.608416 0.004407
0.024908 0.002442 1.608424 0.004397
0.024570 0.002425 1.608433 0.004388
0.024238 0.002409 1.608442 0.004378
0.023911 0.002393 1.608452 0.004369
0.023591 0.002377 1.608462 0.004359
0.023277 0.002361 1.608472 0.004350
0.022969 0.002345 1.608482 0.004340
0.022667 0.002329 1.608492 0.004330
0.022372 0.002312 1.608503 0.004321
0.022082 0.002296 1.608513 0.004311
0.021799 0.002279 1.608522 0.004300
0.021522 0.002262 1.608532 0.004290
0.021251 0.002245 1.608541 0.004280
0.020987 0.002227 1.608550 0.004269
0.020731 0.002210 1.608558 0.004258
0.020480 0.002192 1.608566 0.004248
0.020235 0.002174 1.608573 0.004237
0.019995 0.002155 1.608580 0.004226
0.019761 0.002137 1.608586 0.004214
0.019532 0.002119 1.608592 0.004203
0.019308 0.002100 1.608597 0.004191
0.019089 0.002081 1.608602 0.004180
0.018873 0.002062 1.608606 0.004168
0.018660 0.002043 1.608610 0.004157
0.018451 0.002024 1.608614 0.004145
0.018244 0.002005 1.608617 0.004133
0.018038 0.001986 1.608620 0.004122
0.017835 0.001967 1.608624 0.004110
0.017632 0.001948 1.608627 0.004098
0.017430 0.001930 1.608629 0.004087
0.017228 0.001911 1.608632 0.004075
0.017025 0.001892 1.608635 0.004064
0.016822 0.001874 1.608638 0.004052
0.016618 0.001856 1.608641 0.004041
0.016414 0.001837 1.608644 0.004030
0.016208 0.001819 1.608648 0.004019
0.016002 0.001802 1.608651 0.004008
0.015794 0.001784 1.608654 0.003997
0.015586 0.001767 1.608658 0.003986
0.015378 0.001750 1.608662 0.003975
0.015169 0.001733 1.608665 0.003965
0.014961 0.001716 1.608669 0.003954
0.014753 0.001699 1.608673 0.003944
0.014546 0.001683 1.608677 0.003934
0.014341 0.001667 1.608682 0.003924
0.014137 0.001651 1.608686 0.003914
0.013935 0.001635 1.608691 0.003904
0.013735 0.001619 1.608695 0.003895
0.013538 0.001604 1.608700 0.003885
0.013344 0.001589 1.608705 0.003876
0.013153 0.001574 1.608709 0.003867
0.012965 0.001559 1.608714 0.003857
0.012781 0.001544 1.608719 0.003848
0.012600 0.001529 1.608724 0.003839
0.012424 0.001515 1.608729 0.003830
0.012251 0.001501 1.608733 0.003821
0.012083 0.001487 1.608738 0.003813
0.011918 0.001473 1.608743 0.003804
0.011757 0.001459 1.608748 0.003796
0.011601 0.001445 1.608752 0.003787
0.011450 0.001431 1.608757 0.003779
0.011307 0.001418 1.608762 0.003770
0.011166 0.001405 1.608766 0.003762
0.011027 0.001392 1.608771 0.003754
0.010888 0.001379 1.608775 0.003746
0.010752 0.001366 1.608779 0.003738
0.010617 0.001353 1.608784 0.003730
0.010486 0.001340 1.608788 0.003723
0.010357 0.001328 1.608792 0.003715
0.010232 0.001315 1.608796 0.003707
0.010110 0.001303 1.608800 0.003700
0.009990 0.001291 1.608803 0.003692
0.009873 0.001279 1.608807 0.003685
0.009759 0.001267 1.608810 0.003677
0.009646 0.001255 1.608814 0.003670
0.009536 0.001243 1.608817 0.003663
0.009428 0.001232 1.608820 0.003656
0.009322 0.001220 1.608824 0.003649
0.009217 0.001209 1.608827 0.003642
0.009114 0.001198 1.608830 0.003635
0.009012 0.001187 1.608832 0.003628
0.008912 0.001176 1.608835 0.003622
0.008813 0.001166 1.608838 0.003615
0.008715 0.001155 1.608840 0.003608
0.008619 0.001145 1.608843 0.003602
0.008524 0.001134 1.608845 0.003596
0.008430 0.001124 1.608848 0.003589
0.008338 0.001114 1.608850 0.003583
0.008246 0.001104 1.608852 0.003577
0.008156 0.001094 1.608854 0.003571
0.008066 0.001085 1.608856 0.003565
0.007978 0.001075 1.608858 0.003559
0.007890 0.001066 1.608860 0.003553
0.007804 0.001056 1.608862 0.003547
0.007718 0.001047 1.608864 0.003541
0.007633 0.001038 1.608866 0.003535
0.007550 0.001029 1.608868 0.003530
0.007467 0.001020 1.608870 0.003524
0.007385 0.001011 1.608871 0.003519
0.007304 0.001002 1.608873 0.003513
0.007224 0.000994 1.608875 0.003508
0.007145 0.000985 1.608876 0.003503
0.007066 0.000977 1.608878 0.003497
0.006989 0.000968 1.608880 0.003492
0.006913 0.000960 1.608881 0.003487
0.006837 0.000952 1.608883 0.003482
0.006763 0.000944 1.608884 0.003477
0.006689 0.000936 1.608886 0.003472
0.006616 0.000928 1.608887 0.003467
0.006544 0.000920 1.608889 0.003463
0.006472 0.000913 1.608890 0.003458
0.006401 0.000905 1.608892 0.003453
0.006331 0.000897 1.608893 0.003448
0.006262 0.000890 1.608894 0.003444
0.006193 0.000883 1.608896 0.003439
0.006125 0.000875 1.608897 0.003435
0.006058 0.000868 1.608898 0.003430
0.005992 0.000861 1.608900 0.003426
0.005926 0.000854 1.608901 0.003422
0.005861 0.000847 1.608902 0.003417
0.005797 0.000840 1.608904 0.003413
0.005733 0.000833 1.608905 0.003409
0.005670 0.000826 1.608906 0.003405
0.005608 0.000820 1.608907 0.003400
0.005547 0.000813 1.608908 0.003396
0.005486 0.000806 1.608910 0.003392
0.005426 0.000800 1.608911 0.003388
0.005367 0.000793 1.608912 0.003384
0.005308 0.000787 1.608913 0.003381
0.005250 0.000781 1.608914 0.003377
0.005193 0.000775 1.608915 0.003373
0.005136 0.000769 1.608916 0.003369
0.005080 0.000762 1.608917 0.003365
0.005025 0.000756 1.608918 0.003362
0.004970 0.000750 1.608919 0.003358
0.004916 0.000745 1.608920 0.003355
0.004862 0.000739 1.608921 0.003351
0.004809 0.000733 1.608922 0.003347
0.004757 0.000727 1.608923 0.003344
0.004705 0.000722 1.608924 0.003341
0.004653 0.000716 1.608925 0.003337
0.004603 0.000711 1.608926 0.003334
0.004552 0.000705 1.608927 0.003331
0.004503 0.000700 1.608928 0.003327
0.004454 0.000695 1.608929 0.003324
0.004405 0.000689 1.608929 0.003321
0.004357 0.000684 1.608930 0.003318
0.004310 0.000679 1.608931 0.003314
0.004263 0.000674 1.608932 0.003311
0.004216 0.000669 1.608933 0.003308
0.004170 0.000664 1.608933 0.003305
0.004125 0.000659 1.608934 0.003302
0.004080 0.000654 1.608935 0.003299
0.004035 0.000649 1.608935 0.003296
0.003991 0.000645 1.608936 0.003294
0.003948 0.000640 1.608937 0.003291
0.003905 0.000635 1.608937 0.003288
0.003862 0.000631 1.608938 0.003285
0.003820 0.000626 1.608939 0.003282
0.003779 0.000622 1.608939 0.003280
0.003737 0.000617 1.608940 0.003277
0.003697 0.000613 1.608940 0.003274
0.003656 0.000608 1.608941 0.003272
0.003617 0.000604 1.608942 0.003269
0.003577 0.000600 1.608942 0.003266
0.003538 0.000596 1.608943 0.003264
0.003500 0.000592 1.608943 0.003261
0.003462 0.000587 1.608944 0.003259
0.003424 0.000583 1.608944 0.003256
0.003387 0.000579 1.608944 0.003254
0.003349 0.000575 1.608945 0.003252
0.003312 0.000571 1.608945 0.003249
0.003276 0.000568 1.608946 0.003247
0.003240 0.000564 1.608946 0.003244
0.003205 0.000560 1.608946 0.003242
0.003170 0.000556 1.608946 0.003240
0.003135 0.000552 1.608945 0.003237
0.003101 0.000548 1.608945 0.003235
0.003068 0.000544 1.608945 0.003232
0.003035 0.000539 1.608944 0.003230
0.003002 0.000535 1.608943 0.003227
0.002969 0.000531 1.608943 0.003225
0.002937 0.000527 1.608942 0.003222
0.002906 0.000523 1.608942 0.003220
0.002874 0.000519 1.608941 0.003217
0.002844 0.000516 1.608941 0.003215
0.002813 0.000512 1.608941 0.003213
0.002783 0.000508 1.608941 0.003211
0.002753 0.000504 1.608941 0.003208
0.002723 0.000501 1.608941 0.003206
0.002694 0.000497 1.608941 0.003204
0.002665 0.000494 1.608941 0.003202
0.002636 0.000490 1.608941 0.003200
0.002608 0.000487 1.608941 0.003198
0.002580 0.000484 1.608941 0.003196
0.002553 0.000480 1.608942 0.003194
0.002525 0.000477 1.608942 0.003192
0.002498 0.000474 1.608942 0.003190
0.002471 0.000471 1.608943 0.003188
0.002445 0.000468 1.608943 0.003186
0.002419 0.000465 1.608943 0.003184
0.002393 0.000462 1.608944 0.003182
0.002367 0.000459 1.608944 0.003181
0.002342 0.000456 1.608944 0.003179
0.002317 0.000453 1.608945 0.003177
0.002292 0.000450 1.608945 0.003175
0.002267 0.000447 1.608946 0.003174
0.002243 0.000445 1.608946 0.003172
0.002219 0.000442 1.608946 0.003171
0.002195 0.000439 1.608946 0.003169
0.002172 0.000437 1.608947 0.003167
0.002149 0.000434 1.608947 0.003166
0.002126 0.000432 1.608947 0.003164
0.002103 0.000429 1.608947 0.003163
0.002080 0.000427 1.608947 0.003161
0.002058 0.000424 1.608947 0.003160
0.002036 0.000422 1.608948 0.003159
0.002014 0.000420 1.608948 0.003157
0.001993 0.000417 1.608948 0.003156
0.001971 0.000415 1.608948 0.003155
0.001950 0.000413 1.608948 0.003153
0.001930 0.000411 1.608948 0.003152
0.001909 0.000409 1.608948 0.003151
0.001889 0.000407 1.608948 0.003149
0.001869 0.000404 1.608948 0.003148
0.001849 0.000402 1.608948 0.003147
0.001829 0.000400 1.608947 0.003146
0.001810 0.000398 1.608947 0.003144
0.001791 0.000396 1.608947 0.003143
0.001772 0.000394 1.608947 0.003142
0.001753 0.000392 1.608947 0.003141
0.001735 0.000390 1.608947 0.003140
0.001717 0.000388 1.608947 0.003139
0.001698 0.000387 1.608947 0.003137
0.001681 0.000385 1.608947 0.003136
0.001663 0.000383 1.608946 0.003135
0.001646 0.000381 1.608946 0.003134
0.001628 0.000379 1.608946 0.003133
0.001611 0.000377 1.608946 0.003132
0.001594 0.000376 1.608946 0.003131
0.001577 0.000374 1.608946 0.003130
0.001561 0.000372 1.608946 0.003129
0.001544 0.000370 1.608946 0.003128
0.001528 0.000369 1.608946 0.003127
0.001512 0.000367 1.608946 0.003126
0.001496 0.000365 1.608945 0.003125
0.001480 0.000364 1.608945 0.003124
0.001464 0.000362 1.608945 0.003123
0.001449 0.000360 1.608945 0.003122
0.001433 0.000359 1.608945 0.003121
0.001418 0.000357 1.608945 0.003120
0.001402 0.000356 1.608945 0.003119
0.001387 0.000354 1.608945 0.003118
0.001372 0.000353 1.608945 0.003117
0.001358 0.000351 1.608945 0.003116
0.001343 0.000350 1.608945 0.003115
0.001329 0.000348 1.608945 0.003114
0.001314 0.000347 1.608945 0.003114
0.001300 0.000345 1.608945 0.003113
0.001286 0.000344 1.608945 0.003112
0.001272 0.000342 1.608945 0.003111
0.001258 0.000341 1.608946 0.003110
0.001245 0.000339 1.608946 0.003109
0.001231 0.000338 1.608946 0.003108
0.001218 0.000337 1.608946 0.003108
0.001205 0.000335 1.608946 0.003107
0.001192 0.000334 1.608946 0.003106
0.001179 0.000333 1.608946 0.003105
0.001166 0.000331 1.608946 0.003104
0.001154 0.000330 1.608946 0.003104
0.001141 0.000329 1.608946 0.003103
0.001129 0.000327 1.608946 0.003102
0.001117 0.000326 1.608946 0.003101
0.001105 0.000325 1.608946 0.003101
0.001093 0.000324 1.608946 0.003100
0.001081 0.000322 1.608946 0.003099
0.001070 0.000321 1.608946 0.003098
0.001058 0.000320 1.608946 0.003098
0.001047 0.000319 1.608946 0.003097
0.001036 0.000318 1.608947 0.003096
0.001025 0.000316 1.608947 0.003095
0.001014 0.000315 1.608947 0.003095
0.001003 0.000314 1.608947 0.003094
0.000992 0.000313 1.608947 0.003093
0.000982 0.000312 1.608947 0.003093
0.000971 0.000311 1.608947 0.003092
0.000961 0.000310 1.608947 0.003091
0.000950 0.000309 1.608947 0.003091
0.000940 0.000308 1.608947 0.003090
0.000930 0.000306 1.608947 0.003090
0.000920 0.000305 1.608947 0.003089
0.000911 0.000304 1.608947 0.003088
0.000901 0.000303 1.608947 0.003088
0.000891 0.000302 1.608947 0.003087
0.000882 0.000301 1.608947 0.003087
0.000873 0.000300 1.608947 0.003086
0.000863 0.000299 1.608947 0.003085
0.000854 0.000299 1.608947 0.003085
0.000845 0.000298 1.608947 0.003084
0.000836 0.000297 1.608947 0.003084
0.000827 0.000296 1.608947 0.003083
0.000818 0.000295 1.608947 0.003083
0.000810 0.000294 1.608947 0.003082
0.000801 0.000293 1.608947 0.003081
0.000793 0.000292 1.608947 0.003081
0.000784 0.000291 1.608947 0.003080
0.000776 0.000290 1.608947 0.003080
0.000768 0.000290 1.608947 0.003079
0.000760 0.000289 1.608947 0.003079
0.000751 0.000288 1.608947 0.003078
0.000743 0.000287 1.608947 0.003078
0.000736 0.000286 1.608947 0.003077
0.000728 0.000285 1.608947 0.003077
0.000720 0.000285 1.608947 0.003076
0.000712 0.000284 1.608947 0.003076
0.000705 0.000283 1.608947 0.003076
0.000697 0.000282 1.608947 0.003075
0.000690 0.000281 1.608947 0.003075
0.000683 0.000281 1.608947 0.003074
0.000675 0.000280 1.608947 0.003074
0.000668 0.000279 1.608947 0.003073
0.000661 0.000279 1.608947 0.003073
0.000654 0.000278 1.608947 0.003072
0.000647 0.000277 1.608947 0.003072
0.000640 0.000276 1.608947 0.003072
0.000634 0.000276 1.608947 0.003071
0.000627 0.000275 1.608947 0.003071
0.000620 0.000274 1.608947 0.003070
0.000614 0.000274 1.608947 0.003070
0.000607 0.000273 1.608947 0.003070
0.000601 0.000272 1.608947 0.003069
0.000594 0.000272 1.608947 0.003069
0.000588 0.000271 1.608947 0.003068
0.000582 0.000270 1.608947 0.003068
0.000576 0.000270 1.608947 0.003068
0.000569 0.000269 1.608947 0.003067
0.000563 0.000269 1.608947 0.003067
0.000557 0.000268 1.608947 0.003067
0.000552 0.000267 1.608947 0.003066
0.000546 0.000267 1.608947 0.003066
0.000540 0.000266 1.608947 0.003065
0.000534 0.000266 1.608947 0.003065
0.000528 0.000265 1.608947 0.003065
0.000523 0.000264 1.608947 0.003064
0.000517 0.000264 1.608947 0.003064
0.000512 0.000263 1.608947 0.003064
0.000506 0.000263 1.608947 0.003063
0.000501 0.000262 1.608947 0.003063
0.000496 0.000262 1.608947 0.003063
0.000490 0.000261 1.608947 0.003062
0.000485 0.000261 1.608947 0.003062
0.000480 0.000260 1.608947 0.003062
0.000475 0.000260 1.608947 0.003061
0.000470 0.000259 1.608947 0.003061
0.000465 0.000259 1.608947 0.003061
0.000460 0.000258 1.608947 0.003061
0.000455 0.000258 1.608947 0.003060
0.000450 0.000257 1.608947 0.003060
0.000446 0.000257 1.608947 0.003060
0.000441 0.000256 1.608947 0.003059
0.000436 0.000256 1.608947 0.003059
0.000432 0.000255 1.608947 0.003059
0.000427 0.000255 1.608947 0.003059
0.000422 0.000254 1.608947 0.003058
0.000418 0.000254 1.608947 0.003058
0.000414 0.000253 1.608947 0.003058
0.000409 0.000253 1.608947 0.003058
0.000405 0.000252 1.608947 0.003057
0.000401 0.000252 1.608947 0.003057
0.000396 0.000252 1.608947 0.003057
0.000392 0.000251 1.608947 0.003056
0.000388 0.000251 1.608947 0.003056
0.000384 0.000250 1.608947 0.003056
0.000380 0.000250 1.608947 0.003056
0.000376 0.000250 1.608947 0.003056
0.000372 0.000249 1.608947 0.003055
0.000368 0.000249 1.608947 0.003055
0.000364 0.000248 1.608947 0.003055
0.000360 0.000248 1.608947 0.003055
0.000356 0.000248 1.608947 0.003054
0.000353 0.000247 1.608947 0.003054
0.000349 0.000247 1.608947 0.003054
0.000345 0.000246 1.608947 0.003054
0.000341 0.000246 1.608947 0.003053
0.000338 0.000246 1.608947 0.003053
0.000334 0.000245 1.608947 0.003053
0.000331 0.000245 1.608947 0.003053
0.000327 0.000245 1.608947 0.003053
0.000324 0.000244 1.608947 0.003052
0.000320 0.000244 1.608947 0.003052
0.000317 0.000244 1.608947 0.003052
0.000314 0.000243 1.608947 0.003052
0.000310 0.000243 1.608947 0.003052
0.000307 0.000243 1.608947 0.003051
0.000304 0.000242 1.608947 0.003051
0.000301 0.000242 1.608947 0.003051
0.000297 0.000242 1.608947 0.003051
0.000294 0.000241 1.608947 0.003051
0.000291 0.000241 1.608947 0.003050
0.000288 0.000241 1.608947 0.003050
0.000285 0.000240 1.608947 0.003050
0.000282 0.000240 1.608947 0.003050
0.000279 0.000240 1.608947 0.003050
0.000276 0.000240 1.608947 0.003050
0.000273 0.000239 1.608947 0.003049
0.000270 0.000239 1.608947 0.003049
0.000267 0.000239 1.608947 0.003049
0.000264 0.000238 1.608947 0.003049
0.000262 0.000238 1.608947 0.003049
0.000259 0.000238 1.608947 0.003049
0.000256 0.000238 1.608947 0.003048
0.000253 0.000237 1.608947 0.003048
0.000251 0.000237 1.608947 0.003048
0.000248 0.000237 1.608947 0.003048
0.000246 0.000237 1.608947 0.003048
0.000243 0.000236 1.608947 0.003048
0.000240 0.000236 1.608947 0.003047
0.000238 0.000236 1.608946 0.003047
0.000235 0.000236 1.608946 0.003047
0.000233 0.000235 1.608946 0.003047
0.000230 0.000235 1.608946 0.003047
0.000228 0.000235 1.608946 0.003047
0.000225 0.000235 1.608946 0.003047
0.000223 0.000234 1.608946 0.003046
0.000221 0.000234 1.608946 0.003046
0.000218 0.000234 1.608946 0.003046
0.000216 0.000234 1.608946 0.003046
0.000214 0.000233 1.608946 0.003046
0.000212 0.000233 1.608946 0.003046
0.000209 0.000233 1.608946 0.003046
0.000207 0.000233 1.608946 0.003045
0.000205 0.000233 1.608946 0.003045
0.000203 0.000232 1.608946 0.003045
0.000201 0.000232 1.608946 0.003045
0.000198 0.000232 1.608946 0.003045
0.000196 0.000232 1.608946 0.003045
0.000194 0.000231 1.608946 0.003045
0.000192 0.000231 1.608946 0.003045
0.000190 0.000231 1.608946 0.003044
0.000188 0.000231 1.608946 0.003044
0.000186 0.000231 1.608946 0.003044
0.000184 0.000230 1.608946 0.003044
0.000182 0.000230 1.608946 0.003044
0.000180 0.000230 1.608946 0.003044
0.000178 0.000230 1.608946 0.003044
0.000177 0.000230 1.608946 0.003044
0.000175 0.000230 1.608946 0.003044
0.000173 0.000229 1.608946 0.003043
0.000171 0.000229 1.608946 0.003043
0.000169 0.000229 1.608946 0.003043
0.000167 0.000229 1.608946 0.003043
0.000166 0.000229 1.608946 0.003043
0.000164 0.000228 1.608946 0.003043
0.000162 0.000228 1.608946 0.003043
0.000160 0.000228 1.608946 0.003043
0.000159 0.000228 1.608946 0.003043
0.000157 0.000228 1.608946 0.003042
0.000155 0.000228 1.608946 0.003042
0.000154 0.000227 1.608946 0.003042
0.000152 0.000227 1.608946 0.003042
0.000150 0.000227 1.608946 0.003042
0.000149 0.000227 1.608946 0.003042
0.000147 0.000227 1.608946 0.003042
0.000146 0.000227 1.608946 0.003042
0.000144 0.000227 1.608946 0.003042
0.000143 0.000226 1.608946 0.003042
0.000141 0.000226 1.608946 0.003042
0.000140 0.000226 1.608946 0.003041
0.000138 0.000226 1.608946 0.003041
0.000137 0.000226 1.608946 0.003041
0.000135 0.000226 1.608946 0.003041
0.000134 0.000226 1.608946 0.003041
0.000132 0.000225 1.608946 0.003041
0.000131 0.000225 1.608946 0.003041
0.000130 0.000225 1.608946 0.003041
0.000128 0.000225 1.608946 0.003041
0.000127 0.000225 1.608946 0.003041
0.000126 0.000225 1.608946 0.003041
0.000124 0.000225 1.608946 0.003041
0.000123 0.000224 1.608946 0.003040
0.000122 0.000224 1.608946 0.003040
0.000120 0.000224 1.608946 0.003040
0.000119 0.000224 1.608946 0.003040
0.000118 0.000224 1.608946 0.003040
0.000117 0.000224 1.608946 0.003040
0.000115 0.000224 1.608946 0.003040
0.000114 0.000224 1.608946 0.003040
0.000113 0.000223 1.608946 0.003040
0.000112 0.000223 1.608946 0.003040
0.000111 0.000223 1.608946 0.003040
0.000109 0.000223 1.608946 0.003040
0.000108 0.000223 1.608946 0.003040
0.000107 0.000223 1.608946 0.003040
0.000106 0.000223 1.608946 0.003039
0.000105 0.000223 1.608946 0.003039
0.000104 0.000223 1.608946 0.003039
0.000103 0.000222 1.608946 0.003039
0.000102 0.000222 1.608946 0.003039
0.000100 0.000222 1.608946 0.003039
0.000099 0.000222 1.608946 0.003039
0.000098 0.000222 1.608946 0.003039
0.000097 0.000222 1.608946 0.003039
0.000096 0.000222 1.608946 0.003039
0.000095 0.000222 1.608946 0.003039
0.000094 0.000222 1.608946 0.003039
0.000093 0.000222 1.608946 0.003039
0.000092 0.000221 1.608946 0.003039
0.000091 0.000221 1.608946 0.003039
0.000090 0.000221 1.608946 0.003039
0.000089 0.000221 1.608946 0.003039
0.000088 0.000221 1.608946 0.003038
0.000087 0.000221 1.608946 0.003038
0.000087 0.000221 1.608946 0.003038
0.000086 0.000221 1.608946 0.003038
0.000085 0.000221 1.608946 0.003038
0.000084 0.000221 1.608946 0.003038
0.000083 0.000221 1.608946 0.003038
0.000082 0.000220 1.608946 0.003038
0.000081 0.000220 1.608946 0.003038
0.000080 0.000220 1.608946 0.003038
0.000079 0.000220 1.608946 0.003038
0.000079 0.000220 1.608946 0.003038
0.000078 0.000220 1.608946 0.003038
0.000077 0.000220 1.608946 0.003038
0.000076 0.000220 1.608946 0.003038
0.000075 0.000220 1.608946 0.003038
0.000075 0.000220 1.608946 0.003038
0.000074 0.000220 1.608946 0.003038
0.000073 0.000220 1.608946 0.003038
0.000072 0.000220 1.608946 0.003038
0.000071 0.000219 1.608946 0.003037
0.000071 0.000219 1.608946 0.003037
0.000070 0.000219 1.608946 0.003037
0.000069 0.000219 1.608946 0.003037
0.000068 0.000219 1.608946 0.003037
0.000068 0.000219 1.608946 0.003037
0.000067 0.000219 1.608946 0.003037
0.000066 0.000219 1.608946 0.003037
0.000066 0.000219 1.608946 0.003037
0.000065 0.000219 1.608946 0.003037
0.000064 0.000219 1.608946 0.003037
0.000064 0.000219 1.608946 0.003037
0.000063 0.000219 1.608946 0.003037
0.000062 0.000219 1.608946 0.003037
0.000062 0.000218 1.608946 0.003037
0.000061 0.000218 1.608946 0.003037
0.000060 0.000218 1.608946 0.003037
0.000060 0.000218 1.608946 0.003037
0.000059 0.000218 1.608946 0.003037
0.000058 0.000218 1.608946 0.003037
0.000058 0.000218 1.608946 0.003037
0.000057 0.000218 1.608946 0.003037
0.000057 0.000218 1.608946 0.003037
0.000056 0.000218 1.608946 0.003037
0.000055 0.000218 1.608946 0.003037
0.000055 0.000218 1.608946 0.003036
0.000054 0.000218 1.608946 0.003036
0.000054 0.000218 1.608946 0.003036
0.000053 0.000218 1.608946 0.003036
0.000052 0.000218 1.608946 0.003036
0.000052 0.000218 1.608946 0.003036
0.000051 0.000217 1.608946 0.003036
0.000051 0.000217 1.608946 0.003036
0.000050 0.000217 1.608946 0.003036
0.000050 0.000217 1.608946 0.003036
0.000049 0.000217 1.608946 0.003036
0.000049 0.000217 1.608946 0.003036
0.000048 0.000217 1.608946 0.003036
0.000048 0.000217 1.608946 0.003036
0.000047 0.000217 1.608946 0.003036
0.000047 0.000217 1.608946 0.003036
0.000046 0.000217 1.608946 0.003036
0.000046 0.000217 1.608946 0.003036
0.000045 0.000217 1.608946 0.003036
0.000045 0.000217 1.608946 0.003036
0.000044 0.000217 1.608946 0.003036
0.000044 0.000217 1.608946 0.003036
0.000043 0.000217 1.608946 0.003036
0.000043 0.000217 1.608946 0.003036
0.000042 0.000217 1.608946 0.003036
0.000042 0.000217 1.608946 0.003036
0.000042 0.000217 1.608946 0.003036
0.000041 0.000216 1.608946 0.003036
0.000041 0.000216 1.608946 0.003036
0.000040 0.000216 1.608946 0.003036
0.000040 0.000216 1.608946 0.003036
0.000039 0.000216 1.608946 0.003036
0.000039 0.000216 1.608946 0.003036
0.000039 0.000216 1.608946 0.003036
0.000038 0.000216 1.608946 0.003036
0.000038 0.000216 1.608946 0.003035
0.000037 0.000216 1.608946 0.003035
0.000037 0.000216 1.608946 0.003035
0.000037 0.000216 1.608946 0.003035
0.000036 0.000216 1.608946 0.003035
0.000036 0.000216 1.608946 0.003035
0.000035 0.000216 1.608946 0.003035
0.000035 0.000216 1.608946 0.003035
0.000035 0.000216 1.608946 0.003035
0.000034 0.000216 1.608946 0.003035
0.000034 0.000216 1.608946 0.003035
0.000034 0.000216 1.608946 0.003035
0.000033 0.000216 1.608946 0.003035
0.000033 0.000216 1.608946 0.003035
0.000033 0.000216 1.608946 0.003035
0.000032 0.000216 1.608946 0.003035
0.000032 0.000216 1.608946 0.003035
0.000031 0.000216 1.608946 0.003035
0.000031 0.000216 1.608946 0.003035
0.000031 0.000215 1.608946 0.003035
0.000030 0.000215 1.608946 0.003035
0.000030 0.000215 1.608946 0.003035
0.000030 0.000215 1.608946 0.003035
0.000030 0.000215 1.608946 0.003035
0.000029 0.000215 1.608946 0.003035
0.000029 0.000215 1.608946 0.003035
0.000029 0.000215 1.608946 0.003035
0.000028 0.000215 1.608946 0.003035
0.000028 0.000215 1.608946 0.003035
0.000028 0.000215 1.608946 0.003035
0.000027 0.000215 1.608946 0.003035
0.000027 0.000215 1.608946 0.003035
0.000027 0.000215 1.608946 0.003035
0.000027 0.000215 1.608946 0.003035
0.000026 0.000215 1.608946 0.003035
0.000026 0.000215 1.608946 0.003035
0.000026 0.000215 1.608946 0.003035
0.000025 0.000215 1.608946 0.003035
0.000025 0.000215 1.608946 0.003035
0.000025 0.000215 1.608946 0.003035
0.000025 0.000215 1.608946 0.003035
0.000024 0.000215 1.608946 0.003035
0.000024 0.000215 1.608946 0.003035
0.000024 0.000215 1.608946 0.003035
0.000024 0.000215 1.608946 0.003035
0.000023 0.000215 1.608946 0.003035
0.000023 0.000215 1.608946 0.003035
0.000023 0.000215 1.608946 0.003035
0.000023 0.000215 1.608946 0.003035
0.000022 0.000215 1.608946 0.003035
0.000022 0.000215 1.608946 0.003035
0.000022 0.000215 1.608946 0.003035
0.000022 0.000215 1.608946 0.003035
0.000021 0.000215 1.608946 0.003035
0.000021 0.000215 1.608946 0.003035
0.000021 0.000215 1.608946 0.003035
0.000021 0.000215 1.608946 0.003035
0.000021 0.000214 1.608946 0.003034
0.000020 0.000214 1.608946 0.003034
0.000020 0.000214 1.608946 0.003034
0.000020 0.000214 1.608946 0.003034
0.000020 0.000214 1.608946 0.003034
0.000020 0.000214 1.608946 0.003034
0.000019 0.000214 1.608946 0.003034
0.000019 0.000214 1.608946 0.003034
0.000019 0.000214 1.608946 0.003034
0.000019 0.000214 1.608946 0.003034
0.000018 0.000214 1.608946 0.003034
0.000018 0.000214 1.608946 0.003034
0.000018 0.000214 1.608946 0.003034
0.000018 0.000214 1.608946 0.003034
0.000018 0.000214 1.608946 0.003034
0.000018 0.000214 1.608946 0.003034
0.000017 0.000214 1.608946 0.003034
0.000017 0.000214 1.608946 0.003034
0.000017 0.000214 1.608946 0.003034
0.000017 0.000214 1.608946 0.003034
0.000017 0.000214 1.608946 0.003034
0.000016 0.000214 1.608946 0.003034
0.000016 0.000214 1.608946 0.003034
0.000016 0.000214 1.608946 0.003034
0.000016 0.000214 1.608946 0.003034
0.000016 0.000214 1.608946 0.003034
0.000016 0.000214 1.608946 0.003034
0.000015 0.000214 1.608946 0.003034
0.000015 0.000214 1.608946 0.003034
0.000015 0.000214 1.608946 0.003034
0.000015 0.000214 1.608946 0.003034
0.000015 0.000214 1.608946 0.003034
0.000015 0.000214 1.608946 0.003034
0.000014 0.000214 1.608946 0.003034
0.000014 0.000214 1.608946 0.003034
0.000014 0.000214 1.608946 0.003034
0.000014 0.000214 1.608946 0.003034
0.000014 0.000214 1.608946 0.003034
0.000014 0.000214 1.608946 0.003034
0.000014 0.000214 1.608946 0.003034
0.000013 0.000214 1.608946 0.003034
0.000013 0.000214 1.608946 0.003034
0.000013 0.000214 1.608946 0.003034
0.000013 0.000214 1.608946 0.003034
0.000013 0.000214 1.608946 0.003034
0.000013 0.000214 1.608946 0.003034
0.000013 0.000214 1.608946 0.003034
0.000012 0.000214 1.608946 0.003034
0.000012 0.000214 1.608946 0.003034
0.000012 0.000214 1.608946 0.003034
0.000012 0.000214 1.608946 0.003034
0.000012 0.000214 1.608946 0.003034
0.000012 0.000214 1.608946 0.003034
0.000012 0.000214 1.608946 0.003034
0.000012 0.000214 1.608946 0.003034
0.000011 0.000214 1.608946 0.003034
0.000011 0.000214 1.608946 0.003034
0.000011 0.000214 1.608946 0.003034
0.000011 0.000214 1.608946 0.003034
0.000011 0.000214 1.608946 0.003034
0.000011 0.000214 1.608946 0.003034
0.000011 0.000214 1.608946 0.003034
0.000011 0.000214 1.608946 0.003034
0.000011 0.000214 1.608946 0.003034
0.000010 0.000214 1.608946 0.003034
0.000010 0.000213 1.608946 0.003034
0.000010 0.000213 1.608946 0.003034
0.000010 0.000213 1.608946 0.003034
0.000010 0.000213 1.608946 0.003034
