0.663786 0.057512 1.614722 0.032535
0.482873 0.058295 1.615355 0.032250
0.356516 0.058600 1.615515 0.032198
0.276769 0.058899 1.615656 0.032202
0.230271 0.059137 1.615719 0.032233
0.199968 0.059316 1.615549 0.032275
0.177874 0.059446 1.615095 0.032305
0.160770 0.059514 1.614303 0.032312
0.147440 0.059488 1.613165 0.032273
0.137097 0.059380 1.611803 0.032197
0.128974 0.059214 1.610347 0.032099
0.122213 0.059039 1.608953 0.032005
0.116136 0.058910 1.607838 0.031946
0.110489 0.058863 1.607280 0.031943
0.105350 0.058911 1.607580 0.032005
0.100772 0.059047 1.609021 0.032127
0.096739 0.059248 1.611819 0.032293
0.093234 0.059486 1.616090 0.032483
0.090257 0.059731 1.621829 0.032679
0.087711 0.059963 1.628913 0.032864
0.085458 0.060166 1.637115 0.033030
0.083352 0.060335 1.646129 0.033172
0.081280 0.060466 1.655595 0.033288
0.079167 0.060556 1.665134 0.033376
0.076980 0.060601 1.674370 0.033434
0.074728 0.060599 1.682957 0.033461
0.072440 0.060546 1.690597 0.033453
0.070165 0.060441 1.697054 0.033409
0.067962 0.060283 1.702161 0.033330
0.065890 0.060078 1.705828 0.033218
0.063994 0.059831 1.708031 0.033076
0.062299 0.059549 1.708812 0.032908
0.060821 0.059239 1.708264 0.032719
0.059537 0.058909 1.706519 0.032515
0.058407 0.058568 1.703738 0.032301
0.057386 0.058223 1.700099 0.032082
0.056423 0.057884 1.695785 0.031864
0.055480 0.057557 1.690972 0.031653
0.054529 0.057250 1.685830 0.031454
0.053558 0.056969 1.680510 0.031270
0.052563 0.056720 1.675148 0.031106
0.051549 0.056508 1.669855 0.030965
0.050524 0.056334 1.664726 0.030849
0.049496 0.056202 1.659834 0.030758
0.048472 0.056110 1.655231 0.030694
0.047457 0.056058 1.650956 0.030656
0.046456 0.056043 1.647029 0.030642
0.045469 0.056063 1.643458 0.030649
0.044499 0.056111 1.640243 0.030676
0.043544 0.056185 1.637373 0.030719
0.042605 0.056278 1.634833 0.030774
0.041683 0.056385 1.632604 0.030838
0.040780 0.056500 1.630663 0.030908
0.039898 0.056619 1.628984 0.030980
0.039038 0.056737 1.627543 0.031053
0.038200 0.056852 1.626312 0.031123
0.037386 0.056959 1.625262 0.031188
0.036596 0.057057 1.624368 0.031249
0.035829 0.057144 1.623603 0.031302
0.035085 0.057220 1.622942 0.031349
0.034364 0.057284 1.622363 0.031390
0.033667 0.057337 1.621844 0.031424
0.032992 0.057381 1.621368 0.031452
0.032340 0.057415 1.620920 0.031475
0.031711 0.057442 1.620487 0.031494
0.031106 0.057462 1.620060 0.031509
0.030527 0.057477 1.619633 0.031522
0.029973 0.057488 1.619201 0.031533
0.029446 0.057497 1.618762 0.031544
0.028947 0.057505 1.618317 0.031553
0.028476 0.057511 1.617868 0.031563
0.028033 0.057517 1.617418 0.031573
0.027618 0.057523 1.616970 0.031584
0.027229 0.057528 1.616531 0.031594
0.026865 0.057533 1.616106 0.031604
0.026522 0.057537 1.615701 0.031614
0.026199 0.057540 1.615319 0.031623
0.025895 0.057540 1.614967 0.031631
0.025608 0.057539 1.614644 0.031638
0.025334 0.057535 1.614356 0.031643
0.025072 0.057527 1.614105 0.031645
0.024816 0.057514 1.613892 0.031644
0.024564 0.057497 1.613717 0.031640
0.024312 0.057474 1.613581 0.031633
0.024054 0.057447 1.613484 0.031621
0.023787 0.057413 1.613427 0.031606
0.023509 0.057375 1.613406 0.031586
0.023217 0.057331 1.613422 0.031563
0.022909 0.057283 1.613472 0.031537
0.022585 0.057231 1.613554 0.031508
0.022245 0.057176 1.613666 0.031477
0.021889 0.057119 1.613805 0.031443
0.021520 0.057059 1.613969 0.031408
0.021139 0.056998 1.614155 0.031372
0.020750 0.056935 1.614359 0.031335
0.020353 0.056872 1.614579 0.031296
0.019950 0.056808 1.614811 0.031257
0.019545 0.056743 1.615053 0.031218
0.019139 0.056678 1.615301 0.031178
0.018735 0.056613 1.615554 0.031139
0.018336 0.056548 1.615808 0.031099
0.017942 0.056484 1.616061 0.031059
0.017557 0.056420 1.616311 0.031020
0.017181 0.056356 1.616557 0.030980
0.016814 0.056294 1.616797 0.030942
0.016457 0.056232 1.617031 0.030904
0.016111 0.056171 1.617256 0.030866
0.015773 0.056111 1.617474 0.030829
0.015444 0.056052 1.617683 0.030793
0.015122 0.055995 1.617883 0.030758
0.014807 0.055939 1.618075 0.030723
0.014499 0.055884 1.618257 0.030690
0.014196 0.055830 1.618431 0.030657
0.013899 0.055779 1.618597 0.030626
0.013608 0.055729 1.618753 0.030596
0.013323 0.055680 1.618900 0.030566
0.013045 0.055633 1.619038 0.030538
0.012773 0.055589 1.619167 0.030511
0.012509 0.055545 1.619287 0.030486
0.012253 0.055504 1.619399 0.030461
0.012005 0.055464 1.619504 0.030437
0.011768 0.055426 1.619601 0.030415
0.011539 0.055389 1.619692 0.030393
0.011321 0.055354 1.619776 0.030372
0.011113 0.055320 1.619854 0.030352
0.010915 0.055288 1.619926 0.030333
0.010726 0.055257 1.619994 0.030315
0.010546 0.055227 1.620056 0.030297
0.010375 0.055199 1.620113 0.030281
0.010212 0.055172 1.620166 0.030265
0.010057 0.055146 1.620214 0.030249
0.009910 0.055121 1.620257 0.030235
0.009770 0.055098 1.620297 0.030221
0.009637 0.055076 1.620331 0.030208
0.009510 0.055056 1.620362 0.030196
0.009389 0.055037 1.620389 0.030185
0.009274 0.055020 1.620412 0.030175
0.009164 0.055004 1.620431 0.030165
0.009059 0.054989 1.620446 0.030156
0.008960 0.054976 1.620458 0.030149
0.008865 0.054964 1.620466 0.030142
0.008775 0.054953 1.620472 0.030135
0.008689 0.054944 1.620474 0.030130
0.008607 0.054936 1.620474 0.030125
0.008529 0.054928 1.620472 0.030121
0.008455 0.054923 1.620467 0.030117
0.008385 0.054918 1.620459 0.030115
0.008319 0.054914 1.620450 0.030113
0.008255 0.054911 1.620439 0.030111
0.008195 0.054909 1.620426 0.030110
0.008138 0.054908 1.620411 0.030110
0.008084 0.054908 1.620395 0.030110
0.008034 0.054909 1.620378 0.030111
0.007986 0.054911 1.620359 0.030113
0.007942 0.054914 1.620340 0.030115
0.007901 0.054917 1.620319 0.030117
0.007864 0.054921 1.620298 0.030120
0.007830 0.054925 1.620276 0.030124
0.007798 0.054930 1.620254 0.030127
0.007770 0.054936 1.620231 0.030131
0.007745 0.054942 1.620208 0.030136
0.007722 0.054949 1.620185 0.030141
0.007702 0.054956 1.620162 0.030146
0.007685 0.054964 1.620138 0.030151
0.007669 0.054971 1.620115 0.030156
0.007656 0.054979 1.620092 0.030162
0.007644 0.054988 1.620069 0.030168
0.007634 0.054996 1.620046 0.030174
0.007624 0.055005 1.620024 0.030181
0.007615 0.055014 1.620001 0.030187
0.007607 0.055023 1.619980 0.030193
0.007599 0.055032 1.619959 0.030200
0.007590 0.055041 1.619938 0.030207
0.007582 0.055050 1.619917 0.030213
0.007574 0.055059 1.619898 0.030220
0.007565 0.055067 1.619878 0.030226
0.007555 0.055076 1.619860 0.030233
0.007545 0.055085 1.619841 0.030239
0.007533 0.055093 1.619824 0.030246
0.007520 0.055102 1.619807 0.030252
0.007507 0.055110 1.619790 0.030258
0.007494 0.055118 1.619774 0.030265
0.007480 0.055125 1.619759 0.030271
0.007466 0.055133 1.619744 0.030277
0.007451 0.055140 1.619730 0.030282
0.007437 0.055148 1.619717 0.030288
0.007424 0.055155 1.619704 0.030294
0.007411 0.055161 1.619692 0.030299
0.007398 0.055168 1.619680 0.030305
0.007387 0.055174 1.619670 0.030310
0.007376 0.055180 1.619659 0.030315
0.007366 0.055186 1.619650 0.030320
0.007358 0.055192 1.619641 0.030325
0.007351 0.055197 1.619632 0.030329
0.007346 0.055202 1.619625 0.030334
0.007341 0.055207 1.619617 0.030338
0.007337 0.055212 1.619611 0.030342
0.007333 0.055216 1.619604 0.030346
0.007330 0.055220 1.619599 0.030350
0.007327 0.055224 1.619593 0.030354
0.007324 0.055228 1.619589 0.030357
0.007321 0.055231 1.619584 0.030361
0.007319 0.055234 1.619581 0.030364
0.007316 0.055237 1.619577 0.030367
0.007313 0.055240 1.619574 0.030370
0.007310 0.055243 1.619572 0.030372
0.007307 0.055245 1.619569 0.030375
0.007303 0.055247 1.619567 0.030378
0.007299 0.055249 1.619566 0.030380
0.007295 0.055251 1.619565 0.030382
0.007291 0.055253 1.619564 0.030384
0.007286 0.055254 1.619563 0.030386
0.007282 0.055256 1.619563 0.030388
0.007277 0.055257 1.619563 0.030389
0.007273 0.055258 1.619563 0.030391
0.007269 0.055258 1.619564 0.030392
0.007266 0.055259 1.619564 0.030394
0.007263 0.055260 1.619565 0.030395
0.007261 0.055260 1.619566 0.030396
0.007259 0.055260 1.619567 0.030397
0.007258 0.055260 1.619569 0.030398
0.007258 0.055260 1.619570 0.030399
0.007258 0.055260 1.619572 0.030399
0.007259 0.055260 1.619574 0.030400
0.007261 0.055260 1.619576 0.030400
0.007264 0.055259 1.619578 0.030401
0.007267 0.055259 1.619581 0.030401
0.007270 0.055258 1.619583 0.030401
0.007274 0.055258 1.619585 0.030402
0.007279 0.055257 1.619588 0.030402
0.007284 0.055256 1.619591 0.030402
0.007289 0.055255 1.619594 0.030402
0.007294 0.055254 1.619597 0.030402
0.007299 0.055253 1.619600 0.030402
0.007304 0.055252 1.619603 0.030402
0.007309 0.055251 1.619606 0.030401
0.007313 0.055250 1.619609 0.030401
0.007317 0.055249 1.619612 0.030401
0.007321 0.055248 1.619615 0.030401
0.007323 0.055247 1.619619 0.030400
0.007325 0.055246 1.619622 0.030400
0.007327 0.055245 1.619626 0.030400
0.007328 0.055243 1.619629 0.030399
0.007327 0.055242 1.619633 0.030399
0.007327 0.055241 1.619636 0.030398
0.007325 0.055240 1.619640 0.030398
0.007323 0.055238 1.619643 0.030397
0.007320 0.055237 1.619647 0.030397
0.007316 0.055236 1.619650 0.030396
0.007312 0.055235 1.619654 0.030396
0.007308 0.055233 1.619658 0.030395
0.007303 0.055232 1.619661 0.030395
0.007298 0.055231 1.619665 0.030394
0.007292 0.055230 1.619668 0.030394
0.007286 0.055228 1.619672 0.030393
0.007280 0.055227 1.619675 0.030392
0.007273 0.055226 1.619679 0.030392
0.007261 0.055225 1.619683 0.030391
0.007249 0.055223 1.619686 0.030390
0.007237 0.055222 1.619690 0.030390
0.007226 0.055221 1.619693 0.030389
0.007216 0.055220 1.619697 0.030389
0.007205 0.055218 1.619700 0.030388
0.007195 0.055217 1.619703 0.030387
0.007185 0.055216 1.619707 0.030387
0.007175 0.055215 1.619710 0.030386
0.007165 0.055214 1.619714 0.030385
0.007156 0.055213 1.619717 0.030385
0.007146 0.055211 1.619720 0.030384
0.007137 0.055210 1.619723 0.030383
0.007128 0.055209 1.619726 0.030383
0.007118 0.055208 1.619730 0.030382
0.007109 0.055207 1.619733 0.030381
0.007099 0.055206 1.619735 0.030381
0.007090 0.055205 1.619738 0.030380
0.007080 0.055203 1.619740 0.030380
0.007070 0.055202 1.619743 0.030379
0.007060 0.055201 1.619745 0.030378
0.007050 0.055200 1.619746 0.030377
0.007039 0.055199 1.619748 0.030377
0.007029 0.055198 1.619750 0.030376
0.007018 0.055197 1.619751 0.030375
0.007006 0.055195 1.619753 0.030375
0.006995 0.055194 1.619754 0.030374
0.006983 0.055193 1.619755 0.030373
0.006969 0.055192 1.619757 0.030373
0.006953 0.055191 1.619758 0.030372
0.006938 0.055190 1.619760 0.030371
0.006922 0.055189 1.619762 0.030371
0.006907 0.055188 1.619763 0.030370
0.006891 0.055187 1.619765 0.030370
0.006875 0.055186 1.619767 0.030369
0.006859 0.055186 1.619769 0.030369
0.006844 0.055185 1.619771 0.030368
0.006828 0.055184 1.619773 0.030368
0.006813 0.055183 1.619775 0.030367
0.006797 0.055182 1.619777 0.030367
0.006782 0.055181 1.619780 0.030366
0.006766 0.055181 1.619782 0.030366
0.006750 0.055180 1.619784 0.030365
0.006734 0.055179 1.619786 0.030365
0.006718 0.055178 1.619788 0.030364
0.006701 0.055178 1.619790 0.030364
0.006685 0.055177 1.619792 0.030363
0.006668 0.055176 1.619794 0.030363
0.006650 0.055176 1.619796 0.030362
0.006633 0.055175 1.619798 0.030362
0.006615 0.055174 1.619800 0.030361
0.006597 0.055173 1.619802 0.030361
0.006579 0.055173 1.619804 0.030360
0.006561 0.055172 1.619806 0.030360
0.006542 0.055171 1.619808 0.030360
0.006523 0.055170 1.619809 0.030359
0.006504 0.055170 1.619811 0.030359
0.006485 0.055169 1.619813 0.030358
0.006465 0.055168 1.619814 0.030358
0.006445 0.055167 1.619816 0.030357
0.006425 0.055167 1.619817 0.030357
0.006405 0.055166 1.619818 0.030356
0.006384 0.055165 1.619819 0.030356
0.006363 0.055164 1.619820 0.030355
0.006342 0.055164 1.619821 0.030355
0.006320 0.055163 1.619822 0.030354
0.006298 0.055162 1.619823 0.030354
0.006276 0.055161 1.619824 0.030353
0.006253 0.055160 1.619824 0.030353
0.006230 0.055159 1.619825 0.030352
0.006207 0.055159 1.619826 0.030352
0.006183 0.055158 1.619827 0.030351
0.006159 0.055157 1.619827 0.030351
0.006135 0.055156 1.619828 0.030350
0.006110 0.055156 1.619829 0.030350
0.006085 0.055155 1.619829 0.030349
0.006060 0.055154 1.619830 0.030349
0.006034 0.055154 1.619830 0.030348
0.006008 0.055153 1.619831 0.030348
0.005981 0.055153 1.619832 0.030348
0.005954 0.055152 1.619832 0.030347
0.005927 0.055152 1.619833 0.030347
0.005900 0.055151 1.619833 0.030347
0.005872 0.055151 1.619834 0.030346
0.005843 0.055150 1.619835 0.030346
0.005815 0.055149 1.619836 0.030346
0.005785 0.055149 1.619836 0.030345
0.005756 0.055148 1.619837 0.030345
0.005726 0.055148 1.619838 0.030344
0.005696 0.055147 1.619839 0.030344
0.005665 0.055146 1.619840 0.030344
0.005634 0.055146 1.619841 0.030343
0.005602 0.055145 1.619841 0.030343
0.005571 0.055144 1.619842 0.030342
0.005538 0.055144 1.619843 0.030342
0.005506 0.055143 1.619844 0.030342
0.005473 0.055142 1.619845 0.030341
0.005440 0.055142 1.619846 0.030341
0.005407 0.055141 1.619847 0.030340
0.005373 0.055140 1.619848 0.030340
0.005339 0.055140 1.619848 0.030339
0.005306 0.055139 1.619849 0.030339
0.005272 0.055138 1.619850 0.030339
0.005238 0.055138 1.619851 0.030338
0.005203 0.055137 1.619852 0.030338
0.005169 0.055136 1.619852 0.030337
0.005134 0.055136 1.619853 0.030337
0.005100 0.055135 1.619854 0.030337
0.005066 0.055135 1.619855 0.030336
0.005032 0.055134 1.619855 0.030336
0.004998 0.055133 1.619856 0.030335
0.004965 0.055133 1.619857 0.030335
0.004931 0.055132 1.619857 0.030334
0.004899 0.055131 1.619858 0.030334
0.004866 0.055131 1.619859 0.030334
0.004835 0.055130 1.619860 0.030333
0.004803 0.055130 1.619860 0.030333
0.004773 0.055129 1.619861 0.030333
0.004743 0.055128 1.619862 0.030332
0.004713 0.055128 1.619862 0.030332
0.004684 0.055127 1.619863 0.030331
0.004656 0.055127 1.619864 0.030331
0.004629 0.055126 1.619864 0.030331
0.004602 0.055125 1.619865 0.030330
0.004575 0.055125 1.619865 0.030330
0.004549 0.055124 1.619866 0.030329
0.004524 0.055123 1.619866 0.030329
0.004500 0.055123 1.619867 0.030329
0.004475 0.055122 1.619867 0.030328
0.004452 0.055122 1.619868 0.030328
0.004428 0.055121 1.619868 0.030327
0.004405 0.055120 1.619868 0.030327
0.004383 0.055120 1.619869 0.030327
0.004362 0.055119 1.619869 0.030326
0.004340 0.055118 1.619870 0.030326
0.004319 0.055118 1.619870 0.030325
0.004298 0.055117 1.619870 0.030325
0.004276 0.055117 1.619871 0.030325
0.004255 0.055116 1.619871 0.030324
0.004234 0.055115 1.619871 0.030324
0.004213 0.055115 1.619872 0.030323
0.004192 0.055114 1.619872 0.030323
0.004170 0.055114 1.619872 0.030323
0.004149 0.055113 1.619872 0.030322
0.004128 0.055112 1.619873 0.030322
0.004106 0.055112 1.619873 0.030321
0.004085 0.055111 1.619873 0.030321
0.004063 0.055110 1.619873 0.030321
0.004041 0.055110 1.619873 0.030320
0.004018 0.055109 1.619874 0.030320
0.003996 0.055109 1.619874 0.030319
0.003973 0.055108 1.619874 0.030319
0.003950 0.055108 1.619875 0.030319
0.003927 0.055107 1.619875 0.030318
0.003904 0.055106 1.619875 0.030318
0.003880 0.055106 1.619876 0.030318
0.003857 0.055105 1.619876 0.030317
0.003833 0.055105 1.619877 0.030317
0.003809 0.055104 1.619877 0.030317
0.003785 0.055104 1.619878 0.030316
0.003761 0.055103 1.619878 0.030316
0.003737 0.055103 1.619879 0.030316
0.003712 0.055103 1.619879 0.030315
0.003688 0.055102 1.619880 0.030315
0.003664 0.055102 1.619880 0.030315
0.003639 0.055101 1.619881 0.030315
0.003615 0.055101 1.619882 0.030314
0.003591 0.055100 1.619882 0.030314
0.003567 0.055100 1.619883 0.030314
0.003543 0.055099 1.619883 0.030313
0.003519 0.055099 1.619884 0.030313
0.003496 0.055099 1.619885 0.030313
0.003472 0.055098 1.619885 0.030313
0.003449 0.055098 1.619886 0.030312
0.003426 0.055097 1.619886 0.030312
0.003403 0.055097 1.619887 0.030312
0.003380 0.055096 1.619888 0.030311
0.003357 0.055096 1.619888 0.030311
0.003335 0.055096 1.619889 0.030311
0.003313 0.055095 1.619889 0.030311
0.003291 0.055095 1.619890 0.030310
0.003269 0.055094 1.619890 0.030310
0.003248 0.055094 1.619891 0.030310
0.003226 0.055093 1.619891 0.030309
0.003205 0.055093 1.619892 0.030309
0.003184 0.055093 1.619893 0.030309
0.003164 0.055092 1.619893 0.030309
0.003143 0.055092 1.619894 0.030308
0.003123 0.055091 1.619894 0.030308
0.003103 0.055091 1.619895 0.030308
0.003083 0.055091 1.619895 0.030308
0.003063 0.055090 1.619896 0.030307
0.003044 0.055090 1.619896 0.030307
0.003025 0.055089 1.619897 0.030307
0.003006 0.055089 1.619897 0.030307
0.002987 0.055089 1.619898 0.030306
0.002969 0.055088 1.619899 0.030306
0.002951 0.055088 1.619899 0.030306
0.002933 0.055088 1.619900 0.030306
0.002916 0.055087 1.619900 0.030305
0.002899 0.055087 1.619901 0.030305
0.002882 0.055087 1.619901 0.030305
0.002865 0.055086 1.619902 0.030305
0.002849 0.055086 1.619902 0.030305
0.002833 0.055085 1.619903 0.030304
0.002817 0.055085 1.619903 0.030304
0.002802 0.055085 1.619904 0.030304
0.002787 0.055084 1.619904 0.030304
0.002772 0.055084 1.619905 0.030303
0.002758 0.055084 1.619905 0.030303
0.002744 0.055083 1.619906 0.030303
0.002730 0.055083 1.619906 0.030303
0.002717 0.055083 1.619907 0.030303
0.002704 0.055082 1.619907 0.030302
0.002692 0.055082 1.619908 0.030302
0.002680 0.055082 1.619908 0.030302
0.002668 0.055082 1.619908 0.030302
0.002656 0.055081 1.619909 0.030302
0.002645 0.055081 1.619909 0.030301
0.002634 0.055081 1.619909 0.030301
0.002624 0.055081 1.619910 0.030301
0.002613 0.055080 1.619910 0.030301
0.002603 0.055080 1.619910 0.030301
0.002594 0.055080 1.619910 0.030301
0.002584 0.055080 1.619910 0.030300
0.002575 0.055079 1.619910 0.030300
0.002566 0.055079 1.619910 0.030300
0.002557 0.055079 1.619911 0.030300
0.002549 0.055079 1.619911 0.030300
0.002540 0.055079 1.619911 0.030300
0.002532 0.055078 1.619911 0.030300
0.002524 0.055078 1.619911 0.030299
0.002517 0.055078 1.619912 0.030299
0.002509 0.055078 1.619912 0.030299
0.002501 0.055077 1.619912 0.030299
0.002494 0.055077 1.619913 0.030299
0.002487 0.055077 1.619913 0.030299
0.002480 0.055077 1.619913 0.030299
0.002473 0.055076 1.619914 0.030298
0.002466 0.055076 1.619914 0.030298
0.002459 0.055076 1.619915 0.030298
0.002452 0.055076 1.619915 0.030298
0.002445 0.055075 1.619916 0.030298
0.002439 0.055075 1.619916 0.030298
0.002432 0.055075 1.619917 0.030297
0.002425 0.055075 1.619917 0.030297
0.002419 0.055075 1.619917 0.030297
0.002412 0.055074 1.619918 0.030297
0.002406 0.055074 1.619918 0.030297
0.002399 0.055074 1.619919 0.030297
0.002393 0.055074 1.619919 0.030297
0.002386 0.055073 1.619920 0.030296
0.002380 0.055073 1.619920 0.030296
0.002373 0.055073 1.619921 0.030296
0.002367 0.055073 1.619921 0.030296
0.002360 0.055073 1.619921 0.030296
0.002354 0.055073 1.619922 0.030296
0.002347 0.055072 1.619922 0.030296
0.002341 0.055072 1.619923 0.030296
0.002334 0.055072 1.619923 0.030295
0.002328 0.055072 1.619923 0.030295
0.002322 0.055072 1.619924 0.030295
0.002315 0.055072 1.619924 0.030295
0.002309 0.055071 1.619924 0.030295
0.002302 0.055071 1.619924 0.030295
0.002296 0.055071 1.619924 0.030295
0.002290 0.055071 1.619924 0.030295
0.002283 0.055071 1.619924 0.030295
0.002277 0.055071 1.619924 0.030295
0.002270 0.055071 1.619924 0.030295
0.002264 0.055071 1.619925 0.030294
0.002258 0.055070 1.619925 0.030294
0.002251 0.055070 1.619925 0.030294
0.002245 0.055070 1.619925 0.030294
0.002239 0.055070 1.619925 0.030294
0.002233 0.055070 1.619925 0.030294
0.002227 0.055070 1.619926 0.030294
0.002220 0.055070 1.619926 0.030294
0.002214 0.055069 1.619926 0.030294
0.002208 0.055069 1.619927 0.030294
0.002202 0.055069 1.619927 0.030293
0.002196 0.055069 1.619927 0.030293
0.002190 0.055069 1.619928 0.030293
0.002184 0.055069 1.619928 0.030293
0.002178 0.055068 1.619928 0.030293
0.002173 0.055068 1.619929 0.030293
0.002167 0.055068 1.619929 0.030293
0.002161 0.055068 1.619930 0.030293
0.002156 0.055068 1.619930 0.030292
0.002150 0.055067 1.619930 0.030292
0.002145 0.055067 1.619931 0.030292
0.002139 0.055067 1.619931 0.030292
0.002134 0.055067 1.619931 0.030292
0.002128 0.055067 1.619932 0.030292
0.002122 0.055067 1.619932 0.030292
0.002116 0.055066 1.619932 0.030292
0.002111 0.055066 1.619933 0.030292
0.002106 0.055066 1.619933 0.030292
0.002101 0.055066 1.619933 0.030291
0.002096 0.055066 1.619934 0.030291
0.002091 0.055066 1.619934 0.030291
0.002087 0.055066 1.619934 0.030291
0.002083 0.055065 1.619935 0.030291
0.002079 0.055065 1.619935 0.030291
0.002075 0.055065 1.619935 0.030291
0.002071 0.055065 1.619936 0.030291
0.002068 0.055065 1.619936 0.030291
0.002065 0.055065 1.619936 0.030291
0.002061 0.055065 1.619937 0.030291
0.002059 0.055064 1.619937 0.030290
0.002056 0.055064 1.619937 0.030290
0.002053 0.055064 1.619938 0.030290
0.002051 0.055064 1.619938 0.030290
0.002049 0.055064 1.619938 0.030290
0.002047 0.055064 1.619939 0.030290
0.002045 0.055064 1.619939 0.030290
0.002043 0.055064 1.619939 0.030290
0.002041 0.055063 1.619939 0.030290
0.002040 0.055063 1.619940 0.030290
0.002039 0.055063 1.619940 0.030290
0.002037 0.055063 1.619940 0.030289
0.002036 0.055063 1.619940 0.030289
0.002035 0.055063 1.619940 0.030289
0.002033 0.055062 1.619940 0.030289
0.002032 0.055062 1.619939 0.030289
0.002031 0.055062 1.619939 0.030289
0.002030 0.055062 1.619939 0.030289
0.002029 0.055062 1.619939 0.030289
0.002028 0.055061 1.619938 0.030288
0.002027 0.055061 1.619938 0.030288
0.002026 0.055061 1.619937 0.030288
0.002025 0.055061 1.619937 0.030288
0.002024 0.055060 1.619937 0.030288
0.002023 0.055060 1.619936 0.030288
0.002022 0.055060 1.619936 0.030287
0.002021 0.055060 1.619935 0.030287
0.002020 0.055060 1.619935 0.030287
0.002018 0.055059 1.619935 0.030287
0.002017 0.055059 1.619935 0.030287
0.002016 0.055059 1.619934 0.030287
0.002014 0.055059 1.619934 0.030287
0.002013 0.055059 1.619934 0.030287
0.002011 0.055059 1.619934 0.030287
0.002010 0.055059 1.619934 0.030287
0.002008 0.055059 1.619934 0.030286
0.002006 0.055058 1.619934 0.030286
0.002004 0.055058 1.619935 0.030286
0.002002 0.055058 1.619935 0.030286
0.001999 0.055058 1.619935 0.030286
0.001997 0.055058 1.619935 0.030286
0.001994 0.055058 1.619936 0.030286
0.001992 0.055058 1.619936 0.030286
0.001989 0.055058 1.619936 0.030286
0.001986 0.055058 1.619937 0.030286
0.001983 0.055058 1.619937 0.030286
0.001979 0.055058 1.619937 0.030286
0.001976 0.055058 1.619938 0.030286
0.001972 0.055058 1.619938 0.030286
0.001968 0.055058 1.619938 0.030286
0.001965 0.055058 1.619939 0.030286
0.001960 0.055058 1.619939 0.030286
0.001956 0.055057 1.619939 0.030286
0.001952 0.055057 1.619940 0.030286
0.001947 0.055057 1.619940 0.030286
0.001942 0.055057 1.619940 0.030285
0.001938 0.055057 1.619941 0.030285
0.001933 0.055057 1.619941 0.030285
0.001927 0.055057 1.619941 0.030285
0.001922 0.055057 1.619942 0.030285
0.001916 0.055057 1.619942 0.030285
0.001911 0.055057 1.619942 0.030285
0.001905 0.055057 1.619943 0.030285
0.001899 0.055057 1.619943 0.030285
0.001893 0.055056 1.619944 0.030285
0.001887 0.055056 1.619944 0.030285
0.001880 0.055056 1.619944 0.030285
0.001874 0.055056 1.619945 0.030285
0.001867 0.055056 1.619945 0.030285
0.001861 0.055056 1.619945 0.030285
0.001854 0.055056 1.619946 0.030285
0.001847 0.055056 1.619946 0.030284
0.001840 0.055056 1.619946 0.030284
0.001833 0.055056 1.619947 0.030284
0.001825 0.055056 1.619947 0.030284
0.001818 0.055056 1.619947 0.030284
0.001810 0.055055 1.619948 0.030284
0.001803 0.055055 1.619948 0.030284
0.001795 0.055055 1.619948 0.030284
0.001787 0.055055 1.619949 0.030284
0.001779 0.055055 1.619949 0.030284
0.001771 0.055055 1.619949 0.030284
0.001763 0.055055 1.619950 0.030284
0.001755 0.055055 1.619950 0.030284
0.001746 0.055055 1.619950 0.030284
0.001738 0.055055 1.619951 0.030284
0.001730 0.055055 1.619951 0.030283
0.001721 0.055054 1.619951 0.030283
0.001713 0.055054 1.619952 0.030283
0.001704 0.055054 1.619952 0.030283
0.001695 0.055054 1.619952 0.030283
0.001687 0.055054 1.619953 0.030283
0.001678 0.055054 1.619953 0.030283
0.001669 0.055054 1.619953 0.030283
0.001660 0.055054 1.619953 0.030283
0.001651 0.055054 1.619954 0.030283
0.001642 0.055054 1.619954 0.030283
0.001633 0.055054 1.619954 0.030283
0.001624 0.055054 1.619955 0.030283
0.001615 0.055053 1.619955 0.030283
0.001606 0.055053 1.619955 0.030283
0.001597 0.055053 1.619955 0.030283
0.001588 0.055053 1.619956 0.030283
0.001579 0.055053 1.619956 0.030282
0.001570 0.055053 1.619956 0.030282
0.001561 0.055053 1.619956 0.030282
0.001551 0.055053 1.619957 0.030282
0.001542 0.055053 1.619957 0.030282
0.001533 0.055053 1.619957 0.030282
0.001524 0.055053 1.619958 0.030282
0.001515 0.055053 1.619958 0.030282
0.001506 0.055053 1.619958 0.030282
0.001497 0.055052 1.619958 0.030282
0.001487 0.055052 1.619959 0.030282
0.001478 0.055052 1.619959 0.030282
0.001469 0.055052 1.619959 0.030282
0.001460 0.055052 1.619959 0.030282
0.001451 0.055052 1.619960 0.030282
0.001442 0.055052 1.619960 0.030282
0.001433 0.055052 1.619960 0.030282
0.001424 0.055052 1.619960 0.030282
0.001415 0.055052 1.619961 0.030282
0.001406 0.055052 1.619961 0.030282
0.001397 0.055052 1.619961 0.030281
0.001389 0.055052 1.619961 0.030281
0.001380 0.055052 1.619962 0.030281
0.001371 0.055052 1.619962 0.030281
0.001362 0.055052 1.619962 0.030281
0.001354 0.055051 1.619962 0.030281
0.001345 0.055051 1.619963 0.030281
0.001336 0.055051 1.619963 0.030281
0.001328 0.055051 1.619963 0.030281
0.001320 0.055051 1.619963 0.030281
0.001311 0.055051 1.619964 0.030281
0.001303 0.055051 1.619964 0.030281
0.001294 0.055051 1.619964 0.030281
0.001286 0.055051 1.619964 0.030281
0.001278 0.055051 1.619965 0.030281
0.001270 0.055051 1.619965 0.030281
0.001262 0.055051 1.619965 0.030281
0.001254 0.055051 1.619965 0.030281
0.001246 0.055051 1.619965 0.030281
0.001238 0.055051 1.619966 0.030281
0.001230 0.055051 1.619966 0.030281
0.001223 0.055051 1.619966 0.030281
0.001215 0.055051 1.619966 0.030281
0.001207 0.055051 1.619967 0.030281
0.001200 0.055051 1.619967 0.030281
0.001192 0.055050 1.619967 0.030281
0.001185 0.055050 1.619967 0.030281
0.001178 0.055050 1.619968 0.030281
0.001170 0.055050 1.619968 0.030280
0.001163 0.055050 1.619968 0.030280
0.001156 0.055050 1.619968 0.030280
0.001149 0.055050 1.619969 0.030280
0.001142 0.055050 1.619969 0.030280
0.001135 0.055050 1.619969 0.030280
0.001128 0.055050 1.619969 0.030280
0.001122 0.055050 1.619970 0.030280
0.001115 0.055050 1.619970 0.030280
0.001109 0.055050 1.619970 0.030280
0.001102 0.055050 1.619970 0.030280
0.001096 0.055050 1.619971 0.030280
0.001089 0.055050 1.619971 0.030280
0.001083 0.055050 1.619971 0.030280
0.001077 0.055050 1.619971 0.030280
0.001071 0.055050 1.619972 0.030280
0.001065 0.055050 1.619972 0.030280
0.001059 0.055050 1.619972 0.030280
0.001053 0.055050 1.619972 0.030280
0.001047 0.055050 1.619973 0.030280
0.001041 0.055049 1.619973 0.030280
0.001035 0.055049 1.619973 0.030280
0.001030 0.055049 1.619973 0.030280
0.001024 0.055049 1.619973 0.030280
0.001019 0.055049 1.619974 0.030280
0.001013 0.055049 1.619974 0.030280
0.001008 0.055049 1.619974 0.030280
0.001003 0.055049 1.619974 0.030280
0.000998 0.055049 1.619975 0.030280
0.000993 0.055049 1.619975 0.030280
0.000987 0.055049 1.619975 0.030280
0.000982 0.055049 1.619975 0.030280
0.000978 0.055049 1.619976 0.030280
0.000973 0.055049 1.619976 0.030280
0.000968 0.055049 1.619976 0.030280
0.000963 0.055049 1.619976 0.030280
0.000958 0.055049 1.619976 0.030279
0.000954 0.055049 1.619977 0.030279
0.000949 0.055049 1.619977 0.030279
0.000945 0.055049 1.619977 0.030279
0.000940 0.055049 1.619977 0.030279
0.000936 0.055049 1.619978 0.030279
0.000932 0.055049 1.619978 0.030279
0.000928 0.055049 1.619978 0.030279
0.000924 0.055049 1.619978 0.030279
0.000920 0.055049 1.619978 0.030279
0.000916 0.055049 1.619979 0.030279
0.000912 0.055048 1.619979 0.030279
0.000908 0.055048 1.619979 0.030279
0.000905 0.055048 1.619979 0.030279
0.000901 0.055048 1.619980 0.030279
0.000897 0.055048 1.619980 0.030279
0.000893 0.055048 1.619980 0.030279
0.000890 0.055048 1.619980 0.030279
0.000886 0.055048 1.619980 0.030279
0.000882 0.055048 1.619981 0.030279
0.000879 0.055048 1.619981 0.030279
0.000875 0.055048 1.619981 0.030279
0.000871 0.055048 1.619981 0.030279
0.000868 0.055048 1.619982 0.030279
0.000864 0.055048 1.619982 0.030279
0.000861 0.055048 1.619982 0.030279
0.000857 0.055048 1.619982 0.030279
0.000854 0.055048 1.619982 0.030279
0.000850 0.055048 1.619983 0.030279
0.000847 0.055048 1.619983 0.030279
0.000843 0.055048 1.619983 0.030279
0.000840 0.055048 1.619983 0.030279
0.000836 0.055048 1.619983 0.030279
0.000833 0.055048 1.619984 0.030279
0.000830 0.055048 1.619984 0.030279
0.000826 0.055048 1.619984 0.030279
0.000823 0.055048 1.619984 0.030279
0.000820 0.055048 1.619984 0.030279
0.000816 0.055048 1.619983 0.030279
0.000813 0.055048 1.619983 0.030279
0.000810 0.055048 1.619983 0.030279
0.000807 0.055048 1.619983 0.030279
0.000803 0.055048 1.619982 0.030279
0.000800 0.055048 1.619982 0.030279
0.000797 0.055048 1.619982 0.030279
0.000794 0.055048 1.619982 0.030279
0.000791 0.055048 1.619981 0.030279
0.000788 0.055048 1.619981 0.030279
0.000785 0.055048 1.619981 0.030279
0.000781 0.055048 1.619981 0.030279
0.000778 0.055048 1.619981 0.030279
0.000775 0.055048 1.619981 0.030279
0.000772 0.055048 1.619981 0.030279
0.000769 0.055048 1.619981 0.030279
0.000766 0.055048 1.619981 0.030279
0.000764 0.055048 1.619981 0.030279
0.000761 0.055048 1.619981 0.030279
0.000758 0.055048 1.619982 0.030279
0.000755 0.055048 1.619982 0.030279
0.000752 0.055048 1.619982 0.030279
0.000749 0.055048 1.619982 0.030279
0.000746 0.055047 1.619982 0.030278
0.000743 0.055047 1.619983 0.030278
0.000741 0.055047 1.619983 0.030278
0.000738 0.055047 1.619983 0.030278
0.000735 0.055047 1.619983 0.030278
0.000732 0.055047 1.619984 0.030278
0.000729 0.055047 1.619984 0.030278
0.000727 0.055047 1.619984 0.030278
0.000724 0.055047 1.619984 0.030278
0.000721 0.055047 1.619984 0.030278
0.000719 0.055047 1.619985 0.030278
0.000716 0.055047 1.619985 0.030278
0.000713 0.055047 1.619985 0.030278
0.000710 0.055047 1.619985 0.030278
0.000708 0.055047 1.619985 0.030278
0.000705 0.055047 1.619986 0.030278
0.000703 0.055047 1.619986 0.030278
0.000700 0.055047 1.619986 0.030278
0.000697 0.055047 1.619986 0.030278
0.000695 0.055047 1.619987 0.030278
0.000692 0.055047 1.619987 0.030278
0.000690 0.055047 1.619987 0.030278
0.000687 0.055047 1.619987 0.030278
0.000685 0.055047 1.619987 0.030278
0.000682 0.055047 1.619988 0.030278
0.000680 0.055047 1.619988 0.030278
0.000677 0.055047 1.619988 0.030278
0.000675 0.055047 1.619988 0.030278
0.000672 0.055047 1.619989 0.030278
0.000670 0.055047 1.619989 0.030278
0.000667 0.055047 1.619989 0.030278
0.000665 0.055047 1.619989 0.030278
0.000663 0.055047 1.619989 0.030278
0.000660 0.055047 1.619990 0.030278
0.000658 0.055047 1.619990 0.030278
0.000655 0.055047 1.619990 0.030278
0.000653 0.055047 1.619990 0.030278
0.000651 0.055047 1.619990 0.030278
0.000648 0.055047 1.619991 0.030278
0.000646 0.055047 1.619991 0.030278
0.000644 0.055046 1.619991 0.030278
0.000642 0.055046 1.619991 0.030278
0.000639 0.055046 1.619991 0.030278
0.000637 0.055046 1.619991 0.030278
0.000635 0.055046 1.619992 0.030278
0.000633 0.055046 1.619992 0.030278
0.000631 0.055046 1.619992 0.030278
0.000628 0.055046 1.619992 0.030278
0.000626 0.055046 1.619992 0.030278
0.000624 0.055046 1.619993 0.030278
0.000622 0.055046 1.619993 0.030278
0.000620 0.055046 1.619993 0.030278
0.000618 0.055046 1.619993 0.030278
0.000616 0.055046 1.619993 0.030278
0.000614 0.055046 1.619993 0.030278
0.000612 0.055046 1.619994 0.030278
0.000609 0.055046 1.619994 0.030278
0.000607 0.055046 1.619994 0.030278
0.000605 0.055046 1.619994 0.030278
0.000603 0.055046 1.619994 0.030278
0.000601 0.055046 1.619994 0.030278
0.000599 0.055046 1.619995 0.030278
0.000598 0.055046 1.619995 0.030278
0.000596 0.055046 1.619995 0.030278
0.000594 0.055046 1.619995 0.030278
0.000592 0.055046 1.619995 0.030278
0.000590 0.055046 1.619995 0.030278
0.000588 0.055046 1.619996 0.030278
0.000586 0.055046 1.619996 0.030278
0.000584 0.055046 1.619996 0.030278
0.000582 0.055046 1.619996 0.030278
0.000581 0.055046 1.619996 0.030278
0.000579 0.055046 1.619996 0.030278
0.000577 0.055046 1.619997 0.030278
0.000575 0.055046 1.619997 0.030278
0.000574 0.055046 1.619997 0.030278
0.000572 0.055046 1.619997 0.030278
0.000570 0.055046 1.619997 0.030278
0.000568 0.055046 1.619997 0.030278
0.000567 0.055046 1.619998 0.030278
0.000565 0.055046 1.619998 0.030278
0.000563 0.055046 1.619998 0.030278
0.000562 0.055046 1.619998 0.030278
0.000560 0.055046 1.619998 0.030278
0.000558 0.055046 1.619998 0.030278
0.000557 0.055046 1.619999 0.030277
0.000555 0.055046 1.619999 0.030277
0.000554 0.055046 1.619999 0.030277
0.000552 0.055046 1.619999 0.030277
0.000550 0.055046 1.619999 0.030277
0.000549 0.055046 1.619999 0.030277
0.000547 0.055046 1.620000 0.030277
0.000546 0.055046 1.620000 0.030277
0.000544 0.055046 1.620000 0.030277
0.000543 0.055046 1.620000 0.030277
0.000541 0.055046 1.620000 0.030277
0.000540 0.055046 1.620000 0.030277
0.000538 0.055046 1.620000 0.030277
0.000537 0.055046 1.620001 0.030277
0.000535 0.055046 1.620001 0.030277
0.000534 0.055046 1.620001 0.030277
0.000533 0.055046 1.620001 0.030277
0.000531 0.055046 1.620001 0.030277
0.000530 0.055046 1.620001 0.030277
0.000528 0.055046 1.620002 0.030277
0.000527 0.055046 1.620002 0.030277
0.000526 0.055046 1.620002 0.030277
0.000524 0.055046 1.620002 0.030277
0.000523 0.055046 1.620002 0.030277
0.000522 0.055046 1.620002 0.030277
0.000520 0.055046 1.620003 0.030277
0.000519 0.055046 1.620003 0.030277
0.000518 0.055046 1.620003 0.030277
0.000516 0.055046 1.620003 0.030277
0.000515 0.055046 1.620003 0.030277
0.000514 0.055046 1.620003 0.030277
0.000512 0.055046 1.620003 0.030277
0.000511 0.055046 1.620004 0.030277
0.000510 0.055046 1.620004 0.030277
0.000509 0.055046 1.620004 0.030277
0.000508 0.055046 1.620004 0.030277
0.000506 0.055046 1.620004 0.030277
0.000505 0.055046 1.620004 0.030277
0.000504 0.055046 1.620005 0.030277
0.000503 0.055046 1.620005 0.030277
0.000501 0.055046 1.620005 0.030277
0.000500 0.055046 1.620005 0.030277
0.000499 0.055046 1.620005 0.030277
0.000498 0.055046 1.620005 0.030277
0.000497 0.055046 1.620005 0.030277
0.000496 0.055046 1.620006 0.030277
0.000494 0.055046 1.620006 0.030277
0.000493 0.055046 1.620006 0.030277
0.000492 0.055046 1.620006 0.030277
0.000491 0.055046 1.620006 0.030277
0.000490 0.055046 1.620006 0.030277
0.000489 0.055046 1.620007 0.030277
0.000488 0.055046 1.620007 0.030277
0.000487 0.055046 1.620007 0.030277
0.000486 0.055046 1.620007 0.030277
0.000484 0.055046 1.620007 0.030277
0.000483 0.055046 1.620007 0.030277
0.000482 0.055046 1.620007 0.030277
0.000481 0.055046 1.620008 0.030277
0.000480 0.055046 1.620008 0.030277
0.000479 0.055046 1.620008 0.030277
0.000478 0.055046 1.620008 0.030277
0.000477 0.055046 1.620008 0.030277
0.000476 0.055046 1.620008 0.030277
0.000475 0.055046 1.620008 0.030277
0.000474 0.055046 1.620008 0.030277
0.000473 0.055046 1.620008 0.030277
0.000472 0.055046 1.620008 0.030277
0.000471 0.055046 1.620008 0.030277
0.000470 0.055046 1.620008 0.030277
0.000469 0.055046 1.620008 0.030277
0.000468 0.055046 1.620008 0.030277
0.000467 0.055046 1.620008 0.030277
0.000466 0.055046 1.620009 0.030277
0.000465 0.055046 1.620009 0.030277
0.000464 0.055046 1.620009 0.030277
0.000463 0.055046 1.620009 0.030277
0.000462 0.055046 1.620009 0.030277
0.000461 0.055046 1.620009 0.030277
0.000460 0.055046 1.620009 0.030277
0.000459 0.055046 1.620009 0.030277
0.000458 0.055046 1.620009 0.030277
0.000457 0.055046 1.620009 0.030277
0.000456 0.055046 1.620010 0.030277
0.000455 0.055046 1.620010 0.030277
0.000454 0.055046 1.620010 0.030277
0.000453 0.055046 1.620010 0.030277
0.000452 0.055046 1.620010 0.030277
0.000451 0.055046 1.620010 0.030277
0.000450 0.055046 1.620010 0.030277
0.000449 0.055046 1.620010 0.030277
0.000448 0.055046 1.620011 0.030277
0.000447 0.055046 1.620011 0.030277
0.000446 0.055046 1.620011 0.030277
0.000445 0.055046 1.620011 0.030277
0.000445 0.055046 1.620011 0.030277
0.000444 0.055046 1.620011 0.030277
0.000443 0.055046 1.620011 0.030277
0.000442 0.055046 1.620012 0.030277
0.000441 0.055046 1.620012 0.030277
0.000440 0.055046 1.620012 0.030277
0.000439 0.055046 1.620012 0.030277
0.000438 0.055046 1.620012 0.030277
0.000437 0.055046 1.620012 0.030277
0.000436 0.055046 1.620012 0.030277
0.000435 0.055046 1.620012 0.030277
0.000434 0.055046 1.620013 0.030277
0.000434 0.055046 1.620013 0.030277
0.000433 0.055046 1.620013 0.030277
0.000432 0.055046 1.620013 0.030277
0.000431 0.055046 1.620013 0.030277
0.000430 0.055046 1.620013 0.030277
0.000429 0.055046 1.620013 0.030277
0.000428 0.055046 1.620013 0.030277
0.000427 0.055046 1.620014 0.030277
0.000426 0.055046 1.620014 0.030277
0.000426 0.055046 1.620014 0.030277
0.000425 0.055046 1.620014 0.030277
0.000424 0.055046 1.620014 0.030277
0.000423 0.055046 1.620014 0.030277
0.000422 0.055046 1.620014 0.030277
0.000421 0.055046 1.620014 0.030277
0.000420 0.055046 1.620015 0.030277
0.000419 0.055046 1.620015 0.030277
0.000419 0.055046 1.620015 0.030277
0.000418 0.055046 1.620015 0.030277
0.000417 0.055046 1.620015 0.030277
0.000416 0.055046 1.620015 0.030277
0.000415 0.055046 1.620015 0.030277
0.000414 0.055046 1.620015 0.030277
0.000413 0.055046 1.620015 0.030277
0.000413 0.055046 1.620016 0.030277
0.000412 0.055046 1.620016 0.030277
0.000411 0.055046 1.620016 0.030277
0.000410 0.055046 1.620016 0.030277
0.000409 0.055046 1.620016 0.030277
0.000408 0.055046 1.620016 0.030277
0.000407 0.055046 1.620016 0.030277
0.000407 0.055046 1.620016 0.030277
0.000406 0.055046 1.620016 0.030277
0.000405 0.055046 1.620017 0.030277
0.000404 0.055046 1.620017 0.030277
0.000403 0.055046 1.620017 0.030277
0.000402 0.055046 1.620017 0.030277
0.000402 0.055046 1.620017 0.030277
0.000401 0.055046 1.620017 0.030277
0.000400 0.055046 1.620017 0.030277
0.000399 0.055046 1.620017 0.030277
0.000398 0.055046 1.620018 0.030277
0.000397 0.055046 1.620018 0.030277
0.000397 0.055045 1.620018 0.030277
0.000396 0.055045 1.620018 0.030277
0.000395 0.055045 1.620018 0.030277
0.000394 0.055045 1.620018 0.030277
0.000393 0.055045 1.620018 0.030277
0.000393 0.055045 1.620018 0.030277
0.000392 0.055045 1.620018 0.030277
0.000391 0.055045 1.620019 0.030277
0.000390 0.055045 1.620019 0.030277
0.000389 0.055045 1.620019 0.030277
0.000388 0.055045 1.620019 0.030277
0.000388 0.055045 1.620019 0.030277
0.000387 0.055045 1.620019 0.030277
0.000386 0.055045 1.620019 0.030277
0.000385 0.055045 1.620019 0.030277
0.000384 0.055045 1.620019 0.030277
0.000384 0.055045 1.620020 0.030277
0.000383 0.055045 1.620020 0.030277
0.000382 0.055045 1.620020 0.030277
0.000381 0.055045 1.620020 0.030277
0.000380 0.055045 1.620020 0.030277
0.000380 0.055045 1.620020 0.030277
0.000379 0.055045 1.620020 0.030277
0.000378 0.055045 1.620020 0.030277
0.000377 0.055045 1.620020 0.030277
0.000376 0.055045 1.620021 0.030277
0.000376 0.055045 1.620021 0.030277
0.000375 0.055045 1.620021 0.030277
0.000374 0.055045 1.620021 0.030277
0.000373 0.055045 1.620021 0.030277
0.000372 0.055045 1.620021 0.030277
0.000372 0.055045 1.620021 0.030277
0.000371 0.055045 1.620021 0.030277
0.000370 0.055045 1.620021 0.030277
0.000369 0.055045 1.620021 0.030277
0.000369 0.055045 1.620022 0.030277
0.000368 0.055045 1.620022 0.030277
0.000367 0.055045 1.620022 0.030277
0.000366 0.055045 1.620022 0.030277
0.000365 0.055045 1.620022 0.030277
0.000365 0.055045 1.620022 0.030277
0.000364 0.055045 1.620022 0.030277
0.000363 0.055045 1.620022 0.030277
0.000362 0.055045 1.620022 0.030277
0.000362 0.055045 1.620023 0.030277
0.000361 0.055045 1.620023 0.030277
0.000360 0.055045 1.620023 0.030277
0.000359 0.055045 1.620023 0.030277
0.000358 0.055045 1.620023 0.030277
0.000358 0.055045 1.620023 0.030277
0.000357 0.055045 1.620023 0.030277
0.000356 0.055045 1.620023 0.030277
0.000355 0.055045 1.620023 0.030277
0.000355 0.055045 1.620024 0.030277
0.000354 0.055045 1.620024 0.030277
0.000353 0.055045 1.620024 0.030277
0.000352 0.055045 1.620024 0.030277
0.000352 0.055045 1.620024 0.030277
0.000351 0.055045 1.620024 0.030277
0.000350 0.055045 1.620024 0.030277
0.000349 0.055045 1.620024 0.030277
0.000349 0.055045 1.620024 0.030277
0.000348 0.055045 1.620024 0.030277
0.000347 0.055045 1.620025 0.030277
0.000346 0.055045 1.620025 0.030277
0.000346 0.055045 1.620025 0.030277
0.000345 0.055045 1.620025 0.030277
0.000344 0.055045 1.620025 0.030277
0.000343 0.055045 1.620025 0.030277
0.000343 0.055045 1.620025 0.030277
0.000342 0.055045 1.620025 0.030277
0.000341 0.055045 1.620025 0.030277
0.000340 0.055045 1.620025 0.030277
0.000340 0.055045 1.620026 0.030277
0.000339 0.055045 1.620026 0.030277
0.000338 0.055045 1.620026 0.030277
0.000337 0.055045 1.620026 0.030277
0.000337 0.055045 1.620026 0.030277
0.000336 0.055045 1.620026 0.030277
0.000335 0.055045 1.620026 0.030277
0.000334 0.055045 1.620026 0.030277
0.000334 0.055045 1.620026 0.030277
0.000333 0.055045 1.620026 0.030277
0.000332 0.055045 1.620027 0.030277
0.000332 0.055045 1.620027 0.030277
0.000331 0.055045 1.620027 0.030277
0.000330 0.055045 1.620027 0.030277
0.000329 0.055045 1.620027 0.030277
0.000329 0.055045 1.620027 0.030277
0.000328 0.055045 1.620027 0.030277
0.000327 0.055045 1.620027 0.030277
0.000326 0.055045 1.620027 0.030277
0.000326 0.055045 1.620027 0.030277
0.000325 0.055045 1.620027 0.030277
0.000324 0.055045 1.620028 0.030277
0.000324 0.055045 1.620028 0.030277
0.000323 0.055045 1.620028 0.030277
0.000322 0.055045 1.620028 0.030277
0.000321 0.055045 1.620028 0.030277
0.000321 0.055045 1.620028 0.030277
0.000320 0.055045 1.620028 0.030277
0.000319 0.055045 1.620028 0.030277
0.000319 0.055045 1.620028 0.030277
0.000318 0.055045 1.620028 0.030277
0.000317 0.055045 1.620029 0.030277
0.000317 0.055045 1.620029 0.030277
0.000316 0.055045 1.620029 0.030277
0.000315 0.055045 1.620029 0.030277
0.000314 0.055045 1.620029 0.030277
0.000314 0.055045 1.620029 0.030277
0.000313 0.055045 1.620029 0.030277
0.000312 0.055045 1.620029 0.030277
0.000312 0.055045 1.620029 0.030277
0.000311 0.055045 1.620029 0.030277
0.000310 0.055045 1.620029 0.030277
0.000310 0.055045 1.620030 0.030277
0.000309 0.055045 1.620030 0.030277
0.000308 0.055045 1.620030 0.030277
0.000307 0.055045 1.620030 0.030277
0.000307 0.055045 1.620030 0.030277
0.000306 0.055045 1.620030 0.030277
0.000305 0.055045 1.620030 0.030277
0.000305 0.055045 1.620030 0.030277
0.000304 0.055045 1.620030 0.030277
0.000303 0.055045 1.620030 0.030277
0.000303 0.055045 1.620030 0.030277
0.000302 0.055045 1.620030 0.030277
0.000301 0.055045 1.620031 0.030277
0.000301 0.055045 1.620031 0.030277
0.000300 0.055045 1.620031 0.030277
0.000299 0.055045 1.620031 0.030277
0.000299 0.055045 1.620031 0.030277
0.000298 0.055045 1.620031 0.030277
0.000297 0.055045 1.620031 0.030277
0.000297 0.055045 1.620031 0.030277
0.000296 0.055045 1.620031 0.030277
0.000295 0.055045 1.620031 0.030277
0.000294 0.055045 1.620031 0.030277
0.000294 0.055045 1.620032 0.030277
0.000293 0.055045 1.620032 0.030277
0.000292 0.055045 1.620032 0.030277
0.000292 0.055045 1.620032 0.030277
0.000291 0.055045 1.620032 0.030277
0.000290 0.055045 1.620032 0.030277
0.000290 0.055045 1.620032 0.030277
0.000289 0.055045 1.620032 0.030277
0.000288 0.055045 1.620032 0.030277
0.000288 0.055045 1.620032 0.030277
0.000287 0.055045 1.620032 0.030277
0.000286 0.055045 1.620032 0.030277
0.000286 0.055045 1.620033 0.030277
0.000285 0.055045 1.620033 0.030277
0.000284 0.055045 1.620033 0.030277
0.000284 0.055045 1.620033 0.030277
0.000283 0.055045 1.620033 0.030277
0.000283 0.055045 1.620033 0.030277
0.000282 0.055045 1.620033 0.030277
0.000281 0.055045 1.620033 0.030277
0.000281 0.055045 1.620033 0.030277
0.000280 0.055045 1.620033 0.030277
0.000279 0.055045 1.620033 0.030277
0.000279 0.055045 1.620033 0.030277
0.000278 0.055045 1.620033 0.030277
0.000277 0.055045 1.620034 0.030277
0.000277 0.055045 1.620034 0.030277
0.000276 0.055045 1.620034 0.030277
0.000275 0.055045 1.620034 0.030277
0.000275 0.055045 1.620034 0.030277
0.000274 0.055045 1.620034 0.030277
0.000273 0.055045 1.620034 0.030277
0.000273 0.055045 1.620034 0.030277
0.000272 0.055045 1.620034 0.030277
0.000271 0.055045 1.620034 0.030277
0.000271 0.055045 1.620034 0.030277
0.000270 0.055045 1.620034 0.030277
0.000270 0.055045 1.620035 0.030277
0.000269 0.055045 1.620035 0.030277
0.000268 0.055045 1.620035 0.030277
0.000268 0.055045 1.620035 0.030277
0.000267 0.055045 1.620035 0.030277
0.000267 0.055045 1.620035 0.030277
0.000266 0.055045 1.620035 0.030277
0.000265 0.055045 1.620035 0.030277
0.000265 0.055045 1.620035 0.030277
0.000264 0.055045 1.620035 0.030277
0.000264 0.055045 1.620035 0.030277
0.000263 0.055045 1.620035 0.030277
0.000262 0.055045 1.620035 0.030277
0.000262 0.055045 1.620036 0.030277
0.000261 0.055045 1.620036 0.030277
0.000260 0.055045 1.620036 0.030277
0.000260 0.055045 1.620036 0.030277
0.000259 0.055045 1.620036 0.030277
0.000259 0.055045 1.620036 0.030277
0.000258 0.055045 1.620036 0.030277
0.000257 0.055045 1.620036 0.030277
0.000257 0.055045 1.620036 0.030277
0.000256 0.055045 1.620036 0.030277
0.000255 0.055045 1.620036 0.030277
0.000255 0.055045 1.620036 0.030277
0.000254 0.055045 1.620036 0.030277
0.000254 0.055045 1.620036 0.030277
0.000253 0.055045 1.620037 0.030277
0.000252 0.055045 1.620037 0.030277
0.000252 0.055045 1.620037 0.030277
0.000251 0.055045 1.620037 0.030277
0.000250 0.055045 1.620037 0.030277
0.000250 0.055045 1.620037 0.030277
0.000249 0.055045 1.620037 0.030277
0.000249 0.055045 1.620037 0.030277
0.000248 0.055045 1.620037 0.030277
0.000247 0.055045 1.620037 0.030277
0.000247 0.055045 1.620037 0.030277
0.000246 0.055045 1.620037 0.030277
0.000245 0.055045 1.620037 0.030277
0.000245 0.055045 1.620037 0.030277
0.000244 0.055045 1.620038 0.030277
0.000244 0.055045 1.620038 0.030277
0.000243 0.055045 1.620038 0.030277
0.000242 0.055045 1.620038 0.030277
0.000242 0.055045 1.620038 0.030277
0.000241 0.055045 1.620038 0.030277
0.000241 0.055045 1.620038 0.030277
0.000240 0.055045 1.620038 0.030277
0.000239 0.055045 1.620038 0.030277
0.000239 0.055045 1.620038 0.030277
0.000238 0.055045 1.620038 0.030277
0.000238 0.055045 1.620038 0.030277
0.000237 0.055045 1.620038 0.030277
0.000236 0.055045 1.620038 0.030277
0.000236 0.055045 1.620039 0.030277
0.000235 0.055045 1.620039 0.030277
0.000235 0.055045 1.620039 0.030277
0.000234 0.055045 1.620039 0.030277
0.000234 0.055045 1.620039 0.030277
0.000233 0.055045 1.620039 0.030277
0.000232 0.055045 1.620039 0.030277
0.000232 0.055045 1.620039 0.030277
0.000231 0.055045 1.620039 0.030277
0.000231 0.055045 1.620039 0.030277
0.000230 0.055045 1.620039 0.030277
0.000230 0.055045 1.620039 0.030277
0.000229 0.055045 1.620039 0.030277
0.000228 0.055045 1.620039 0.030277
0.000228 0.055045 1.620039 0.030277
0.000227 0.055045 1.620040 0.030277
0.000227 0.055045 1.620040 0.030277
0.000226 0.055045 1.620040 0.030277
0.000226 0.055045 1.620040 0.030277
0.000225 0.055045 1.620040 0.030277
0.000225 0.055045 1.620040 0.030277
0.000224 0.055045 1.620040 0.030277
0.000223 0.055045 1.620040 0.030277
0.000223 0.055045 1.620040 0.030277
0.000222 0.055045 1.620040 0.030277
0.000222 0.055045 1.620040 0.030277
0.000221 0.055045 1.620040 0.030277
0.000221 0.055045 1.620040 0.030277
0.000220 0.055045 1.620040 0.030277
0.000220 0.055045 1.620040 0.030277
0.000219 0.055045 1.620040 0.030277
0.000218 0.055045 1.620041 0.030277
0.000218 0.055045 1.620041 0.030277
0.000217 0.055045 1.620041 0.030277
0.000217 0.055045 1.620041 0.030277
0.000216 0.055045 1.620041 0.030277
0.000216 0.055045 1.620041 0.030277
0.000215 0.055045 1.620041 0.030277
0.000215 0.055045 1.620041 0.030277
0.000214 0.055045 1.620041 0.030277
0.000214 0.055045 1.620041 0.030277
0.000213 0.055045 1.620041 0.030277
0.000213 0.055045 1.620041 0.030277
0.000212 0.055045 1.620041 0.030277
0.000212 0.055045 1.620041 0.030277
0.000211 0.055045 1.620041 0.030277
0.000210 0.055045 1.620041 0.030277
0.000210 0.055045 1.620042 0.030277
0.000209 0.055045 1.620042 0.030277
0.000209 0.055045 1.620042 0.030277
0.000208 0.055045 1.620042 0.030277
0.000208 0.055045 1.620042 0.030277
0.000207 0.055045 1.620042 0.030277
0.000207 0.055045 1.620042 0.030277
0.000206 0.055045 1.620042 0.030277
0.000206 0.055045 1.620042 0.030277
0.000205 0.055045 1.620042 0.030277
0.000205 0.055045 1.620042 0.030277
0.000204 0.055045 1.620042 0.030277
0.000204 0.055045 1.620042 0.030277
0.000203 0.055045 1.620042 0.030277
0.000203 0.055045 1.620042 0.030277
0.000202 0.055045 1.620042 0.030277
0.000202 0.055045 1.620042 0.030277
0.000201 0.055045 1.620043 0.030277
0.000201 0.055045 1.620043 0.030277
0.000200 0.055045 1.620043 0.030277
0.000200 0.055045 1.620043 0.030277
0.000199 0.055045 1.620043 0.030277
0.000199 0.055045 1.620043 0.030277
0.000198 0.055045 1.620043 0.030277
0.000198 0.055045 1.620043 0.030277
0.000197 0.055045 1.620043 0.030277
0.000197 0.055045 1.620043 0.030277
0.000196 0.055045 1.620043 0.030277
0.000196 0.055045 1.620043 0.030277
0.000195 0.055045 1.620043 0.030277
0.000195 0.055045 1.620043 0.030277
0.000194 0.055045 1.620043 0.030277
0.000194 0.055045 1.620043 0.030277
0.000193 0.055045 1.620043 0.030277
0.000193 0.055045 1.620043 0.030277
0.000192 0.055045 1.620044 0.030277
0.000192 0.055045 1.620044 0.030277
0.000191 0.055045 1.620044 0.030277
0.000191 0.055045 1.620044 0.030277
0.000191 0.055045 1.620044 0.030277
0.000190 0.055045 1.620044 0.030277
0.000190 0.055045 1.620044 0.030277
0.000189 0.055045 1.620044 0.030277
0.000189 0.055045 1.620044 0.030277
0.000188 0.055045 1.620044 0.030277
0.000188 0.055045 1.620044 0.030277
0.000187 0.055045 1.620044 0.030277
0.000187 0.055045 1.620044 0.030277
0.000186 0.055045 1.620044 0.030277
0.000186 0.055045 1.620044 0.030277
0.000185 0.055045 1.620044 0.030277
0.000185 0.055045 1.620044 0.030277
0.000184 0.055045 1.620044 0.030277
0.000184 0.055045 1.620045 0.030277
0.000183 0.055045 1.620045 0.030277
0.000183 0.055045 1.620045 0.030277
0.000183 0.055045 1.620045 0.030277
0.000182 0.055045 1.620045 0.030277
0.000182 0.055045 1.620045 0.030277
0.000181 0.055045 1.620045 0.030277
0.000181 0.055045 1.620045 0.030277
0.000180 0.055045 1.620045 0.030277
0.000180 0.055045 1.620045 0.030277
0.000179 0.055045 1.620045 0.030277
0.000179 0.055045 1.620045 0.030277
0.000178 0.055045 1.620045 0.030277
0.000178 0.055045 1.620045 0.030277
0.000178 0.055045 1.620045 0.030277
0.000177 0.055045 1.620045 0.030277
0.000177 0.055045 1.620045 0.030277
0.000176 0.055045 1.620045 0.030277
0.000176 0.055045 1.620045 0.030277
0.000175 0.055045 1.620045 0.030277
0.000175 0.055045 1.620046 0.030277
0.000175 0.055045 1.620046 0.030277
0.000174 0.055045 1.620046 0.030277
0.000174 0.055045 1.620046 0.030277
0.000173 0.055045 1.620046 0.030277
0.000173 0.055045 1.620046 0.030277
0.000172 0.055045 1.620046 0.030277
0.000172 0.055045 1.620046 0.030277
0.000171 0.055045 1.620046 0.030277
0.000171 0.055045 1.620046 0.030277
0.000171 0.055045 1.620046 0.030277
0.000170 0.055045 1.620046 0.030277
0.000170 0.055045 1.620046 0.030277
0.000169 0.055045 1.620046 0.030277
0.000169 0.055045 1.620046 0.030277
0.000168 0.055045 1.620046 0.030277
0.000168 0.055045 1.620046 0.030277
0.000168 0.055045 1.620046 0.030277
0.000167 0.055045 1.620046 0.030277
0.000167 0.055045 1.620046 0.030277
0.000166 0.055045 1.620047 0.030277
0.000166 0.055045 1.620047 0.030277
0.000166 0.055045 1.620047 0.030277
0.000165 0.055045 1.620047 0.030277
0.000165 0.055045 1.620047 0.030277
0.000164 0.055045 1.620047 0.030277
0.000164 0.055045 1.620047 0.030277
0.000163 0.055045 1.620047 0.030277
0.000163 0.055045 1.620047 0.030277
0.000163 0.055045 1.620047 0.030277
0.000162 0.055045 1.620047 0.030277
0.000162 0.055045 1.620047 0.030277
0.000161 0.055045 1.620047 0.030277
0.000161 0.055045 1.620047 0.030277
0.000161 0.055045 1.620047 0.030277
0.000160 0.055045 1.620047 0.030277
0.000160 0.055045 1.620047 0.030277
0.000159 0.055045 1.620047 0.030277
0.000159 0.055045 1.620047 0.030277
0.000159 0.055045 1.620047 0.030277
0.000158 0.055045 1.620047 0.030277
0.000158 0.055045 1.620047 0.030277
0.000157 0.055045 1.620047 0.030277
0.000157 0.055045 1.620047 0.030277
0.000157 0.055045 1.620047 0.030277
0.000156 0.055045 1.620047 0.030277
0.000156 0.055045 1.620047 0.030277
0.000155 0.055045 1.620048 0.030277
0.000155 0.055045 1.620048 0.030277
0.000155 0.055045 1.620048 0.030277
0.000154 0.055045 1.620048 0.030277
0.000154 0.055045 1.620048 0.030277
0.000153 0.055045 1.620048 0.030277
0.000153 0.055045 1.620048 0.030277
0.000153 0.055045 1.620048 0.030277
0.000152 0.055045 1.620048 0.030277
0.000152 0.055045 1.620048 0.030277
0.000152 0.055045 1.620048 0.030277
0.000151 0.055045 1.620048 0.030277
0.000151 0.055045 1.620048 0.030277
0.000150 0.055045 1.620048 0.030277
0.000150 0.055045 1.620048 0.030277
0.000150 0.055045 1.620048 0.030277
0.000149 0.055045 1.620048 0.030277
0.000149 0.055045 1.620048 0.030277
0.000148 0.055045 1.620048 0.030277
0.000148 0.055045 1.620048 0.030277
0.000148 0.055045 1.620048 0.030277
0.000147 0.055045 1.620048 0.030277
0.000147 0.055045 1.620048 0.030277
0.000147 0.055045 1.620049 0.030277
0.000146 0.055045 1.620049 0.030277
0.000146 0.055045 1.620049 0.030277
0.000145 0.055045 1.620049 0.030277
0.000145 0.055045 1.620049 0.030277
0.000145 0.055045 1.620049 0.030277
0.000144 0.055045 1.620049 0.030277
0.000144 0.055045 1.620049 0.030277
0.000144 0.055045 1.620049 0.030277
0.000143 0.055045 1.620049 0.030277
0.000143 0.055045 1.620049 0.030277
0.000143 0.055045 1.620049 0.030277
0.000142 0.055045 1.620049 0.030277
0.000142 0.055045 1.620049 0.030277
0.000141 0.055045 1.620049 0.030277
0.000141 0.055045 1.620049 0.030277
0.000141 0.055045 1.620049 0.030277
0.000140 0.055045 1.620049 0.030277
0.000140 0.055045 1.620049 0.030277
0.000140 0.055045 1.620049 0.030277
0.000139 0.055045 1.620049 0.030277
0.000139 0.055045 1.620049 0.030277
0.000139 0.055045 1.620049 0.030277
0.000138 0.055045 1.620049 0.030277
0.000138 0.055045 1.620049 0.030277
0.000138 0.055045 1.620050 0.030277
0.000137 0.055045 1.620050 0.030277
0.000137 0.055045 1.620050 0.030277
0.000136 0.055045 1.620050 0.030277
0.000136 0.055045 1.620050 0.030277
0.000136 0.055045 1.620050 0.030277
0.000135 0.055045 1.620050 0.030277
0.000135 0.055045 1.620050 0.030277
0.000135 0.055045 1.620050 0.030277
0.000134 0.055045 1.620050 0.030277
0.000134 0.055045 1.620050 0.030277
0.000134 0.055045 1.620050 0.030277
0.000133 0.055045 1.620050 0.030277
0.000133 0.055045 1.620050 0.030277
0.000133 0.055045 1.620050 0.030277
0.000132 0.055045 1.620050 0.030277
0.000132 0.055045 1.620050 0.030277
0.000132 0.055045 1.620050 0.030277
0.000131 0.055045 1.620050 0.030277
0.000131 0.055045 1.620050 0.030277
0.000131 0.055045 1.620050 0.030277
0.000130 0.055045 1.620050 0.030277
0.000130 0.055045 1.620050 0.030277
0.000130 0.055045 1.620050 0.030277
0.000129 0.055045 1.620050 0.030277
0.000129 0.055045 1.620050 0.030277
0.000129 0.055045 1.620050 0.030277
0.000128 0.055045 1.620051 0.030277
0.000128 0.055045 1.620051 0.030277
0.000128 0.055045 1.620051 0.030277
0.000127 0.055045 1.620051 0.030277
0.000127 0.055045 1.620051 0.030277
0.000127 0.055045 1.620051 0.030277
0.000126 0.055045 1.620051 0.030277
0.000126 0.055045 1.620051 0.030277
0.000126 0.055045 1.620051 0.030277
0.000125 0.055045 1.620051 0.030277
0.000125 0.055045 1.620051 0.030277
0.000125 0.055045 1.620051 0.030277
0.000124 0.055045 1.620051 0.030277
0.000124 0.055045 1.620051 0.030277
0.000124 0.055045 1.620051 0.030277
0.000124 0.055045 1.620051 0.030277
0.000123 0.055045 1.620051 0.030277
0.000123 0.055045 1.620051 0.030277
0.000123 0.055045 1.620051 0.030277
0.000122 0.055045 1.620051 0.030277
0.000122 0.055045 1.620051 0.030277
0.000122 0.055045 1.620051 0.030277
0.000121 0.055045 1.620051 0.030277
0.000121 0.055045 1.620051 0.030277
0.000121 0.055045 1.620051 0.030277
0.000120 0.055045 1.620051 0.030277
0.000120 0.055045 1.620051 0.030277
0.000120 0.055045 1.620051 0.030277
0.000119 0.055045 1.620051 0.030277
0.000119 0.055045 1.620051 0.030277
0.000119 0.055045 1.620052 0.030277
0.000119 0.055045 1.620052 0.030277
0.000118 0.055045 1.620052 0.030277
0.000118 0.055045 1.620052 0.030277
0.000118 0.055045 1.620052 0.030277
0.000117 0.055045 1.620052 0.030277
0.000117 0.055045 1.620052 0.030277
0.000117 0.055045 1.620052 0.030277
0.000116 0.055045 1.620052 0.030277
0.000116 0.055045 1.620052 0.030277
0.000116 0.055045 1.620052 0.030277
0.000116 0.055045 1.620052 0.030277
0.000115 0.055045 1.620052 0.030277
0.000115 0.055045 1.620052 0.030277
0.000115 0.055045 1.620052 0.030277
0.000114 0.055045 1.620052 0.030277
0.000114 0.055045 1.620052 0.030277
0.000114 0.055045 1.620052 0.030277
0.000113 0.055045 1.620052 0.030277
0.000113 0.055045 1.620052 0.030277
0.000113 0.055045 1.620052 0.030277
0.000113 0.055045 1.620052 0.030277
0.000112 0.055045 1.620052 0.030277
0.000112 0.055045 1.620052 0.030277
0.000112 0.055045 1.620052 0.030277
0.000111 0.055045 1.620052 0.030277
0.000111 0.055045 1.620052 0.030277
0.000111 0.055045 1.620052 0.030277
0.000111 0.055045 1.620052 0.030277
0.000110 0.055045 1.620052 0.030277
0.000110 0.055045 1.620052 0.030277
0.000110 0.055045 1.620052 0.030277
0.000109 0.055045 1.620053 0.030277
0.000109 0.055045 1.620053 0.030277
0.000109 0.055045 1.620053 0.030277
0.000109 0.055045 1.620053 0.030277
0.000108 0.055045 1.620053 0.030277
0.000108 0.055045 1.620053 0.030277
0.000108 0.055045 1.620053 0.030277
0.000107 0.055045 1.620053 0.030277
0.000107 0.055045 1.620053 0.030277
0.000107 0.055045 1.620053 0.030277
0.000107 0.055045 1.620053 0.030277
0.000106 0.055046 1.620053 0.030277
0.000106 0.055046 1.620053 0.030277
0.000106 0.055046 1.620053 0.030277
0.000106 0.055046 1.620053 0.030277
0.000105 0.055046 1.620053 0.030277
0.000105 0.055046 1.620053 0.030277
0.000105 0.055046 1.620053 0.030277
0.000104 0.055046 1.620053 0.030277
0.000104 0.055046 1.620053 0.030277
0.000104 0.055046 1.620053 0.030277
0.000104 0.055046 1.620053 0.030277
0.000103 0.055046 1.620053 0.030277
0.000103 0.055046 1.620053 0.030277
0.000103 0.055046 1.620053 0.030277
0.000103 0.055046 1.620053 0.030277
0.000102 0.055046 1.620053 0.030277
0.000102 0.055046 1.620053 0.030277
0.000102 0.055046 1.620053 0.030277
0.000102 0.055046 1.620053 0.030277
0.000101 0.055046 1.620053 0.030277
0.000101 0.055046 1.620053 0.030277
0.000101 0.055046 1.620053 0.030277
0.000100 0.055046 1.620053 0.030277
0.000100 0.055046 1.620054 0.030277
0.000100 0.055046 1.620054 0.030277
0.000100 0.055046 1.620054 0.030277
0.000099 0.055046 1.620054 0.030277
0.000099 0.055046 1.620054 0.030277
0.000099 0.055046 1.620054 0.030277
0.000099 0.055046 1.620054 0.030277
0.000098 0.055046 1.620054 0.030277
0.000098 0.055046 1.620054 0.030277
0.000098 0.055046 1.620054 0.030277
0.000098 0.055046 1.620054 0.030277
0.000097 0.055046 1.620054 0.030277
0.000097 0.055046 1.620054 0.030277
0.000097 0.055046 1.620054 0.030277
0.000097 0.055046 1.620054 0.030277
0.000096 0.055046 1.620054 0.030277
0.000096 0.055046 1.620054 0.030277
0.000096 0.055046 1.620054 0.030277
0.000096 0.055046 1.620054 0.030277
0.000095 0.055046 1.620054 0.030277
0.000095 0.055046 1.620054 0.030277
0.000095 0.055046 1.620054 0.030277
0.000095 0.055046 1.620054 0.030277
0.000094 0.055046 1.620054 0.030277
0.000094 0.055046 1.620054 0.030277
0.000094 0.055046 1.620054 0.030277
0.000094 0.055046 1.620054 0.030277
0.000093 0.055046 1.620054 0.030277
0.000093 0.055046 1.620054 0.030277
0.000093 0.055046 1.620054 0.030277
0.000093 0.055046 1.620054 0.030277
0.000093 0.055046 1.620054 0.030277
0.000092 0.055046 1.620054 0.030277
0.000092 0.055046 1.620054 0.030277
0.000092 0.055046 1.620054 0.030277
0.000092 0.055046 1.620054 0.030277
0.000091 0.055046 1.620054 0.030277
0.000091 0.055046 1.620055 0.030277
0.000091 0.055046 1.620055 0.030277
0.000091 0.055046 1.620055 0.030277
0.000090 0.055046 1.620055 0.030277
0.000090 0.055046 1.620055 0.030277
0.000090 0.055046 1.620055 0.030277
0.000090 0.055046 1.620055 0.030277
0.000089 0.055046 1.620055 0.030277
0.000089 0.055046 1.620055 0.030277
0.000089 0.055046 1.620055 0.030277
0.000089 0.055046 1.620055 0.030277
0.000089 0.055046 1.620055 0.030277
0.000088 0.055046 1.620055 0.030277
0.000088 0.055046 1.620055 0.030277
0.000088 0.055046 1.620055 0.030277
0.000088 0.055046 1.620055 0.030277
0.000087 0.055046 1.620055 0.030277
0.000087 0.055046 1.620055 0.030277
0.000087 0.055046 1.620055 0.030277
0.000087 0.055046 1.620055 0.030277
0.000086 0.055046 1.620055 0.030277
0.000086 0.055046 1.620055 0.030277
0.000086 0.055046 1.620055 0.030277
0.000086 0.055046 1.620055 0.030277
0.000086 0.055046 1.620055 0.030277
0.000085 0.055046 1.620055 0.030277
0.000085 0.055046 1.620055 0.030277
0.000085 0.055046 1.620055 0.030277
0.000085 0.055046 1.620055 0.030277
0.000084 0.055046 1.620055 0.030277
0.000084 0.055046 1.620055 0.030277
0.000084 0.055046 1.620055 0.030277
0.000084 0.055046 1.620055 0.030277
0.000084 0.055046 1.620055 0.030277
0.000083 0.055046 1.620055 0.030277
0.000083 0.055046 1.620055 0.030277
0.000083 0.055046 1.620055 0.030277
0.000083 0.055046 1.620055 0.030277
0.000082 0.055046 1.620055 0.030277
0.000082 0.055046 1.620055 0.030277
0.000082 0.055046 1.620056 0.030277
0.000082 0.055046 1.620056 0.030277
0.000082 0.055046 1.620056 0.030277
0.000081 0.055046 1.620056 0.030277
0.000081 0.055046 1.620056 0.030277
0.000081 0.055046 1.620056 0.030277
0.000081 0.055046 1.620056 0.030277
0.000081 0.055046 1.620056 0.030277
0.000080 0.055046 1.620056 0.030277
0.000080 0.055046 1.620056 0.030277
0.000080 0.055046 1.620056 0.030277
0.000080 0.055046 1.620056 0.030277
0.000080 0.055046 1.620056 0.030277
0.000079 0.055046 1.620056 0.030277
0.000079 0.055046 1.620056 0.030277
0.000079 0.055046 1.620056 0.030277
0.000079 0.055046 1.620056 0.030277
0.000078 0.055046 1.620056 0.030277
0.000078 0.055046 1.620056 0.030277
0.000078 0.055046 1.620056 0.030277
0.000078 0.055046 1.620056 0.030277
0.000078 0.055046 1.620056 0.030277
0.000077 0.055046 1.620056 0.030277
0.000077 0.055046 1.620056 0.030277
0.000077 0.055046 1.620056 0.030277
0.000077 0.055046 1.620056 0.030277
0.000077 0.055046 1.620056 0.030277
0.000076 0.055046 1.620056 0.030277
0.000076 0.055046 1.620056 0.030277
0.000076 0.055046 1.620056 0.030277
0.000076 0.055046 1.620056 0.030277
0.000076 0.055046 1.620056 0.030277
0.000075 0.055046 1.620056 0.030277
0.000075 0.055046 1.620056 0.030277
0.000075 0.055046 1.620056 0.030277
0.000075 0.055046 1.620056 0.030277
0.000075 0.055046 1.620056 0.030277
0.000075 0.055046 1.620056 0.030277
0.000074 0.055046 1.620056 0.030277
0.000074 0.055046 1.620056 0.030277
0.000074 0.055046 1.620056 0.030277
0.000074 0.055046 1.620056 0.030277
0.000074 0.055046 1.620056 0.030277
0.000073 0.055046 1.620056 0.030277
0.000073 0.055046 1.620056 0.030277
0.000073 0.055046 1.620057 0.030277
0.000073 0.055046 1.620057 0.030277
0.000073 0.055046 1.620057 0.030277
0.000072 0.055046 1.620057 0.030277
0.000072 0.055046 1.620057 0.030277
0.000072 0.055046 1.620057 0.030277
0.000072 0.055046 1.620057 0.030277
0.000072 0.055046 1.620057 0.030277
0.000071 0.055046 1.620057 0.030277
0.000071 0.055046 1.620057 0.030277
0.000071 0.055046 1.620057 0.030277
0.000071 0.055046 1.620057 0.030277
0.000071 0.055046 1.620057 0.030277
0.000071 0.055046 1.620057 0.030277
0.000070 0.055046 1.620057 0.030277
0.000070 0.055046 1.620057 0.030277
0.000070 0.055046 1.620057 0.030277
0.000070 0.055046 1.620057 0.030277
0.000070 0.055046 1.620057 0.030277
0.000069 0.055046 1.620057 0.030277
0.000069 0.055046 1.620057 0.030277
0.000069 0.055046 1.620057 0.030277
0.000069 0.055046 1.620057 0.030277
0.000069 0.055046 1.620057 0.030277
0.000069 0.055046 1.620057 0.030277
0.000068 0.055046 1.620057 0.030277
0.000068 0.055046 1.620057 0.030277
0.000068 0.055046 1.620057 0.030277
0.000068 0.055046 1.620057 0.030277
0.000068 0.055046 1.620057 0.030277
0.000067 0.055046 1.620057 0.030277
0.000067 0.055046 1.620057 0.030277
0.000067 0.055046 1.620057 0.030277
0.000067 0.055046 1.620057 0.030277
0.000067 0.055046 1.620057 0.030277
0.000067 0.055046 1.620057 0.030277
0.000066 0.055046 1.620057 0.030277
0.000066 0.055046 1.620057 0.030277
0.000066 0.055046 1.620057 0.030277
0.000066 0.055046 1.620057 0.030277
0.000066 0.055046 1.620057 0.030277
0.000066 0.055046 1.620057 0.030277
0.000065 0.055046 1.620057 0.030277
0.000065 0.055046 1.620057 0.030277
0.000065 0.055046 1.620057 0.030277
0.000065 0.055046 1.620057 0.030277
0.000065 0.055046 1.620057 0.030277
0.000065 0.055046 1.620057 0.030277
0.000064 0.055046 1.620057 0.030277
0.000064 0.055046 1.620057 0.030277
0.000064 0.055046 1.620057 0.030277
0.000064 0.055046 1.620058 0.030277
0.000064 0.055046 1.620058 0.030277
0.000064 0.055046 1.620058 0.030277
0.000063 0.055046 1.620058 0.030277
0.000063 0.055046 1.620058 0.030277
0.000063 0.055046 1.620058 0.030277
0.000063 0.055046 1.620058 0.030277
0.000063 0.055046 1.620058 0.030277
0.000063 0.055046 1.620058 0.030277
0.000062 0.055046 1.620058 0.030277
0.000062 0.055046 1.620058 0.030277
0.000062 0.055046 1.620058 0.030277
0.000062 0.055046 1.620058 0.030277
0.000062 0.055046 1.620058 0.030277
0.000062 0.055046 1.620058 0.030277
0.000061 0.055046 1.620058 0.030277
0.000061 0.055046 1.620058 0.030277
0.000061 0.055046 1.620058 0.030277
0.000061 0.055046 1.620058 0.030277
0.000061 0.055046 1.620058 0.030277
0.000061 0.055046 1.620058 0.030277
0.000060 0.055046 1.620058 0.030277
0.000060 0.055046 1.620058 0.030277
0.000060 0.055046 1.620058 0.030277
0.000060 0.055046 1.620058 0.030277
0.000060 0.055046 1.620058 0.030277
0.000060 0.055046 1.620058 0.030277
0.000060 0.055046 1.620058 0.030277
0.000059 0.055046 1.620058 0.030277
0.000059 0.055046 1.620058 0.030277
0.000059 0.055046 1.620058 0.030277
0.000059 0.055046 1.620058 0.030277
0.000059 0.055046 1.620058 0.030277
0.000059 0.055046 1.620058 0.030277
0.000058 0.055046 1.620058 0.030277
0.000058 0.055046 1.620058 0.030277
0.000058 0.055046 1.620058 0.030277
0.000058 0.055046 1.620058 0.030277
0.000058 0.055046 1.620058 0.030277
0.000058 0.055046 1.620058 0.030277
0.000058 0.055046 1.620058 0.030277
0.000057 0.055046 1.620058 0.030277
0.000057 0.055046 1.620058 0.030277
0.000057 0.055046 1.620058 0.030277
0.000057 0.055046 1.620058 0.030277
0.000057 0.055046 1.620058 0.030277
0.000057 0.055046 1.620058 0.030277
0.000057 0.055046 1.620058 0.030277
0.000056 0.055046 1.620058 0.030277
0.000056 0.055046 1.620058 0.030277
0.000056 0.055046 1.620058 0.030277
0.000056 0.055046 1.620058 0.030277
0.000056 0.055046 1.620058 0.030277
0.000056 0.055046 1.620058 0.030277
0.000055 0.055046 1.620058 0.030277
0.000055 0.055046 1.620058 0.030277
0.000055 0.055046 1.620058 0.030277
0.000055 0.055046 1.620058 0.030277
0.000055 0.055046 1.620058 0.030277
0.000055 0.055046 1.620059 0.030277
0.000055 0.055046 1.620059 0.030277
0.000054 0.055046 1.620059 0.030277
0.000054 0.055046 1.620059 0.030277
0.000054 0.055046 1.620059 0.030277
0.000054 0.055046 1.620059 0.030277
0.000054 0.055046 1.620059 0.030277
0.000054 0.055046 1.620059 0.030277
0.000054 0.055046 1.620059 0.030277
0.000054 0.055046 1.620059 0.030277
0.000053 0.055046 1.620059 0.030277
0.000053 0.055046 1.620059 0.030277
0.000053 0.055046 1.620059 0.030277
0.000053 0.055046 1.620059 0.030277
0.000053 0.055046 1.620059 0.030277
0.000053 0.055046 1.620059 0.030277
0.000053 0.055046 1.620059 0.030277
0.000052 0.055046 1.620059 0.030277
0.000052 0.055046 1.620059 0.030277
0.000052 0.055046 1.620059 0.030277
0.000052 0.055046 1.620059 0.030277
0.000052 0.055046 1.620059 0.030277
0.000052 0.055046 1.620059 0.030277
0.000052 0.055046 1.620059 0.030277
0.000051 0.055046 1.620059 0.030277
0.000051 0.055046 1.620059 0.030277
0.000051 0.055046 1.620059 0.030277
0.000051 0.055046 1.620059 0.030277
0.000051 0.055046 1.620059 0.030277
0.000051 0.055046 1.620059 0.030277
0.000051 0.055046 1.620059 0.030277
0.000051 0.055046 1.620059 0.030277
0.000050 0.055046 1.620059 0.030277
0.000050 0.055046 1.620059 0.030277
0.000050 0.055046 1.620059 0.030277
0.000050 0.055046 1.620059 0.030277
0.000050 0.055046 1.620059 0.030277
0.000050 0.055046 1.620059 0.030277
0.000050 0.055046 1.620059 0.030277
0.000049 0.055046 1.620059 0.030277
0.000049 0.055046 1.620059 0.030277
0.000049 0.055046 1.620059 0.030277
0.000049 0.055046 1.620059 0.030277
0.000049 0.055046 1.620059 0.030277
0.000049 0.055046 1.620059 0.030277
0.000049 0.055046 1.620059 0.030277
0.000049 0.055046 1.620059 0.030277
0.000048 0.055046 1.620059 0.030277
0.000048 0.055046 1.620059 0.030277
0.000048 0.055046 1.620059 0.030277
0.000048 0.055046 1.620059 0.030277
0.000048 0.055046 1.620059 0.030277
0.000048 0.055046 1.620059 0.030277
0.000048 0.055046 1.620059 0.030277
0.000048 0.055046 1.620059 0.030277
0.000047 0.055046 1.620059 0.030277
0.000047 0.055046 1.620059 0.030277
0.000047 0.055046 1.620059 0.030277
0.000047 0.055046 1.620059 0.030277
0.000047 0.055046 1.620059 0.030277
0.000047 0.055046 1.620059 0.030277
0.000047 0.055046 1.620059 0.030277
0.000047 0.055046 1.620059 0.030277
0.000046 0.055046 1.620059 0.030277
0.000046 0.055046 1.620059 0.030277
0.000046 0.055046 1.620059 0.030277
0.000046 0.055046 1.620059 0.030277
0.000046 0.055046 1.620059 0.030277
0.000046 0.055046 1.620059 0.030277
0.000046 0.055046 1.620060 0.030277
0.000046 0.055046 1.620060 0.030277
0.000046 0.055046 1.620060 0.030277
0.000045 0.055046 1.620060 0.030277
0.000045 0.055046 1.620060 0.030277
0.000045 0.055046 1.620060 0.030277
0.000045 0.055046 1.620060 0.030277
0.000045 0.055046 1.620060 0.030277
0.000045 0.055046 1.620060 0.030277
0.000045 0.055046 1.620060 0.030277
0.000045 0.055046 1.620060 0.030277
0.000044 0.055046 1.620060 0.030277
0.000044 0.055046 1.620060 0.030277
0.000044 0.055046 1.620060 0.030277
0.000044 0.055046 1.620060 0.030277
0.000044 0.055046 1.620060 0.030277
0.000044 0.055046 1.620060 0.030277
0.000044 0.055046 1.620060 0.030277
0.000044 0.055046 1.620060 0.030277
0.000044 0.055046 1.620060 0.030277
0.000043 0.055046 1.620060 0.030277
0.000043 0.055046 1.620060 0.030277
0.000043 0.055046 1.620060 0.030277
0.000043 0.055046 1.620060 0.030277
0.000043 0.055046 1.620060 0.030277
0.000043 0.055046 1.620060 0.030277
0.000043 0.055046 1.620060 0.030277
0.000043 0.055046 1.620060 0.030277
0.000043 0.055046 1.620060 0.030277
0.000042 0.055046 1.620060 0.030277
0.000042 0.055046 1.620060 0.030277
0.000042 0.055046 1.620060 0.030277
0.000042 0.055046 1.620060 0.030277
0.000042 0.055046 1.620060 0.030277
0.000042 0.055046 1.620060 0.030277
0.000042 0.055046 1.620060 0.030277
0.000042 0.055046 1.620060 0.030277
0.000042 0.055046 1.620060 0.030277
0.000041 0.055046 1.620060 0.030277
0.000041 0.055046 1.620060 0.030277
0.000041 0.055046 1.620060 0.030277
0.000041 0.055046 1.620060 0.030277
0.000041 0.055046 1.620060 0.030277
0.000041 0.055046 1.620060 0.030277
0.000041 0.055046 1.620060 0.030277
0.000041 0.055046 1.620060 0.030277
0.000041 0.055046 1.620060 0.030277
0.000040 0.055046 1.620060 0.030277
0.000040 0.055046 1.620060 0.030277
0.000040 0.055046 1.620060 0.030277
0.000040 0.055046 1.620060 0.030277
0.000040 0.055046 1.620060 0.030277
0.000040 0.055046 1.620060 0.030277
0.000040 0.055046 1.620060 0.030277
0.000040 0.055046 1.620060 0.030277
0.000040 0.055046 1.620060 0.030277
0.000040 0.055046 1.620060 0.030277
0.000039 0.055046 1.620060 0.030277
0.000039 0.055046 1.620060 0.030277
0.000039 0.055046 1.620060 0.030277
0.000039 0.055046 1.620060 0.030277
0.000039 0.055046 1.620060 0.030277
0.000039 0.055046 1.620060 0.030277
0.000039 0.055046 1.620060 0.030277
0.000039 0.055046 1.620060 0.030277
0.000039 0.055046 1.620060 0.030277
0.000039 0.055046 1.620060 0.030277
0.000038 0.055046 1.620060 0.030277
0.000038 0.055046 1.620060 0.030277
0.000038 0.055046 1.620060 0.030277
0.000038 0.055046 1.620060 0.030277
0.000038 0.055046 1.620060 0.030277
0.000038 0.055046 1.620060 0.030277
0.000038 0.055046 1.620060 0.030277
0.000038 0.055046 1.620060 0.030277
0.000038 0.055046 1.620060 0.030277
0.000038 0.055046 1.620060 0.030277
0.000037 0.055046 1.620060 0.030277
0.000037 0.055046 1.620060 0.030277
0.000037 0.055046 1.620060 0.030277
0.000037 0.055046 1.620060 0.030277
0.000037 0.055046 1.620060 0.030277
0.000037 0.055046 1.620060 0.030277
0.000037 0.055046 1.620060 0.030277
0.000037 0.055046 1.620060 0.030277
0.000037 0.055046 1.620061 0.030277
0.000037 0.055046 1.620061 0.030277
0.000036 0.055046 1.620061 0.030277
0.000036 0.055046 1.620061 0.030277
0.000036 0.055046 1.620061 0.030277
0.000036 0.055046 1.620061 0.030277
0.000036 0.055046 1.620061 0.030277
0.000036 0.055046 1.620061 0.030277
0.000036 0.055046 1.620061 0.030277
0.000036 0.055046 1.620061 0.030277
0.000036 0.055046 1.620061 0.030277
0.000036 0.055046 1.620061 0.030277
0.000036 0.055046 1.620061 0.030277
0.000035 0.055046 1.620061 0.030277
0.000035 0.055046 1.620061 0.030277
0.000035 0.055046 1.620061 0.030277
0.000035 0.055046 1.620061 0.030277
0.000035 0.055046 1.620061 0.030277
0.000035 0.055046 1.620061 0.030277
0.000035 0.055046 1.620061 0.030277
0.000035 0.055046 1.620061 0.030277
0.000035 0.055046 1.620061 0.030277
0.000035 0.055046 1.620061 0.030277
0.000035 0.055046 1.620061 0.030277
0.000034 0.055046 1.620061 0.030277
0.000034 0.055046 1.620061 0.030277
0.000034 0.055046 1.620061 0.030277
0.000034 0.055046 1.620061 0.030277
0.000034 0.055046 1.620061 0.030277
0.000034 0.055046 1.620061 0.030277
0.000034 0.055046 1.620061 0.030277
0.000034 0.055046 1.620061 0.030277
0.000034 0.055046 1.620061 0.030277
0.000034 0.055046 1.620061 0.030277
0.000034 0.055046 1.620061 0.030277
0.000033 0.055046 1.620061 0.030277
0.000033 0.055046 1.620061 0.030277
0.000033 0.055046 1.620061 0.030277
0.000033 0.055046 1.620061 0.030277
0.000033 0.055046 1.620061 0.030277
0.000033 0.055046 1.620061 0.030277
0.000033 0.055046 1.620061 0.030277
0.000033 0.055046 1.620061 0.030277
0.000033 0.055046 1.620061 0.030277
0.000033 0.055046 1.620061 0.030277
0.000033 0.055046 1.620061 0.030277
0.000033 0.055046 1.620061 0.030277
0.000032 0.055046 1.620061 0.030277
0.000032 0.055046 1.620061 0.030277
0.000032 0.055046 1.620061 0.030277
0.000032 0.055046 1.620061 0.030277
0.000032 0.055046 1.620061 0.030277
0.000032 0.055046 1.620061 0.030277
0.000032 0.055046 1.620061 0.030277
0.000032 0.055046 1.620061 0.030277
0.000032 0.055046 1.620061 0.030277
0.000032 0.055046 1.620061 0.030277
0.000032 0.055046 1.620061 0.030277
0.000032 0.055046 1.620061 0.030277
0.000031 0.055046 1.620061 0.030277
0.000031 0.055046 1.620061 0.030277
0.000031 0.055046 1.620061 0.030277
0.000031 0.055046 1.620061 0.030277
0.000031 0.055046 1.620061 0.030277
0.000031 0.055046 1.620061 0.030277
0.000031 0.055046 1.620061 0.030277
0.000031 0.055046 1.620061 0.030277
0.000031 0.055046 1.620061 0.030277
0.000031 0.055046 1.620061 0.030277
0.000031 0.055046 1.620061 0.030277
0.000031 0.055046 1.620061 0.030277
0.000030 0.055046 1.620061 0.030277
0.000030 0.055046 1.620061 0.030277
0.000030 0.055046 1.620061 0.030277
0.000030 0.055046 1.620061 0.030277
0.000030 0.055046 1.620061 0.030277
0.000030 0.055046 1.620061 0.030277
0.000030 0.055046 1.620061 0.030277
0.000030 0.055046 1.620061 0.030277
0.000030 0.055046 1.620061 0.030277
0.000030 0.055046 1.620061 0.030277
0.000030 0.055046 1.620061 0.030277
0.000030 0.055046 1.620061 0.030277
0.000030 0.055046 1.620061 0.030277
0.000029 0.055046 1.620061 0.030277
0.000029 0.055046 1.620061 0.030277
0.000029 0.055046 1.620061 0.030277
0.000029 0.055046 1.620061 0.030277
0.000029 0.055046 1.620061 0.030277
0.000029 0.055046 1.620061 0.030277
0.000029 0.055046 1.620061 0.030277
0.000029 0.055046 1.620061 0.030277
0.000029 0.055046 1.620061 0.030277
0.000029 0.055046 1.620061 0.030277
0.000029 0.055046 1.620061 0.030277
0.000029 0.055046 1.620061 0.030277
0.000029 0.055046 1.620061 0.030277
0.000028 0.055046 1.620061 0.030277
0.000028 0.055046 1.620061 0.030277
0.000028 0.055047 1.620061 0.030277
0.000028 0.055047 1.620061 0.030277
0.000028 0.055047 1.620061 0.030277
0.000028 0.055047 1.620061 0.030277
0.000028 0.055047 1.620061 0.030277
0.000028 0.055047 1.620061 0.030277
0.000028 0.055047 1.620061 0.030277
0.000028 0.055047 1.620061 0.030277
0.000028 0.055047 1.620061 0.030277
0.000028 0.055047 1.620061 0.030277
0.000028 0.055047 1.620062 0.030277
0.000028 0.055047 1.620062 0.030277
0.000027 0.055047 1.620062 0.030277
0.000027 0.055047 1.620062 0.030277
0.000027 0.055047 1.620062 0.030277
0.000027 0.055047 1.620062 0.030277
0.000027 0.055047 1.620062 0.030277
0.000027 0.055047 1.620062 0.030277
0.000027 0.055047 1.620062 0.030277
0.000027 0.055047 1.620062 0.030277
0.000027 0.055047 1.620062 0.030277
0.000027 0.055047 1.620062 0.030277
0.000027 0.055047 1.620062 0.030277
0.000027 0.055047 1.620062 0.030277
0.000027 0.055047 1.620062 0.030277
0.000027 0.055047 1.620062 0.030277
0.000026 0.055047 1.620062 0.030277
0.000026 0.055047 1.620062 0.030277
0.000026 0.055047 1.620062 0.030277
0.000026 0.055047 1.620062 0.030277
0.000026 0.055047 1.620062 0.030277
0.000026 0.055047 1.620062 0.030277
0.000026 0.055047 1.620062 0.030277
0.000026 0.055047 1.620062 0.030277
0.000026 0.055047 1.620062 0.030277
0.000026 0.055047 1.620062 0.030277
0.000026 0.055047 1.620062 0.030277
0.000026 0.055047 1.620062 0.030277
0.000026 0.055047 1.620062 0.030277
0.000026 0.055047 1.620062 0.030277
0.000026 0.055047 1.620062 0.030277
0.000025 0.055047 1.620062 0.030277
0.000025 0.055047 1.620062 0.030277
0.000025 0.055047 1.620062 0.030278
0.000025 0.055047 1.620062 0.030278
0.000025 0.055047 1.620062 0.030278
0.000025 0.055047 1.620062 0.030278
0.000025 0.055047 1.620062 0.030278
0.000025 0.055047 1.620062 0.030278
0.000025 0.055047 1.620062 0.030278
0.000025 0.055047 1.620062 0.030278
0.000025 0.055047 1.620062 0.030278
0.000025 0.055047 1.620062 0.030278
0.000025 0.055047 1.620062 0.030278
0.000025 0.055047 1.620062 0.030278
0.000025 0.055047 1.620062 0.030278
0.000024 0.055047 1.620062 0.030278
0.000024 0.055047 1.620062 0.030278
0.000024 0.055047 1.620062 0.030278
0.000024 0.055047 1.620062 0.030278
0.000024 0.055047 1.620062 0.030278
0.000024 0.055047 1.620062 0.030278
0.000024 0.055047 1.620062 0.030278
0.000024 0.055047 1.620062 0.030278
0.000024 0.055047 1.620062 0.030278
0.000024 0.055047 1.620062 0.030278
0.000024 0.055047 1.620062 0.030278
0.000024 0.055047 1.620062 0.030278
0.000024 0.055047 1.620062 0.030278
0.000024 0.055047 1.620062 0.030278
0.000024 0.055047 1.620062 0.030278
0.000024 0.055047 1.620062 0.030278
0.000023 0.055047 1.620062 0.030278
0.000023 0.055047 1.620062 0.030278
0.000023 0.055047 1.620062 0.030278
0.000023 0.055047 1.620062 0.030278
0.000023 0.055047 1.620062 0.030278
0.000023 0.055047 1.620062 0.030278
0.000023 0.055047 1.620062 0.030278
0.000023 0.055047 1.620062 0.030278
0.000023 0.055047 1.620062 0.030278
0.000023 0.055047 1.620062 0.030278
0.000023 0.055047 1.620062 0.030278
0.000023 0.055047 1.620062 0.030278
0.000023 0.055047 1.620062 0.030278
0.000023 0.055047 1.620062 0.030278
0.000023 0.055047 1.620062 0.030278
0.000023 0.055047 1.620062 0.030278
0.000023 0.055047 1.620062 0.030278
0.000022 0.055047 1.620062 0.030278
0.000022 0.055047 1.620062 0.030278
0.000022 0.055047 1.620062 0.030278
0.000022 0.055047 1.620062 0.030278
0.000022 0.055047 1.620062 0.030278
0.000022 0.055047 1.620062 0.030278
0.000022 0.055047 1.620062 0.030278
0.000022 0.055047 1.620062 0.030278
0.000022 0.055047 1.620062 0.030278
0.000022 0.055047 1.620062 0.030278
0.000022 0.055047 1.620062 0.030278
0.000022 0.055047 1.620062 0.030278
0.000022 0.055047 1.620062 0.030278
0.000022 0.055047 1.620062 0.030278
0.000022 0.055047 1.620062 0.030278
0.000022 0.055047 1.620062 0.030278
0.000022 0.055047 1.620062 0.030278
0.000021 0.055047 1.620062 0.030278
0.000021 0.055047 1.620062 0.030278
0.000021 0.055047 1.620062 0.030278
0.000021 0.055047 1.620062 0.030278
0.000021 0.055047 1.620062 0.030278
0.000021 0.055047 1.620062 0.030278
0.000021 0.055047 1.620062 0.030278
0.000021 0.055047 1.620062 0.030278
0.000021 0.055047 1.620062 0.030278
0.000021 0.055047 1.620062 0.030278
0.000021 0.055047 1.620062 0.030278
0.000021 0.055047 1.620062 0.030278
0.000021 0.055047 1.620062 0.030278
0.000021 0.055047 1.620062 0.030278
0.000021 0.055047 1.620062 0.030278
0.000021 0.055047 1.620062 0.030278
0.000021 0.055047 1.620062 0.030278
0.000021 0.055047 1.620062 0.030278
0.000020 0.055047 1.620062 0.030278
0.000020 0.055047 1.620062 0.030278
0.000020 0.055047 1.620062 0.030278
0.000020 0.055047 1.620062 0.030278
0.000020 0.055047 1.620062 0.030278
0.000020 0.055047 1.620062 0.030278
0.000020 0.055047 1.620062 0.030278
0.000020 0.055047 1.620062 0.030278
0.000020 0.055047 1.620062 0.030278
0.000020 0.055047 1.620062 0.030278
0.000020 0.055047 1.620062 0.030278
0.000020 0.055047 1.620062 0.030278
0.000020 0.055047 1.620062 0.030278
0.000020 0.055047 1.620062 0.030278
0.000020 0.055047 1.620062 0.030278
0.000020 0.055047 1.620062 0.030278
0.000020 0.055047 1.620062 0.030278
0.000020 0.055047 1.620062 0.030278
0.000020 0.055047 1.620062 0.030278
0.000019 0.055047 1.620062 0.030278
0.000019 0.055047 1.620062 0.030278
0.000019 0.055047 1.620062 0.030278
0.000019 0.055047 1.620062 0.030278
0.000019 0.055047 1.620062 0.030278
0.000019 0.055047 1.620062 0.030278
0.000019 0.055047 1.620062 0.030278
0.000019 0.055047 1.620062 0.030278
0.000019 0.055047 1.620062 0.030278
0.000019 0.055047 1.620062 0.030278
0.000019 0.055047 1.620062 0.030278
0.000019 0.055047 1.620062 0.030278
0.000019 0.055047 1.620062 0.030278
0.000019 0.055047 1.620062 0.030278
0.000019 0.055047 1.620062 0.030278
0.000019 0.055047 1.620062 0.030278
0.000019 0.055047 1.620062 0.030278
0.000019 0.055047 1.620062 0.030278
0.000019 0.055047 1.620062 0.030278
0.000019 0.055047 1.620063 0.030278
0.000019 0.055047 1.620063 0.030278
0.000018 0.055047 1.620063 0.030278
0.000018 0.055047 1.620063 0.030278
0.000018 0.055047 1.620063 0.030278
0.000018 0.055047 1.620063 0.030278
0.000018 0.055047 1.620063 0.030278
0.000018 0.055047 1.620063 0.030278
0.000018 0.055047 1.620063 0.030278
0.000018 0.055047 1.620063 0.030278
0.000018 0.055047 1.620063 0.030278
0.000018 0.055047 1.620063 0.030278
0.000018 0.055047 1.620063 0.030278
0.000018 0.055047 1.620063 0.030278
0.000018 0.055047 1.620063 0.030278
0.000018 0.055047 1.620063 0.030278
0.000018 0.055047 1.620063 0.030278
0.000018 0.055047 1.620063 0.030278
0.000018 0.055047 1.620063 0.030278
0.000018 0.055047 1.620063 0.030278
0.000018 0.055047 1.620063 0.030278
0.000018 0.055047 1.620063 0.030278
0.000018 0.055047 1.620063 0.030278
0.000017 0.055047 1.620063 0.030278
0.000017 0.055047 1.620063 0.030278
0.000017 0.055047 1.620063 0.030278
0.000017 0.055047 1.620063 0.030278
0.000017 0.055047 1.620063 0.030278
0.000017 0.055047 1.620063 0.030278
0.000017 0.055047 1.620063 0.030278
0.000017 0.055047 1.620063 0.030278
0.000017 0.055047 1.620063 0.030278
0.000017 0.055047 1.620063 0.030278
0.000017 0.055047 1.620063 0.030278
0.000017 0.055047 1.620063 0.030278
0.000017 0.055047 1.620063 0.030278
0.000017 0.055047 1.620063 0.030278
0.000017 0.055047 1.620063 0.030278
0.000017 0.055047 1.620063 0.030278
0.000017 0.055047 1.620063 0.030278
0.000017 0.055047 1.620063 0.030278
0.000017 0.055047 1.620063 0.030278
0.000017 0.055047 1.620063 0.030278
0.000017 0.055047 1.620063 0.030278
0.000017 0.055047 1.620063 0.030278
0.000017 0.055047 1.620063 0.030278
0.000016 0.055047 1.620063 0.030278
0.000016 0.055047 1.620063 0.030278
0.000016 0.055047 1.620063 0.030278
0.000016 0.055047 1.620063 0.030278
0.000016 0.055047 1.620063 0.030278
0.000016 0.055047 1.620063 0.030278
0.000016 0.055047 1.620063 0.030278
0.000016 0.055047 1.620063 0.030278
0.000016 0.055047 1.620063 0.030278
0.000016 0.055047 1.620063 0.030278
0.000016 0.055047 1.620063 0.030278
0.000016 0.055047 1.620063 0.030278
0.000016 0.055047 1.620063 0.030278
0.000016 0.055047 1.620063 0.030278
0.000016 0.055047 1.620063 0.030278
0.000016 0.055047 1.620063 0.030278
0.000016 0.055047 1.620063 0.030278
0.000016 0.055047 1.620063 0.030278
0.000016 0.055047 1.620063 0.030278
0.000016 0.055047 1.620063 0.030278
0.000016 0.055047 1.620063 0.030278
0.000016 0.055047 1.620063 0.030278
0.000016 0.055047 1.620063 0.030278
0.000016 0.055047 1.620063 0.030278
0.000015 0.055047 1.620063 0.030278
0.000015 0.055047 1.620063 0.030278
0.000015 0.055047 1.620063 0.030278
0.000015 0.055047 1.620063 0.030278
0.000015 0.055047 1.620063 0.030278
0.000015 0.055047 1.620063 0.030278
0.000015 0.055047 1.620063 0.030278
0.000015 0.055047 1.620063 0.030278
0.000015 0.055047 1.620063 0.030278
0.000015 0.055047 1.620063 0.030278
0.000015 0.055047 1.620063 0.030278
0.000015 0.055047 1.620063 0.030278
0.000015 0.055047 1.620063 0.030278
0.000015 0.055047 1.620063 0.030278
0.000015 0.055047 1.620063 0.030278
0.000015 0.055047 1.620063 0.030278
0.000015 0.055047 1.620063 0.030278
0.000015 0.055047 1.620063 0.030278
0.000015 0.055047 1.620063 0.030278
0.000015 0.055047 1.620063 0.030278
0.000015 0.055047 1.620063 0.030278
0.000015 0.055047 1.620063 0.030278
0.000015 0.055047 1.620063 0.030278
0.000015 0.055047 1.620063 0.030278
0.000015 0.055047 1.620063 0.030278
0.000014 0.055047 1.620063 0.030278
0.000014 0.055047 1.620063 0.030278
0.000014 0.055047 1.620063 0.030278
0.000014 0.055047 1.620063 0.030278
0.000014 0.055047 1.620063 0.030278
0.000014 0.055047 1.620063 0.030278
0.000014 0.055047 1.620063 0.030278
0.000014 0.055047 1.620063 0.030278
0.000014 0.055047 1.620063 0.030278
0.000014 0.055047 1.620063 0.030278
0.000014 0.055047 1.620063 0.030278
0.000014 0.055047 1.620063 0.030278
0.000014 0.055047 1.620063 0.030278
0.000014 0.055047 1.620063 0.030278
0.000014 0.055047 1.620063 0.030278
0.000014 0.055047 1.620063 0.030278
0.000014 0.055047 1.620063 0.030278
0.000014 0.055047 1.620063 0.030278
0.000014 0.055047 1.620063 0.030278
0.000014 0.055047 1.620063 0.030278
0.000014 0.055047 1.620063 0.030278
0.000014 0.055047 1.620063 0.030278
0.000014 0.055047 1.620063 0.030278
0.000014 0.055047 1.620063 0.030278
0.000014 0.055047 1.620063 0.030278
0.000014 0.055047 1.620063 0.030278
0.000014 0.055047 1.620063 0.030278
0.000014 0.055047 1.620063 0.030278
0.000013 0.055047 1.620063 0.030278
0.000013 0.055047 1.620063 0.030278
0.000013 0.055047 1.620063 0.030278
0.000013 0.055047 1.620063 0.030278
0.000013 0.055047 1.620063 0.030278
0.000013 0.055047 1.620063 0.030278
0.000013 0.055047 1.620063 0.030278
0.000013 0.055047 1.620063 0.030278
0.000013 0.055047 1.620063 0.030278
0.000013 0.055047 1.620063 0.030278
0.000013 0.055047 1.620063 0.030278
0.000013 0.055047 1.620063 0.030278
0.000013 0.055047 1.620063 0.030278
0.000013 0.055047 1.620063 0.030278
0.000013 0.055047 1.620063 0.030278
0.000013 0.055047 1.620063 0.030278
0.000013 0.055047 1.620063 0.030278
0.000013 0.055047 1.620063 0.030278
0.000013 0.055047 1.620063 0.030278
0.000013 0.055047 1.620063 0.030278
0.000013 0.055047 1.620063 0.030278
0.000013 0.055047 1.620063 0.030278
0.000013 0.055047 1.620063 0.030278
0.000013 0.055047 1.620063 0.030278
0.000013 0.055047 1.620063 0.030278
0.000013 0.055047 1.620063 0.030278
0.000013 0.055047 1.620063 0.030278
0.000013 0.055047 1.620063 0.030278
0.000013 0.055047 1.620063 0.030278
0.000012 0.055047 1.620063 0.030278
0.000012 0.055047 1.620063 0.030278
0.000012 0.055047 1.620063 0.030278
0.000012 0.055047 1.620063 0.030278
0.000012 0.055047 1.620063 0.030278
0.000012 0.055047 1.620063 0.030278
0.000012 0.055047 1.620063 0.030278
0.000012 0.055047 1.620063 0.030278
0.000012 0.055047 1.620063 0.030278
0.000012 0.055047 1.620063 0.030278
0.000012 0.055047 1.620063 0.030278
0.000012 0.055047 1.620063 0.030278
0.000012 0.055047 1.620063 0.030278
0.000012 0.055047 1.620063 0.030278
0.000012 0.055047 1.620063 0.030278
0.000012 0.055047 1.620063 0.030278
0.000012 0.055047 1.620063 0.030278
0.000012 0.055047 1.620063 0.030278
0.000012 0.055047 1.620063 0.030278
0.000012 0.055047 1.620063 0.030278
0.000012 0.055047 1.620063 0.030278
0.000012 0.055047 1.620063 0.030278
0.000012 0.055047 1.620063 0.030278
0.000012 0.055047 1.620063 0.030278
0.000012 0.055047 1.620063 0.030278
0.000012 0.055047 1.620063 0.030278
0.000012 0.055047 1.620063 0.030278
0.000012 0.055047 1.620063 0.030278
0.000012 0.055047 1.620063 0.030278
0.000012 0.055047 1.620063 0.030278
0.000012 0.055047 1.620063 0.030278
0.000012 0.055047 1.620063 0.030278
0.000011 0.055047 1.620063 0.030278
0.000011 0.055047 1.620063 0.030278
0.000011 0.055047 1.620063 0.030278
0.000011 0.055047 1.620063 0.030278
0.000011 0.055047 1.620063 0.030278
0.000011 0.055047 1.620063 0.030278
0.000011 0.055047 1.620063 0.030278
0.000011 0.055047 1.620063 0.030278
0.000011 0.055047 1.620063 0.030278
0.000011 0.055047 1.620063 0.030278
0.000011 0.055047 1.620063 0.030278
0.000011 0.055047 1.620063 0.030278
0.000011 0.055047 1.620063 0.030278
0.000011 0.055047 1.620063 0.030278
0.000011 0.055047 1.620063 0.030278
0.000011 0.055047 1.620063 0.030278
0.000011 0.055047 1.620063 0.030278
0.000011 0.055047 1.620063 0.030278
0.000011 0.055047 1.620063 0.030278
0.000011 0.055047 1.620063 0.030278
0.000011 0.055047 1.620063 0.030278
0.000011 0.055047 1.620063 0.030278
0.000011 0.055047 1.620063 0.030278
0.000011 0.055047 1.620063 0.030278
0.000011 0.055047 1.620063 0.030278
0.000011 0.055047 1.620063 0.030278
0.000011 0.055047 1.620063 0.030278
0.000011 0.055047 1.620063 0.030278
0.000011 0.055047 1.620063 0.030278
0.000011 0.055047 1.620063 0.030278
0.000011 0.055047 1.620063 0.030278
0.000011 0.055047 1.620063 0.030278
0.000011 0.055047 1.620063 0.030278
0.000011 0.055047 1.620063 0.030278
0.000011 0.055047 1.620063 0.030278
0.000010 0.055047 1.620063 0.030278
0.000010 0.055047 1.620063 0.030278
0.000010 0.055047 1.620063 0.030278
0.000010 0.055047 1.620063 0.030278
0.000010 0.055047 1.620063 0.030278
0.000010 0.055047 1.620063 0.030278
0.000010 0.055047 1.620063 0.030278
0.000010 0.055047 1.620063 0.030278
0.000010 0.055047 1.620063 0.030278
0.000010 0.055047 1.620063 0.030278
0.000010 0.055047 1.620063 0.030278
0.000010 0.055047 1.620063 0.030278
0.000010 0.055047 1.620063 0.030278
0.000010 0.055047 1.620063 0.030278
0.000010 0.055047 1.620063 0.030278
0.000010 0.055047 1.620063 0.030278
0.000010 0.055047 1.620063 0.030278
0.000010 0.055047 1.620063 0.030278
0.000010 0.055047 1.620063 0.030278
0.000010 0.055047 1.620063 0.030278
