1.572083 0.056001 1.600269 0.034311
1.111316 0.056001 1.600269 0.034311
0.801093 0.056001 1.600269 0.034311
0.642624 0.056001 1.600269 0.034311
0.555121 0.055992 1.600236 0.034305
0.494683 0.055982 1.600129 0.034299
0.452894 0.055923 1.599854 0.034258
0.421776 0.055843 1.599269 0.034203
0.397919 0.055796 1.598381 0.034170
0.379050 0.055809 1.597285 0.034176
0.363178 0.055879 1.596169 0.034219
0.349107 0.055985 1.595317 0.034287
0.335924 0.056104 1.595047 0.034363
0.322839 0.056210 1.595630 0.034433
0.309735 0.056286 1.597227 0.034483
0.296796 0.056316 1.599867 0.034504
0.284345 0.056295 1.603442 0.034492
0.272662 0.056221 1.607736 0.034447
0.261871 0.056102 1.612465 0.034373
0.251951 0.055948 1.617319 0.034280
0.242894 0.055775 1.622002 0.034177
0.234528 0.055601 1.626251 0.034076
0.226780 0.055445 1.629860 0.033987
0.219612 0.055321 1.632680 0.033922
0.213029 0.055245 1.634622 0.033888
0.207019 0.055224 1.635659 0.033891
0.201521 0.055261 1.635818 0.033931
0.196497 0.055356 1.635176 0.034009
0.191850 0.055500 1.633844 0.034117
0.187442 0.055684 1.631955 0.034251
0.183160 0.055896 1.629648 0.034400
0.178986 0.056122 1.627060 0.034557
0.174789 0.056350 1.624314 0.034712
0.170514 0.056570 1.621518 0.034860
0.166134 0.056772 1.618759 0.034994
0.161637 0.056950 1.616104 0.035110
0.157035 0.057101 1.613603 0.035207
0.152357 0.057222 1.611292 0.035283
0.147645 0.057314 1.609192 0.035339
0.142940 0.057377 1.607313 0.035375
0.138264 0.057412 1.605658 0.035394
0.133619 0.057424 1.604221 0.035396
0.128984 0.057413 1.602991 0.035385
0.124320 0.057384 1.601952 0.035362
0.119594 0.057339 1.601087 0.035328
0.114785 0.057280 1.600376 0.035286
0.109893 0.057211 1.599799 0.035238
0.104942 0.057132 1.599338 0.035184
0.099985 0.057046 1.598975 0.035126
0.095089 0.056955 1.598692 0.035065
0.090328 0.056859 1.598477 0.035001
0.085780 0.056761 1.598316 0.034935
0.081507 0.056660 1.598199 0.034868
0.077544 0.056557 1.598116 0.034799
0.073912 0.056454 1.598062 0.034731
0.070608 0.056350 1.598032 0.034661
0.067612 0.056247 1.598022 0.034592
0.064890 0.056144 1.598029 0.034524
0.062394 0.056043 1.598054 0.034456
0.060073 0.055944 1.598095 0.034389
0.057875 0.055847 1.598152 0.034324
0.055751 0.055753 1.598227 0.034261
0.053657 0.055661 1.598318 0.034199
0.051567 0.055573 1.598428 0.034139
0.049463 0.055488 1.598556 0.034082
0.047349 0.055407 1.598701 0.034026
0.045256 0.055330 1.598865 0.033974
0.043199 0.055257 1.599045 0.033923
0.041214 0.055187 1.599242 0.033875
0.039335 0.055122 1.599453 0.033830
0.037600 0.055061 1.599678 0.033788
0.036044 0.055003 1.599914 0.033748
0.034693 0.054950 1.600159 0.033710
0.033561 0.054901 1.600413 0.033676
0.032649 0.054856 1.600672 0.033644
0.031946 0.054814 1.600934 0.033614
0.031432 0.054777 1.601198 0.033587
0.031080 0.054743 1.601462 0.033563
0.030861 0.054713 1.601723 0.033541
0.030746 0.054687 1.601980 0.033521
0.030709 0.054664 1.602232 0.033504
0.030725 0.054645 1.602477 0.033489
0.030774 0.054629 1.602714 0.033476
0.030838 0.054617 1.602942 0.033466
0.030901 0.054607 1.603160 0.033458
0.030950 0.054601 1.603368 0.033451
0.030973 0.054597 1.603566 0.033447
0.030961 0.054597 1.603752 0.033444
0.030904 0.054598 1.603927 0.033443
0.030800 0.054603 1.604091 0.033444
0.030649 0.054609 1.604244 0.033446
0.030454 0.054618 1.604385 0.033450
0.030218 0.054629 1.604516 0.033456
0.029934 0.054642 1.604636 0.033462
0.029626 0.054656 1.604745 0.033470
0.029299 0.054672 1.604845 0.033479
0.028960 0.054690 1.604936 0.033489
0.028612 0.054709 1.605017 0.033500
0.028255 0.054729 1.605089 0.033512
0.027890 0.054751 1.605153 0.033525
0.027512 0.054773 1.605210 0.033539
0.027117 0.054796 1.605259 0.033553
0.026703 0.054820 1.605301 0.033567
0.026266 0.054844 1.605336 0.033582
0.025806 0.054869 1.605365 0.033598
0.025323 0.054894 1.605389 0.033614
0.024820 0.054920 1.605407 0.033630
0.024302 0.054945 1.605420 0.033646
0.023773 0.054971 1.605428 0.033662
0.023241 0.054996 1.605432 0.033678
0.022714 0.055022 1.605432 0.033695
0.022198 0.055047 1.605429 0.033711
0.021703 0.055072 1.605422 0.033727
0.021234 0.055097 1.605412 0.033743
0.020798 0.055121 1.605400 0.033758
0.020401 0.055145 1.605386 0.033774
0.020044 0.055168 1.605369 0.033789
0.019729 0.055191 1.605351 0.033803
0.019454 0.055213 1.605331 0.033818
0.019217 0.055235 1.605310 0.033832
0.019015 0.055256 1.605288 0.033846
0.018845 0.055277 1.605265 0.033859
0.018701 0.055297 1.605242 0.033872
0.018581 0.055316 1.605218 0.033884
0.018480 0.055335 1.605195 0.033896
0.018396 0.055353 1.605171 0.033908
0.018325 0.055370 1.605147 0.033919
0.018265 0.055387 1.605123 0.033930
0.018213 0.055403 1.605100 0.033940
0.018169 0.055418 1.605076 0.033950
0.018132 0.055433 1.605054 0.033959
0.018099 0.055447 1.605032 0.033968
0.018071 0.055460 1.605010 0.033976
0.018047 0.055473 1.604990 0.033984
0.018025 0.055485 1.604970 0.033992
0.018007 0.055496 1.604950 0.033999
0.017990 0.055507 1.604932 0.034005
0.017974 0.055517 1.604914 0.034011
0.017959 0.055527 1.604897 0.034017
0.017944 0.055536 1.604880 0.034022
0.017928 0.055544 1.604864 0.034027
0.017908 0.055552 1.604850 0.034032
0.017885 0.055560 1.604835 0.034036
0.017858 0.055567 1.604822 0.034040
0.017828 0.055573 1.604809 0.034044
0.017793 0.055579 1.604797 0.034047
0.017751 0.055585 1.604785 0.034050
0.017702 0.055590 1.604775 0.034052
0.017645 0.055595 1.604764 0.034054
0.017578 0.055599 1.604754 0.034056
0.017500 0.055603 1.604745 0.034058
0.017412 0.055607 1.604736 0.034060
0.017312 0.055610 1.604728 0.034061
0.017201 0.055613 1.604720 0.034062
0.017076 0.055616 1.604712 0.034063
0.016940 0.055618 1.604705 0.034064
0.016791 0.055620 1.604698 0.034064
0.016630 0.055622 1.604692 0.034065
0.016457 0.055624 1.604685 0.034065
0.016275 0.055625 1.604679 0.034065
0.016088 0.055627 1.604673 0.034065
0.015891 0.055628 1.604668 0.034065
0.015684 0.055629 1.604662 0.034064
0.015466 0.055630 1.604657 0.034064
0.015240 0.055630 1.604651 0.034064
0.015008 0.055631 1.604646 0.034063
0.014766 0.055632 1.604641 0.034063
0.014516 0.055632 1.604636 0.034062
0.014257 0.055632 1.604631 0.034061
0.013991 0.055632 1.604626 0.034061
0.013720 0.055633 1.604622 0.034060
0.013445 0.055633 1.604617 0.034059
0.013166 0.055633 1.604612 0.034058
0.012885 0.055633 1.604608 0.034058
0.012603 0.055633 1.604603 0.034057
0.012321 0.055633 1.604598 0.034056
0.012041 0.055633 1.604594 0.034056
0.011764 0.055633 1.604589 0.034055
0.011491 0.055633 1.604584 0.034054
0.011222 0.055633 1.604580 0.034054
0.010959 0.055633 1.604575 0.034053
0.010702 0.055633 1.604571 0.034052
0.010451 0.055633 1.604566 0.034052
0.010206 0.055633 1.604562 0.034051
0.009968 0.055633 1.604557 0.034051
0.009737 0.055633 1.604553 0.034050
0.009513 0.055633 1.604548 0.034050
0.009297 0.055633 1.604544 0.034050
0.009087 0.055633 1.604540 0.034049
0.008880 0.055633 1.604535 0.034049
0.008679 0.055634 1.604531 0.034049
0.008487 0.055634 1.604527 0.034049
0.008302 0.055634 1.604523 0.034049
0.008125 0.055634 1.604519 0.034049
0.007956 0.055635 1.604515 0.034049
0.007794 0.055635 1.604511 0.034049
0.007639 0.055636 1.604507 0.034049
0.007491 0.055636 1.604503 0.034049
0.007349 0.055636 1.604499 0.034049
0.007214 0.055637 1.604495 0.034049
0.007084 0.055638 1.604492 0.034049
0.006961 0.055638 1.604488 0.034049
0.006842 0.055639 1.604485 0.034050
0.006727 0.055639 1.604482 0.034050
0.006617 0.055640 1.604478 0.034050
0.006510 0.055641 1.604475 0.034051
0.006407 0.055641 1.604472 0.034051
0.006307 0.055642 1.604469 0.034052
0.006211 0.055643 1.604466 0.034052
0.006117 0.055643 1.604464 0.034053
0.006025 0.055644 1.604461 0.034053
0.005936 0.055645 1.604458 0.034054
0.005849 0.055646 1.604456 0.034054
0.005764 0.055646 1.604453 0.034055
0.005681 0.055647 1.604451 0.034055
0.005599 0.055648 1.604449 0.034056
0.005518 0.055649 1.604447 0.034056
0.005439 0.055650 1.604445 0.034057
0.005361 0.055650 1.604443 0.034057
0.005283 0.055651 1.604441 0.034058
0.005207 0.055652 1.604439 0.034059
0.005131 0.055652 1.604437 0.034059
0.005056 0.055653 1.604436 0.034060
0.004982 0.055654 1.604434 0.034060
0.004908 0.055655 1.604433 0.034061
0.004834 0.055655 1.604431 0.034061
0.004760 0.055656 1.604430 0.034062
0.004687 0.055657 1.604428 0.034063
0.004614 0.055657 1.604427 0.034063
0.004541 0.055658 1.604426 0.034064
0.004468 0.055659 1.604425 0.034064
0.004395 0.055659 1.604424 0.034065
0.004322 0.055660 1.604423 0.034065
0.004250 0.055660 1.604422 0.034066
0.004177 0.055661 1.604421 0.034066
0.004104 0.055661 1.604420 0.034067
0.004032 0.055662 1.604419 0.034067
0.003960 0.055662 1.604418 0.034067
0.003887 0.055663 1.604417 0.034068
0.003815 0.055663 1.604416 0.034068
0.003744 0.055663 1.604416 0.034069
0.003672 0.055664 1.604415 0.034069
0.003601 0.055664 1.604414 0.034069
0.003530 0.055664 1.604413 0.034070
0.003460 0.055665 1.604413 0.034070
0.003390 0.055665 1.604412 0.034070
0.003321 0.055665 1.604411 0.034071
0.003252 0.055665 1.604411 0.034071
0.003184 0.055665 1.604410 0.034071
0.003117 0.055666 1.604410 0.034071
0.003051 0.055666 1.604409 0.034072
0.002986 0.055666 1.604408 0.034072
0.002922 0.055666 1.604408 0.034072
0.002859 0.055666 1.604407 0.034072
0.002797 0.055666 1.604407 0.034072
0.002736 0.055666 1.604406 0.034073
0.002676 0.055666 1.604406 0.034073
0.002618 0.055666 1.604405 0.034073
0.002562 0.055666 1.604405 0.034073
0.002506 0.055666 1.604404 0.034073
0.002453 0.055666 1.604404 0.034073
0.002400 0.055666 1.604403 0.034073
0.002350 0.055666 1.604402 0.034073
0.002301 0.055666 1.604402 0.034073
0.002253 0.055666 1.604401 0.034073
0.002207 0.055666 1.604401 0.034073
0.002163 0.055665 1.604400 0.034073
0.002121 0.055665 1.604400 0.034073
0.002080 0.055665 1.604399 0.034073
0.002041 0.055665 1.604399 0.034073
0.002004 0.055665 1.604398 0.034073
0.001968 0.055665 1.604397 0.034073
0.001934 0.055664 1.604397 0.034073
0.001901 0.055664 1.604396 0.034073
0.001870 0.055664 1.604396 0.034073
0.001841 0.055664 1.604395 0.034073
0.001813 0.055663 1.604395 0.034073
0.001787 0.055663 1.604394 0.034073
0.001762 0.055663 1.604394 0.034073
0.001738 0.055663 1.604393 0.034073
0.001715 0.055662 1.604393 0.034072
0.001694 0.055662 1.604392 0.034072
0.001674 0.055662 1.604392 0.034072
0.001655 0.055662 1.604391 0.034072
0.001637 0.055661 1.604391 0.034072
0.001620 0.055661 1.604390 0.034072
0.001604 0.055661 1.604390 0.034072
0.001588 0.055661 1.604389 0.034072
0.001574 0.055661 1.604389 0.034072
0.001560 0.055660 1.604388 0.034071
0.001547 0.055660 1.604388 0.034071
0.001534 0.055660 1.604387 0.034071
0.001521 0.055660 1.604387 0.034071
0.001510 0.055659 1.604386 0.034071
0.001498 0.055659 1.604386 0.034071
0.001487 0.055659 1.604385 0.034071
0.001476 0.055659 1.604385 0.034071
0.001466 0.055658 1.604385 0.034071
0.001455 0.055658 1.604384 0.034070
0.001445 0.055658 1.604384 0.034070
0.001435 0.055658 1.604383 0.034070
0.001425 0.055657 1.604383 0.034070
0.001415 0.055657 1.604383 0.034070
0.001405 0.055657 1.604382 0.034070
0.001395 0.055657 1.604382 0.034070
0.001385 0.055657 1.604381 0.034070
0.001375 0.055656 1.604381 0.034070
0.001365 0.055656 1.604381 0.034069
0.001355 0.055656 1.604380 0.034069
0.001344 0.055656 1.604380 0.034069
0.001334 0.055656 1.604380 0.034069
0.001324 0.055656 1.604379 0.034069
0.001313 0.055655 1.604379 0.034069
0.001302 0.055655 1.604378 0.034069
0.001291 0.055655 1.604378 0.034069
0.001280 0.055655 1.604378 0.034069
0.001269 0.055655 1.604377 0.034069
0.001257 0.055655 1.604377 0.034069
0.001246 0.055655 1.604377 0.034068
0.001234 0.055654 1.604377 0.034068
0.001222 0.055654 1.604376 0.034068
0.001210 0.055654 1.604376 0.034068
0.001198 0.055654 1.604376 0.034068
0.001186 0.055654 1.604375 0.034068
0.001173 0.055654 1.604375 0.034068
0.001161 0.055654 1.604375 0.034068
0.001148 0.055654 1.604374 0.034068
0.001135 0.055654 1.604374 0.034068
0.001122 0.055654 1.604374 0.034068
0.001110 0.055654 1.604374 0.034068
0.001097 0.055653 1.604373 0.034068
0.001083 0.055653 1.604373 0.034068
0.001070 0.055653 1.604373 0.034068
0.001057 0.055653 1.604373 0.034068
0.001044 0.055653 1.604372 0.034068
0.001031 0.055653 1.604372 0.034068
0.001018 0.055653 1.604372 0.034068
0.001004 0.055653 1.604372 0.034068
0.000991 0.055653 1.604371 0.034067
0.000978 0.055653 1.604371 0.034067
0.000965 0.055653 1.604371 0.034067
0.000951 0.055653 1.604371 0.034067
0.000938 0.055653 1.604370 0.034067
0.000925 0.055653 1.604370 0.034067
0.000912 0.055653 1.604370 0.034067
0.000899 0.055653 1.604370 0.034067
0.000886 0.055653 1.604370 0.034067
0.000873 0.055653 1.604369 0.034067
0.000861 0.055653 1.604369 0.034067
0.000848 0.055653 1.604369 0.034067
0.000835 0.055653 1.604369 0.034067
0.000823 0.055653 1.604369 0.034067
0.000811 0.055653 1.604368 0.034067
0.000798 0.055653 1.604368 0.034067
0.000786 0.055653 1.604368 0.034067
0.000774 0.055653 1.604368 0.034067
0.000763 0.055653 1.604368 0.034067
0.000751 0.055653 1.604367 0.034067
0.000739 0.055653 1.604367 0.034067
0.000728 0.055653 1.604367 0.034067
0.000717 0.055653 1.604367 0.034067
0.000706 0.055653 1.604367 0.034067
0.000695 0.055653 1.604367 0.034067
0.000684 0.055653 1.604366 0.034067
0.000673 0.055653 1.604366 0.034067
0.000663 0.055653 1.604366 0.034067
0.000652 0.055653 1.604366 0.034067
0.000642 0.055653 1.604366 0.034067
0.000632 0.055653 1.604366 0.034067
0.000622 0.055653 1.604365 0.034067
0.000612 0.055653 1.604365 0.034067
0.000602 0.055653 1.604365 0.034067
0.000593 0.055653 1.604365 0.034067
0.000584 0.055653 1.604365 0.034067
0.000574 0.055653 1.604365 0.034067
0.000565 0.055653 1.604364 0.034067
0.000556 0.055653 1.604364 0.034067
0.000548 0.055653 1.604364 0.034067
0.000539 0.055653 1.604364 0.034067
0.000531 0.055653 1.604364 0.034067
0.000522 0.055653 1.604364 0.034067
0.000514 0.055653 1.604364 0.034067
0.000506 0.055653 1.604363 0.034067
0.000498 0.055653 1.604363 0.034068
0.000490 0.055653 1.604363 0.034068
0.000483 0.055653 1.604363 0.034068
0.000475 0.055654 1.604363 0.034068
0.000468 0.055654 1.604363 0.034068
0.000460 0.055654 1.604363 0.034068
0.000453 0.055654 1.604363 0.034068
0.000446 0.055654 1.604362 0.034068
0.000439 0.055654 1.604362 0.034068
0.000432 0.055654 1.604362 0.034068
0.000425 0.055654 1.604362 0.034068
0.000419 0.055654 1.604362 0.034068
0.000412 0.055654 1.604362 0.034068
0.000406 0.055654 1.604362 0.034068
0.000400 0.055654 1.604362 0.034068
0.000393 0.055654 1.604361 0.034068
0.000387 0.055654 1.604361 0.034068
0.000381 0.055654 1.604361 0.034068
0.000375 0.055654 1.604361 0.034068
0.000370 0.055654 1.604361 0.034068
0.000364 0.055654 1.604361 0.034068
0.000358 0.055654 1.604361 0.034068
0.000353 0.055654 1.604361 0.034068
0.000347 0.055654 1.604360 0.034068
0.000342 0.055654 1.604360 0.034068
0.000337 0.055654 1.604360 0.034068
0.000332 0.055655 1.604360 0.034068
0.000327 0.055655 1.604360 0.034068
0.000322 0.055655 1.604360 0.034068
0.000317 0.055655 1.604360 0.034068
0.000312 0.055655 1.604360 0.034068
0.000307 0.055655 1.604360 0.034068
0.000302 0.055655 1.604360 0.034068
0.000298 0.055655 1.604359 0.034068
0.000293 0.055655 1.604359 0.034068
0.000289 0.055655 1.604359 0.034068
0.000285 0.055655 1.604359 0.034068
0.000280 0.055655 1.604359 0.034068
0.000276 0.055655 1.604359 0.034068
0.000272 0.055655 1.604359 0.034068
0.000268 0.055655 1.604359 0.034068
0.000264 0.055655 1.604359 0.034068
0.000260 0.055655 1.604359 0.034068
0.000256 0.055655 1.604358 0.034068
0.000253 0.055655 1.604358 0.034068
0.000249 0.055655 1.604358 0.034068
0.000245 0.055655 1.604358 0.034068
0.000242 0.055655 1.604358 0.034068
0.000238 0.055655 1.604358 0.034068
0.000235 0.055656 1.604358 0.034068
0.000231 0.055656 1.604358 0.034068
0.000228 0.055656 1.604358 0.034069
0.000225 0.055656 1.604358 0.034069
0.000222 0.055656 1.604358 0.034069
0.000219 0.055656 1.604357 0.034069
0.000216 0.055656 1.604357 0.034069
0.000213 0.055656 1.604357 0.034069
0.000210 0.055656 1.604357 0.034069
0.000207 0.055656 1.604357 0.034069
0.000204 0.055656 1.604357 0.034069
0.000201 0.055656 1.604357 0.034069
0.000199 0.055656 1.604357 0.034069
0.000196 0.055656 1.604357 0.034069
0.000193 0.055656 1.604357 0.034069
0.000191 0.055656 1.604357 0.034069
0.000188 0.055656 1.604356 0.034069
0.000186 0.055656 1.604356 0.034069
0.000184 0.055656 1.604356 0.034069
0.000181 0.055656 1.604356 0.034069
0.000179 0.055656 1.604356 0.034069
0.000177 0.055656 1.604356 0.034069
0.000174 0.055656 1.604356 0.034069
0.000172 0.055656 1.604356 0.034069
0.000170 0.055657 1.604356 0.034069
0.000168 0.055657 1.604356 0.034069
0.000166 0.055657 1.604356 0.034069
0.000164 0.055657 1.604356 0.034069
0.000162 0.055657 1.604356 0.034069
0.000160 0.055657 1.604355 0.034069
0.000158 0.055657 1.604355 0.034069
0.000157 0.055657 1.604355 0.034069
0.000155 0.055657 1.604355 0.034069
0.000153 0.055657 1.604355 0.034069
0.000151 0.055657 1.604355 0.034069
0.000150 0.055657 1.604355 0.034069
0.000148 0.055657 1.604355 0.034069
0.000146 0.055657 1.604355 0.034069
0.000145 0.055657 1.604355 0.034069
0.000143 0.055657 1.604355 0.034069
0.000142 0.055657 1.604355 0.034069
0.000140 0.055657 1.604355 0.034069
0.000139 0.055657 1.604355 0.034069
0.000137 0.055657 1.604354 0.034069
0.000136 0.055657 1.604354 0.034069
0.000134 0.055657 1.604354 0.034069
0.000133 0.055657 1.604354 0.034069
0.000132 0.055657 1.604354 0.034069
0.000130 0.055657 1.604354 0.034069
0.000129 0.055657 1.604354 0.034069
0.000128 0.055657 1.604354 0.034069
0.000126 0.055657 1.604354 0.034069
0.000125 0.055657 1.604354 0.034069
0.000124 0.055658 1.604354 0.034069
0.000123 0.055658 1.604354 0.034069
0.000122 0.055658 1.604354 0.034069
0.000121 0.055658 1.604354 0.034069
0.000119 0.055658 1.604354 0.034069
0.000118 0.055658 1.604353 0.034070
0.000117 0.055658 1.604353 0.034070
0.000116 0.055658 1.604353 0.034070
0.000115 0.055658 1.604353 0.034070
0.000114 0.055658 1.604353 0.034070
0.000113 0.055658 1.604353 0.034070
0.000112 0.055658 1.604353 0.034070
0.000111 0.055658 1.604353 0.034070
0.000110 0.055658 1.604353 0.034070
0.000109 0.055658 1.604353 0.034070
0.000108 0.055658 1.604353 0.034070
0.000107 0.055658 1.604353 0.034070
0.000106 0.055658 1.604353 0.034070
0.000105 0.055658 1.604353 0.034070
0.000104 0.055658 1.604353 0.034070
0.000104 0.055658 1.604353 0.034070
0.000103 0.055658 1.604353 0.034070
0.000102 0.055658 1.604352 0.034070
0.000101 0.055658 1.604352 0.034070
0.000100 0.055658 1.604352 0.034070
0.000099 0.055658 1.604352 0.034070
0.000099 0.055658 1.604352 0.034070
0.000098 0.055658 1.604352 0.034070
0.000097 0.055658 1.604352 0.034070
0.000096 0.055658 1.604352 0.034070
0.000095 0.055658 1.604352 0.034070
0.000095 0.055658 1.604352 0.034070
0.000094 0.055658 1.604352 0.034070
0.000093 0.055658 1.604352 0.034070
0.000092 0.055658 1.604352 0.034070
0.000092 0.055658 1.604352 0.034070
0.000091 0.055658 1.604352 0.034070
0.000090 0.055659 1.604352 0.034070
0.000090 0.055659 1.604352 0.034070
0.000089 0.055659 1.604352 0.034070
0.000088 0.055659 1.604352 0.034070
0.000087 0.055659 1.604351 0.034070
0.000087 0.055659 1.604351 0.034070
0.000086 0.055659 1.604351 0.034070
0.000086 0.055659 1.604351 0.034070
0.000085 0.055659 1.604351 0.034070
0.000084 0.055659 1.604351 0.034070
0.000084 0.055659 1.604351 0.034070
0.000083 0.055659 1.604351 0.034070
0.000082 0.055659 1.604351 0.034070
0.000082 0.055659 1.604351 0.034070
0.000081 0.055659 1.604351 0.034070
0.000081 0.055659 1.604351 0.034070
0.000080 0.055659 1.604351 0.034070
0.000079 0.055659 1.604351 0.034070
0.000079 0.055659 1.604351 0.034070
0.000078 0.055659 1.604351 0.034070
0.000078 0.055659 1.604351 0.034070
0.000077 0.055659 1.604351 0.034070
0.000077 0.055659 1.604351 0.034070
0.000076 0.055659 1.604351 0.034070
0.000076 0.055659 1.604351 0.034070
0.000075 0.055659 1.604350 0.034070
0.000074 0.055659 1.604350 0.034070
0.000074 0.055659 1.604350 0.034070
0.000073 0.055659 1.604350 0.034070
0.000073 0.055659 1.604350 0.034070
0.000072 0.055659 1.604350 0.034070
0.000072 0.055659 1.604350 0.034070
0.000071 0.055659 1.604350 0.034070
0.000071 0.055659 1.604350 0.034070
0.000070 0.055659 1.604350 0.034070
0.000070 0.055659 1.604350 0.034070
0.000069 0.055659 1.604350 0.034070
0.000069 0.055659 1.604350 0.034070
0.000069 0.055659 1.604350 0.034070
0.000068 0.055659 1.604350 0.034070
0.000068 0.055659 1.604350 0.034070
0.000067 0.055659 1.604350 0.034070
0.000067 0.055659 1.604350 0.034070
0.000066 0.055659 1.604350 0.034070
0.000066 0.055659 1.604350 0.034070
0.000065 0.055659 1.604350 0.034070
0.000065 0.055659 1.604350 0.034070
0.000065 0.055659 1.604350 0.034070
0.000064 0.055659 1.604350 0.034070
0.000064 0.055659 1.604350 0.034070
0.000063 0.055659 1.604349 0.034070
0.000063 0.055659 1.604349 0.034070
0.000062 0.055659 1.604349 0.034070
0.000062 0.055660 1.604349 0.034070
0.000062 0.055660 1.604349 0.034070
0.000061 0.055660 1.604349 0.034070
0.000061 0.055660 1.604349 0.034070
0.000060 0.055660 1.604349 0.034070
0.000060 0.055660 1.604349 0.034070
0.000060 0.055660 1.604349 0.034070
0.000059 0.055660 1.604349 0.034070
0.000059 0.055660 1.604349 0.034070
0.000058 0.055660 1.604349 0.034070
0.000058 0.055660 1.604349 0.034071
0.000058 0.055660 1.604349 0.034071
0.000057 0.055660 1.604349 0.034071
0.000057 0.055660 1.604349 0.034071
0.000057 0.055660 1.604349 0.034071
0.000056 0.055660 1.604349 0.034071
0.000056 0.055660 1.604349 0.034071
0.000056 0.055660 1.604349 0.034071
0.000055 0.055660 1.604349 0.034071
0.000055 0.055660 1.604349 0.034071
0.000054 0.055660 1.604349 0.034071
0.000054 0.055660 1.604349 0.034071
0.000054 0.055660 1.604349 0.034071
0.000053 0.055660 1.604349 0.034071
0.000053 0.055660 1.604349 0.034071
0.000053 0.055660 1.604349 0.034071
0.000052 0.055660 1.604348 0.034071
0.000052 0.055660 1.604348 0.034071
0.000052 0.055660 1.604348 0.034071
0.000051 0.055660 1.604348 0.034071
0.000051 0.055660 1.604348 0.034071
0.000051 0.055660 1.604348 0.034071
0.000050 0.055660 1.604348 0.034071
0.000050 0.055660 1.604348 0.034071
0.000050 0.055660 1.604348 0.034071
0.000049 0.055660 1.604348 0.034071
0.000049 0.055660 1.604348 0.034071
0.000049 0.055660 1.604348 0.034071
0.000049 0.055660 1.604348 0.034071
0.000048 0.055660 1.604348 0.034071
0.000048 0.055660 1.604348 0.034071
0.000048 0.055660 1.604348 0.034071
0.000047 0.055660 1.604348 0.034071
0.000047 0.055660 1.604348 0.034071
0.000047 0.055660 1.604348 0.034071
0.000046 0.055660 1.604348 0.034071
0.000046 0.055660 1.604348 0.034071
0.000046 0.055660 1.604348 0.034071
0.000046 0.055660 1.604348 0.034071
0.000045 0.055660 1.604348 0.034071
0.000045 0.055660 1.604348 0.034071
0.000045 0.055660 1.604348 0.034071
0.000044 0.055660 1.604348 0.034071
0.000044 0.055660 1.604348 0.034071
0.000044 0.055660 1.604348 0.034071
0.000044 0.055660 1.604348 0.034071
0.000043 0.055660 1.604348 0.034071
0.000043 0.055660 1.604348 0.034071
0.000043 0.055660 1.604348 0.034071
0.000043 0.055660 1.604348 0.034071
0.000042 0.055660 1.604348 0.034071
0.000042 0.055660 1.604348 0.034071
0.000042 0.055660 1.604347 0.034071
0.000041 0.055660 1.604347 0.034071
0.000041 0.055660 1.604347 0.034071
0.000041 0.055660 1.604347 0.034071
0.000041 0.055660 1.604347 0.034071
0.000040 0.055660 1.604347 0.034071
0.000040 0.055660 1.604347 0.034071
0.000040 0.055660 1.604347 0.034071
0.000040 0.055660 1.604347 0.034071
0.000039 0.055660 1.604347 0.034071
0.000039 0.055660 1.604347 0.034071
0.000039 0.055660 1.604347 0.034071
0.000039 0.055660 1.604347 0.034071
0.000038 0.055660 1.604347 0.034071
0.000038 0.055660 1.604347 0.034071
0.000038 0.055660 1.604347 0.034071
0.000038 0.055660 1.604347 0.034071
0.000038 0.055660 1.604347 0.034071
0.000037 0.055660 1.604347 0.034071
0.000037 0.055660 1.604347 0.034071
0.000037 0.055660 1.604347 0.034071
0.000037 0.055660 1.604347 0.034071
0.000036 0.055660 1.604347 0.034071
0.000036 0.055660 1.604347 0.034071
0.000036 0.055660 1.604347 0.034071
0.000036 0.055660 1.604347 0.034071
0.000035 0.055660 1.604347 0.034071
0.000035 0.055660 1.604347 0.034071
0.000035 0.055660 1.604347 0.034071
0.000035 0.055660 1.604347 0.034071
0.000035 0.055660 1.604347 0.034071
0.000034 0.055660 1.604347 0.034071
0.000034 0.055660 1.604347 0.034071
0.000034 0.055660 1.604347 0.034071
0.000034 0.055661 1.604347 0.034071
0.000033 0.055661 1.604347 0.034071
0.000033 0.055661 1.604347 0.034071
0.000033 0.055661 1.604347 0.034071
0.000033 0.055661 1.604347 0.034071
0.000033 0.055661 1.604347 0.034071
0.000032 0.055661 1.604347 0.034071
0.000032 0.055661 1.604347 0.034071
0.000032 0.055661 1.604347 0.034071
0.000032 0.055661 1.604347 0.034071
0.000032 0.055661 1.604347 0.034071
0.000031 0.055661 1.604347 0.034071
0.000031 0.055661 1.604347 0.034071
0.000031 0.055661 1.604346 0.034071
0.000031 0.055661 1.604346 0.034071
0.000031 0.055661 1.604346 0.034071
0.000030 0.055661 1.604346 0.034071
0.000030 0.055661 1.604346 0.034071
0.000030 0.055661 1.604346 0.034071
0.000030 0.055661 1.604346 0.034071
0.000030 0.055661 1.604346 0.034071
0.000030 0.055661 1.604346 0.034071
0.000029 0.055661 1.604346 0.034071
0.000029 0.055661 1.604346 0.034071
0.000029 0.055661 1.604346 0.034071
0.000029 0.055661 1.604346 0.034071
0.000029 0.055661 1.604346 0.034071
0.000028 0.055661 1.604346 0.034071
0.000028 0.055661 1.604346 0.034071
0.000028 0.055661 1.604346 0.034071
0.000028 0.055661 1.604346 0.034071
0.000028 0.055661 1.604346 0.034071
0.000028 0.055661 1.604346 0.034071
0.000027 0.055661 1.604346 0.034071
0.000027 0.055661 1.604346 0.034071
0.000027 0.055661 1.604346 0.034071
0.000027 0.055661 1.604346 0.034071
0.000027 0.055661 1.604346 0.034071
0.000026 0.055661 1.604346 0.034071
0.000026 0.055661 1.604346 0.034071
0.000026 0.055661 1.604346 0.034071
0.000026 0.055661 1.604346 0.034071
0.000026 0.055661 1.604346 0.034071
0.000026 0.055661 1.604346 0.034071
0.000026 0.055661 1.604346 0.034071
0.000025 0.055661 1.604346 0.034071
0.000025 0.055661 1.604346 0.034071
0.000025 0.055661 1.604346 0.034071
0.000025 0.055661 1.604346 0.034071
0.000025 0.055661 1.604346 0.034071
0.000025 0.055661 1.604346 0.034071
0.000024 0.055661 1.604346 0.034071
0.000024 0.055661 1.604346 0.034071
0.000024 0.055661 1.604346 0.034071
0.000024 0.055661 1.604346 0.034071
0.000024 0.055661 1.604346 0.034071
0.000024 0.055661 1.604346 0.034071
0.000023 0.055661 1.604346 0.034071
0.000023 0.055661 1.604346 0.034071
0.000023 0.055661 1.604346 0.034071
0.000023 0.055661 1.604346 0.034071
0.000023 0.055661 1.604346 0.034071
0.000023 0.055661 1.604346 0.034071
0.000023 0.055661 1.604346 0.034071
0.000022 0.055661 1.604346 0.034071
0.000022 0.055661 1.604346 0.034071
0.000022 0.055661 1.604346 0.034071
0.000022 0.055661 1.604346 0.034071
0.000022 0.055661 1.604346 0.034071
0.000022 0.055661 1.604346 0.034071
0.000022 0.055661 1.604346 0.034071
0.000021 0.055661 1.604346 0.034071
0.000021 0.055661 1.604346 0.034071
0.000021 0.055661 1.604346 0.034071
0.000021 0.055661 1.604346 0.034071
0.000021 0.055661 1.604346 0.034071
0.000021 0.055661 1.604346 0.034071
0.000021 0.055661 1.604346 0.034071
0.000021 0.055661 1.604346 0.034071
0.000020 0.055661 1.604346 0.034071
0.000020 0.055661 1.604345 0.034071
0.000020 0.055661 1.604345 0.034071
0.000020 0.055661 1.604345 0.034071
0.000020 0.055661 1.604345 0.034071
0.000020 0.055661 1.604345 0.034071
0.000020 0.055661 1.604345 0.034071
0.000019 0.055661 1.604345 0.034071
0.000019 0.055661 1.604345 0.034071
0.000019 0.055661 1.604345 0.034071
0.000019 0.055661 1.604345 0.034071
0.000019 0.055661 1.604345 0.034071
0.000019 0.055661 1.604345 0.034071
0.000019 0.055661 1.604345 0.034071
0.000019 0.055661 1.604345 0.034071
0.000018 0.055661 1.604345 0.034071
0.000018 0.055661 1.604345 0.034071
0.000018 0.055661 1.604345 0.034071
0.000018 0.055661 1.604345 0.034071
0.000018 0.055661 1.604345 0.034071
0.000018 0.055661 1.604345 0.034071
0.000018 0.055661 1.604345 0.034071
0.000018 0.055661 1.604345 0.034071
0.000018 0.055661 1.604345 0.034071
0.000017 0.055661 1.604345 0.034071
0.000017 0.055661 1.604345 0.034071
0.000017 0.055661 1.604345 0.034071
0.000017 0.055661 1.604345 0.034071
0.000017 0.055661 1.604345 0.034071
0.000017 0.055661 1.604345 0.034071
0.000017 0.055661 1.604345 0.034071
0.000017 0.055661 1.604345 0.034071
0.000017 0.055661 1.604345 0.034071
0.000016 0.055661 1.604345 0.034071
0.000016 0.055661 1.604345 0.034071
0.000016 0.055661 1.604345 0.034071
0.000016 0.055661 1.604345 0.034071
0.000016 0.055661 1.604345 0.034071
0.000016 0.055661 1.604345 0.034071
0.000016 0.055661 1.604345 0.034071
0.000016 0.055661 1.604345 0.034071
0.000016 0.055661 1.604345 0.034071
0.000016 0.055661 1.604345 0.034071
0.000015 0.055661 1.604345 0.034071
0.000015 0.055661 1.604345 0.034071
0.000015 0.055661 1.604345 0.034071
0.000015 0.055661 1.604345 0.034071
0.000015 0.055661 1.604345 0.034071
0.000015 0.055661 1.604345 0.034071
0.000015 0.055661 1.604345 0.034071
0.000015 0.055661 1.604345 0.034071
0.000015 0.055661 1.604345 0.034071
0.000015 0.055661 1.604345 0.034071
0.000014 0.055661 1.604345 0.034071
0.000014 0.055661 1.604345 0.034071
0.000014 0.055661 1.604345 0.034071
0.000014 0.055661 1.604345 0.034071
0.000014 0.055661 1.604345 0.034071
0.000014 0.055661 1.604345 0.034071
0.000014 0.055661 1.604345 0.034071
0.000014 0.055661 1.604345 0.034071
0.000014 0.055661 1.604345 0.034071
0.000014 0.055661 1.604345 0.034071
0.000014 0.055661 1.604345 0.034071
0.000013 0.055661 1.604345 0.034071
0.000013 0.055661 1.604345 0.034071
0.000013 0.055661 1.604345 0.034071
0.000013 0.055661 1.604345 0.034071
0.000013 0.055661 1.604345 0.034071
0.000013 0.055661 1.604345 0.034071
0.000013 0.055661 1.604345 0.034071
0.000013 0.055661 1.604345 0.034071
0.000013 0.055661 1.604345 0.034071
0.000013 0.055661 1.604345 0.034071
0.000013 0.055661 1.604345 0.034071
0.000013 0.055661 1.604345 0.034071
0.000012 0.055661 1.604345 0.034071
0.000012 0.055661 1.604345 0.034071
0.000012 0.055661 1.604345 0.034071
0.000012 0.055661 1.604345 0.034071
0.000012 0.055661 1.604345 0.034071
0.000012 0.055661 1.604345 0.034071
0.000012 0.055661 1.604345 0.034071
0.000012 0.055661 1.604345 0.034071
0.000012 0.055661 1.604345 0.034071
0.000012 0.055661 1.604345 0.034071
0.000012 0.055661 1.604345 0.034071
0.000012 0.055661 1.604345 0.034071
0.000012 0.055661 1.604345 0.034071
0.000011 0.055661 1.604345 0.034071
0.000011 0.055661 1.604345 0.034071
0.000011 0.055661 1.604345 0.034071
0.000011 0.055661 1.604345 0.034071
0.000011 0.055661 1.604345 0.034071
0.000011 0.055661 1.604345 0.034071
0.000011 0.055661 1.604345 0.034071
0.000011 0.055661 1.604345 0.034071
0.000011 0.055661 1.604345 0.034071
0.000011 0.055661 1.604345 0.034071
0.000011 0.055661 1.604345 0.034071
0.000011 0.055661 1.604345 0.034071
0.000011 0.055661 1.604345 0.034071
0.000011 0.055661 1.604345 0.034071
0.000010 0.055661 1.604345 0.034071
0.000010 0.055661 1.604345 0.034071
0.000010 0.055661 1.604345 0.034071
0.000010 0.055661 1.604345 0.034071
0.000010 0.055661 1.604345 0.034071
0.000010 0.055661 1.604345 0.034071
0.000010 0.055661 1.604345 0.034071
0.000010 0.055661 1.604345 0.034071
