0.617167 0.105569 1.575882 0.057142
0.441640 0.106239 1.576498 0.056875
0.317395 0.106622 1.576621 0.056826
0.246600 0.106883 1.576493 0.056757
0.207945 0.107078 1.576278 0.056727
0.180605 0.107119 1.575648 0.056659
0.160683 0.107035 1.574611 0.056552
0.146676 0.106908 1.573324 0.056440
0.136387 0.106742 1.571900 0.056316
0.128249 0.106574 1.570514 0.056204
0.121654 0.106466 1.569354 0.056141
0.116149 0.106470 1.568605 0.056160
0.111347 0.106622 1.568466 0.056281
0.107007 0.106932 1.569143 0.056506
0.102993 0.107385 1.570812 0.056824
0.099227 0.107945 1.573604 0.057208
0.095734 0.108564 1.577577 0.057629
0.092490 0.109188 1.582710 0.058052
0.089484 0.109765 1.588900 0.058443
0.086704 0.110245 1.595962 0.058772
0.084125 0.110593 1.603648 0.059012
0.081693 0.110783 1.611672 0.059148
0.079398 0.110806 1.619731 0.059171
0.077191 0.110664 1.627534 0.059083
0.075039 0.110371 1.634820 0.058893
0.072944 0.109946 1.641373 0.058613
0.070918 0.109419 1.647027 0.058263
0.068980 0.108819 1.651669 0.057865
0.067153 0.108182 1.655238 0.057442
0.065460 0.107543 1.657720 0.057019
0.063921 0.106935 1.659139 0.056618
0.062538 0.106388 1.659554 0.056259
0.061317 0.105924 1.659045 0.055957
0.060221 0.105559 1.657711 0.055723
0.059211 0.105303 1.655663 0.055563
0.058272 0.105156 1.653018 0.055476
0.057380 0.105112 1.649892 0.055460
0.056513 0.105160 1.646401 0.055505
0.055656 0.105286 1.642651 0.055604
0.054799 0.105475 1.638740 0.055744
0.053944 0.105708 1.634757 0.055915
0.053096 0.105971 1.630777 0.056105
0.052237 0.106247 1.626864 0.056305
0.051365 0.106523 1.623069 0.056504
0.050482 0.106788 1.619432 0.056697
0.049592 0.107033 1.615983 0.056876
0.048712 0.107252 1.612743 0.057037
0.047847 0.107438 1.609725 0.057177
0.046999 0.107588 1.606934 0.057292
0.046172 0.107701 1.604372 0.057382
0.045367 0.107776 1.602034 0.057447
0.044581 0.107813 1.599911 0.057486
0.043812 0.107814 1.597994 0.057500
0.043057 0.107781 1.596267 0.057491
0.042318 0.107718 1.594717 0.057461
0.041600 0.107626 1.593327 0.057412
0.040896 0.107509 1.592080 0.057345
0.040204 0.107371 1.590960 0.057264
0.039523 0.107216 1.589952 0.057172
0.038851 0.107050 1.589040 0.057071
0.038189 0.106875 1.588210 0.056964
0.037536 0.106696 1.587450 0.056855
0.036893 0.106518 1.586747 0.056745
0.036260 0.106342 1.586094 0.056637
0.035639 0.106172 1.585481 0.056533
0.035030 0.106011 1.584902 0.056435
0.034435 0.105860 1.584352 0.056344
0.033857 0.105721 1.583827 0.056260
0.033295 0.105596 1.583326 0.056185
0.032752 0.105484 1.582846 0.056119
0.032229 0.105386 1.582388 0.056063
0.031726 0.105301 1.581952 0.056014
0.031241 0.105229 1.581539 0.055975
0.030776 0.105169 1.581149 0.055943
0.030328 0.105120 1.580783 0.055918
0.029896 0.105080 1.580443 0.055899
0.029476 0.105048 1.580130 0.055885
0.029065 0.105023 1.579845 0.055876
0.028661 0.105002 1.579589 0.055869
0.028262 0.104986 1.579364 0.055865
0.027864 0.104971 1.579170 0.055862
0.027466 0.104958 1.579007 0.055860
0.027068 0.104944 1.578877 0.055857
0.026667 0.104930 1.578777 0.055854
0.026267 0.104915 1.578708 0.055850
0.025867 0.104897 1.578668 0.055844
0.025468 0.104877 1.578655 0.055836
0.025072 0.104855 1.578669 0.055826
0.024680 0.104830 1.578706 0.055814
0.024294 0.104802 1.578766 0.055800
0.023915 0.104772 1.578845 0.055784
0.023545 0.104740 1.578942 0.055766
0.023185 0.104706 1.579054 0.055746
0.022835 0.104671 1.579180 0.055725
0.022496 0.104635 1.579317 0.055704
0.022169 0.104599 1.579464 0.055681
0.021855 0.104562 1.579618 0.055658
0.021553 0.104526 1.579777 0.055634
0.021267 0.104490 1.579942 0.055611
0.020994 0.104456 1.580109 0.055588
0.020735 0.104422 1.580278 0.055565
0.020490 0.104391 1.580448 0.055543
0.020259 0.104361 1.580617 0.055522
0.020041 0.104333 1.580786 0.055502
0.019837 0.104308 1.580954 0.055482
0.019645 0.104284 1.581120 0.055464
0.019465 0.104263 1.581284 0.055447
0.019297 0.104244 1.581445 0.055432
0.019140 0.104228 1.581603 0.055417
0.018992 0.104213 1.581759 0.055404
0.018852 0.104201 1.581911 0.055392
0.018717 0.104191 1.582061 0.055382
0.018586 0.104182 1.582207 0.055372
0.018457 0.104176 1.582351 0.055364
0.018330 0.104171 1.582491 0.055356
0.018203 0.104167 1.582627 0.055350
0.018075 0.104166 1.582761 0.055344
0.017946 0.104165 1.582891 0.055340
0.017817 0.104166 1.583018 0.055336
0.017687 0.104168 1.583142 0.055333
0.017552 0.104170 1.583263 0.055331
0.017415 0.104174 1.583380 0.055329
0.017273 0.104179 1.583494 0.055329
0.017127 0.104185 1.583605 0.055329
0.016977 0.104191 1.583713 0.055329
0.016824 0.104198 1.583817 0.055330
0.016667 0.104205 1.583919 0.055331
0.016506 0.104213 1.584017 0.055333
0.016343 0.104222 1.584112 0.055336
0.016180 0.104231 1.584204 0.055338
0.016015 0.104240 1.584293 0.055342
0.015846 0.104249 1.584378 0.055345
0.015674 0.104259 1.584461 0.055349
0.015497 0.104269 1.584540 0.055353
0.015316 0.104280 1.584617 0.055358
0.015133 0.104290 1.584690 0.055362
0.014946 0.104301 1.584761 0.055367
0.014758 0.104311 1.584828 0.055373
0.014567 0.104322 1.584893 0.055378
0.014375 0.104333 1.584956 0.055384
0.014181 0.104344 1.585015 0.055389
0.013986 0.104355 1.585073 0.055395
0.013791 0.104366 1.585128 0.055401
0.013595 0.104377 1.585180 0.055407
0.013400 0.104388 1.585231 0.055414
0.013205 0.104398 1.585279 0.055420
0.013012 0.104409 1.585326 0.055426
0.012819 0.104419 1.585370 0.055432
0.012629 0.104429 1.585413 0.055438
0.012441 0.104438 1.585455 0.055444
0.012257 0.104448 1.585494 0.055450
0.012076 0.104457 1.585533 0.055456
0.011900 0.104466 1.585569 0.055462
0.011729 0.104474 1.585605 0.055467
0.011564 0.104483 1.585639 0.055473
0.011404 0.104491 1.585672 0.055478
0.011252 0.104499 1.585704 0.055484
0.011106 0.104506 1.585735 0.055489
0.010967 0.104514 1.585765 0.055494
0.010837 0.104521 1.585795 0.055499
0.010714 0.104527 1.585823 0.055503
0.010598 0.104534 1.585851 0.055508
0.010491 0.104540 1.585877 0.055512
0.010390 0.104545 1.585903 0.055517
0.010297 0.104551 1.585929 0.055521
0.010210 0.104556 1.585954 0.055524
0.010129 0.104560 1.585978 0.055528
0.010053 0.104565 1.586002 0.055532
0.009982 0.104569 1.586025 0.055535
0.009915 0.104573 1.586048 0.055538
0.009851 0.104577 1.586070 0.055541
0.009789 0.104580 1.586092 0.055544
0.009729 0.104583 1.586113 0.055546
0.009671 0.104586 1.586134 0.055549
0.009613 0.104588 1.586154 0.055551
0.009555 0.104590 1.586173 0.055553
0.009498 0.104592 1.586192 0.055555
0.009438 0.104594 1.586210 0.055556
0.009379 0.104595 1.586228 0.055558
0.009319 0.104597 1.586245 0.055559
0.009258 0.104597 1.586262 0.055560
0.009197 0.104598 1.586278 0.055561
0.009134 0.104599 1.586294 0.055562
0.009071 0.104599 1.586310 0.055563
0.009006 0.104599 1.586325 0.055563
0.008940 0.104599 1.586340 0.055564
0.008873 0.104599 1.586355 0.055564
0.008805 0.104599 1.586370 0.055564
0.008735 0.104598 1.586385 0.055564
0.008664 0.104597 1.586400 0.055564
0.008593 0.104597 1.586414 0.055563
0.008521 0.104596 1.586429 0.055563
0.008448 0.104594 1.586443 0.055562
0.008375 0.104593 1.586457 0.055562
0.008302 0.104592 1.586471 0.055561
0.008229 0.104590 1.586485 0.055560
0.008156 0.104589 1.586499 0.055559
0.008084 0.104587 1.586513 0.055558
0.008010 0.104585 1.586525 0.055557
0.007937 0.104583 1.586537 0.055556
0.007864 0.104581 1.586549 0.055554
0.007793 0.104580 1.586559 0.055553
0.007723 0.104578 1.586568 0.055552
0.007655 0.104576 1.586576 0.055550
0.007589 0.104574 1.586583 0.055549
0.007525 0.104573 1.586589 0.055548
0.007463 0.104571 1.586595 0.055547
0.007403 0.104569 1.586600 0.055545
0.007345 0.104568 1.586604 0.055544
0.007289 0.104566 1.586608 0.055543
0.007234 0.104565 1.586612 0.055541
0.007182 0.104563 1.586616 0.055540
0.007131 0.104561 1.586621 0.055538
0.007083 0.104559 1.586625 0.055537
0.007035 0.104558 1.586630 0.055535
0.006989 0.104556 1.586634 0.055533
0.006944 0.104554 1.586639 0.055532
0.006900 0.104552 1.586644 0.055530
0.006858 0.104550 1.586649 0.055528
0.006817 0.104547 1.586653 0.055526
0.006777 0.104545 1.586657 0.055524
0.006739 0.104543 1.586660 0.055522
0.006701 0.104541 1.586663 0.055520
0.006664 0.104539 1.586666 0.055519
0.006629 0.104537 1.586669 0.055517
0.006594 0.104535 1.586671 0.055515
0.006560 0.104534 1.586674 0.055513
0.006528 0.104532 1.586676 0.055511
0.006496 0.104530 1.586679 0.055509
0.006465 0.104528 1.586681 0.055508
0.006434 0.104526 1.586684 0.055506
0.006404 0.104524 1.586687 0.055504
0.006375 0.104522 1.586690 0.055502
0.006346 0.104521 1.586694 0.055500
0.006318 0.104519 1.586697 0.055498
0.006290 0.104517 1.586701 0.055497
0.006262 0.104515 1.586705 0.055495
0.006235 0.104513 1.586709 0.055493
0.006209 0.104511 1.586713 0.055491
0.006183 0.104509 1.586717 0.055489
0.006158 0.104507 1.586721 0.055487
0.006133 0.104505 1.586725 0.055485
0.006109 0.104503 1.586730 0.055483
0.006086 0.104502 1.586734 0.055482
0.006063 0.104500 1.586738 0.055480
0.006041 0.104498 1.586742 0.055478
0.006021 0.104497 1.586746 0.055477
0.006001 0.104495 1.586750 0.055475
0.005982 0.104494 1.586754 0.055474
0.005964 0.104492 1.586758 0.055472
0.005947 0.104491 1.586762 0.055471
0.005930 0.104490 1.586766 0.055469
0.005915 0.104488 1.586770 0.055468
0.005901 0.104487 1.586774 0.055467
0.005887 0.104486 1.586777 0.055465
0.005875 0.104485 1.586781 0.055464
0.005863 0.104484 1.586785 0.055463
0.005852 0.104483 1.586788 0.055462
0.005841 0.104482 1.586792 0.055461
0.005831 0.104481 1.586795 0.055460
0.005822 0.104480 1.586799 0.055459
0.005812 0.104479 1.586802 0.055458
0.005803 0.104478 1.586805 0.055457
0.005794 0.104478 1.586809 0.055456
0.005784 0.104477 1.586812 0.055455
0.005774 0.104476 1.586815 0.055454
0.005764 0.104476 1.586819 0.055453
0.005754 0.104475 1.586822 0.055452
0.005743 0.104475 1.586825 0.055452
0.005731 0.104474 1.586828 0.055451
0.005718 0.104474 1.586831 0.055450
0.005705 0.104473 1.586834 0.055450
0.005690 0.104473 1.586837 0.055449
0.005674 0.104472 1.586840 0.055448
0.005658 0.104472 1.586843 0.055448
0.005640 0.104471 1.586846 0.055447
0.005621 0.104471 1.586849 0.055447
0.005601 0.104471 1.586852 0.055446
0.005579 0.104471 1.586855 0.055446
0.005557 0.104470 1.586858 0.055446
0.005533 0.104470 1.586860 0.055445
0.005508 0.104470 1.586863 0.055445
0.005482 0.104470 1.586866 0.055445
0.005455 0.104470 1.586869 0.055444
0.005427 0.104470 1.586871 0.055444
0.005398 0.104470 1.586874 0.055444
0.005368 0.104470 1.586877 0.055444
0.005338 0.104470 1.586879 0.055443
0.005306 0.104470 1.586882 0.055443
0.005274 0.104470 1.586884 0.055443
0.005242 0.104470 1.586887 0.055443
0.005208 0.104470 1.586889 0.055443
0.005175 0.104470 1.586891 0.055443
0.005141 0.104470 1.586893 0.055443
0.005106 0.104470 1.586895 0.055443
0.005072 0.104470 1.586897 0.055443
0.005037 0.104470 1.586899 0.055443
0.005002 0.104470 1.586901 0.055443
0.004967 0.104470 1.586903 0.055443
0.004931 0.104471 1.586904 0.055443
0.004896 0.104471 1.586906 0.055443
0.004860 0.104471 1.586908 0.055443
0.004825 0.104471 1.586910 0.055443
0.004790 0.104471 1.586912 0.055443
0.004754 0.104472 1.586914 0.055443
0.004719 0.104472 1.586915 0.055443
0.004684 0.104472 1.586917 0.055443
0.004649 0.104472 1.586919 0.055443
0.004615 0.104472 1.586921 0.055443
0.004580 0.104473 1.586924 0.055443
0.004545 0.104473 1.586926 0.055443
0.004510 0.104473 1.586928 0.055444
0.004476 0.104473 1.586930 0.055444
0.004442 0.104473 1.586932 0.055444
0.004408 0.104473 1.586934 0.055444
0.004375 0.104474 1.586937 0.055444
0.004342 0.104474 1.586939 0.055444
0.004309 0.104474 1.586941 0.055444
0.004275 0.104474 1.586943 0.055444
0.004243 0.104474 1.586946 0.055444
0.004210 0.104474 1.586948 0.055445
0.004178 0.104475 1.586950 0.055445
0.004147 0.104475 1.586952 0.055445
0.004115 0.104475 1.586955 0.055445
0.004084 0.104475 1.586957 0.055445
0.004054 0.104476 1.586959 0.055445
0.004024 0.104476 1.586961 0.055445
0.003994 0.104476 1.586963 0.055446
0.003964 0.104476 1.586965 0.055446
0.003935 0.104476 1.586968 0.055446
0.003906 0.104477 1.586970 0.055446
0.003878 0.104477 1.586972 0.055446
0.003850 0.104477 1.586974 0.055446
0.003822 0.104477 1.586976 0.055446
0.003795 0.104477 1.586978 0.055447
0.003768 0.104478 1.586980 0.055447
0.003741 0.104478 1.586982 0.055447
0.003715 0.104478 1.586983 0.055447
0.003689 0.104478 1.586985 0.055447
0.003663 0.104479 1.586987 0.055447
0.003638 0.104479 1.586989 0.055448
0.003613 0.104479 1.586991 0.055448
0.003589 0.104479 1.586992 0.055448
0.003565 0.104479 1.586994 0.055448
0.003541 0.104480 1.586996 0.055448
0.003518 0.104480 1.586997 0.055448
0.003495 0.104480 1.586999 0.055448
0.003472 0.104480 1.587000 0.055449
0.003450 0.104481 1.587002 0.055449
0.003427 0.104481 1.587003 0.055449
0.003405 0.104481 1.587005 0.055449
0.003382 0.104481 1.587006 0.055449
0.003360 0.104481 1.587007 0.055449
0.003339 0.104481 1.587009 0.055449
0.003318 0.104482 1.587010 0.055450
0.003297 0.104482 1.587011 0.055450
0.003277 0.104482 1.587012 0.055450
0.003257 0.104482 1.587013 0.055450
0.003237 0.104482 1.587015 0.055450
0.003218 0.104483 1.587016 0.055450
0.003199 0.104483 1.587017 0.055450
0.003180 0.104483 1.587018 0.055450
0.003161 0.104483 1.587019 0.055450
0.003143 0.104483 1.587020 0.055451
0.003124 0.104483 1.587021 0.055451
0.003106 0.104484 1.587022 0.055451
0.003088 0.104484 1.587023 0.055451
0.003070 0.104484 1.587024 0.055451
0.003052 0.104484 1.587024 0.055451
0.003034 0.104484 1.587025 0.055451
0.003017 0.104484 1.587026 0.055451
0.003000 0.104485 1.587026 0.055451
0.002983 0.104485 1.587027 0.055451
0.002967 0.104485 1.587027 0.055452
0.002951 0.104485 1.587026 0.055452
0.002936 0.104486 1.587025 0.055452
0.002921 0.104486 1.587024 0.055452
0.002906 0.104486 1.587023 0.055452
0.002891 0.104487 1.587021 0.055452
0.002877 0.104487 1.587019 0.055453
0.002864 0.104488 1.587017 0.055453
0.002850 0.104488 1.587015 0.055453
0.002837 0.104489 1.587013 0.055454
0.002824 0.104489 1.587010 0.055454
0.002811 0.104489 1.587008 0.055454
0.002798 0.104490 1.587006 0.055454
0.002786 0.104490 1.587004 0.055454
0.002774 0.104491 1.587002 0.055455
0.002762 0.104491 1.587000 0.055455
0.002750 0.104491 1.586999 0.055455
0.002738 0.104492 1.586998 0.055455
0.002727 0.104492 1.586997 0.055455
0.002716 0.104492 1.586996 0.055455
0.002705 0.104492 1.586995 0.055455
0.002694 0.104492 1.586995 0.055455
0.002683 0.104492 1.586995 0.055455
0.002673 0.104492 1.586995 0.055455
0.002662 0.104492 1.586995 0.055455
0.002652 0.104492 1.586995 0.055455
0.002642 0.104493 1.586995 0.055455
0.002632 0.104493 1.586996 0.055455
0.002622 0.104493 1.586996 0.055455
0.002613 0.104493 1.586997 0.055455
0.002603 0.104493 1.586997 0.055455
0.002594 0.104493 1.586998 0.055455
0.002585 0.104493 1.586999 0.055455
0.002576 0.104493 1.586999 0.055455
0.002567 0.104493 1.587000 0.055455
0.002558 0.104493 1.587000 0.055455
0.002549 0.104493 1.587001 0.055455
0.002541 0.104493 1.587001 0.055455
0.002533 0.104493 1.587002 0.055455
0.002524 0.104493 1.587002 0.055455
0.002516 0.104493 1.587003 0.055455
0.002509 0.104493 1.587003 0.055455
0.002501 0.104493 1.587004 0.055455
0.002494 0.104494 1.587004 0.055455
0.002486 0.104494 1.587005 0.055455
0.002479 0.104494 1.587005 0.055455
0.002472 0.104494 1.587006 0.055455
0.002466 0.104494 1.587006 0.055455
0.002459 0.104494 1.587006 0.055455
0.002453 0.104495 1.587007 0.055455
0.002447 0.104495 1.587007 0.055455
0.002441 0.104495 1.587008 0.055456
0.002435 0.104495 1.587008 0.055456
0.002430 0.104495 1.587008 0.055456
0.002425 0.104495 1.587009 0.055456
0.002420 0.104496 1.587009 0.055456
0.002415 0.104496 1.587009 0.055456
0.002411 0.104496 1.587010 0.055456
0.002406 0.104496 1.587010 0.055456
0.002402 0.104496 1.587010 0.055456
0.002398 0.104497 1.587010 0.055456
0.002395 0.104497 1.587011 0.055456
0.002391 0.104497 1.587011 0.055456
0.002388 0.104497 1.587011 0.055456
0.002385 0.104497 1.587011 0.055456
0.002382 0.104497 1.587012 0.055456
0.002379 0.104498 1.587012 0.055456
0.002377 0.104498 1.587012 0.055457
0.002375 0.104498 1.587012 0.055457
0.002373 0.104498 1.587012 0.055457
0.002371 0.104498 1.587013 0.055457
0.002369 0.104499 1.587013 0.055457
0.002367 0.104499 1.587013 0.055457
0.002365 0.104499 1.587013 0.055457
0.002364 0.104499 1.587013 0.055457
0.002362 0.104499 1.587013 0.055457
0.002361 0.104500 1.587013 0.055457
0.002360 0.104500 1.587014 0.055457
0.002359 0.104500 1.587014 0.055458
0.002358 0.104500 1.587014 0.055458
0.002357 0.104501 1.587014 0.055458
0.002356 0.104501 1.587014 0.055458
0.002355 0.104501 1.587014 0.055458
0.002354 0.104501 1.587014 0.055458
0.002353 0.104502 1.587014 0.055458
0.002352 0.104502 1.587014 0.055458
0.002351 0.104502 1.587014 0.055459
0.002351 0.104502 1.587014 0.055459
0.002350 0.104503 1.587015 0.055459
0.002349 0.104503 1.587015 0.055459
0.002349 0.104503 1.587015 0.055459
0.002348 0.104503 1.587015 0.055459
0.002348 0.104503 1.587015 0.055459
0.002347 0.104504 1.587015 0.055459
0.002347 0.104504 1.587015 0.055459
0.002346 0.104504 1.587015 0.055460
0.002346 0.104504 1.587015 0.055460
0.002345 0.104505 1.587015 0.055460
0.002345 0.104505 1.587015 0.055460
0.002344 0.104505 1.587015 0.055460
0.002343 0.104505 1.587015 0.055460
0.002342 0.104506 1.587015 0.055460
0.002342 0.104506 1.587015 0.055460
0.002341 0.104506 1.587015 0.055461
0.002340 0.104506 1.587015 0.055461
0.002340 0.104507 1.587015 0.055461
0.002339 0.104507 1.587015 0.055461
0.002339 0.104507 1.587015 0.055461
0.002338 0.104507 1.587016 0.055461
0.002338 0.104507 1.587016 0.055461
0.002337 0.104508 1.587016 0.055461
0.002336 0.104508 1.587016 0.055462
0.002336 0.104508 1.587016 0.055462
0.002335 0.104508 1.587016 0.055462
0.002335 0.104509 1.587016 0.055462
0.002334 0.104509 1.587016 0.055462
0.002334 0.104509 1.587016 0.055462
0.002334 0.104509 1.587016 0.055462
0.002334 0.104509 1.587016 0.055462
0.002334 0.104509 1.587016 0.055462
0.002334 0.104510 1.587016 0.055462
0.002335 0.104510 1.587016 0.055462
0.002335 0.104510 1.587015 0.055463
0.002336 0.104510 1.587015 0.055463
0.002336 0.104510 1.587015 0.055463
0.002336 0.104510 1.587015 0.055463
0.002335 0.104510 1.587015 0.055463
0.002335 0.104510 1.587015 0.055463
0.002334 0.104511 1.587015 0.055463
0.002334 0.104511 1.587015 0.055463
0.002333 0.104511 1.587015 0.055463
0.002333 0.104511 1.587015 0.055463
0.002333 0.104511 1.587014 0.055463
0.002332 0.104511 1.587014 0.055463
0.002332 0.104511 1.587014 0.055463
0.002332 0.104511 1.587014 0.055463
0.002332 0.104511 1.587014 0.055463
0.002331 0.104512 1.587014 0.055463
0.002331 0.104512 1.587014 0.055464
0.002330 0.104512 1.587014 0.055464
0.002330 0.104512 1.587014 0.055464
0.002329 0.104512 1.587013 0.055464
0.002328 0.104512 1.587013 0.055464
0.002327 0.104512 1.587013 0.055464
0.002326 0.104512 1.587013 0.055464
0.002325 0.104513 1.587013 0.055464
0.002324 0.104513 1.587013 0.055464
0.002323 0.104513 1.587013 0.055464
0.002321 0.104513 1.587013 0.055464
0.002320 0.104513 1.587013 0.055464
0.002318 0.104513 1.587013 0.055464
0.002317 0.104513 1.587013 0.055464
0.002315 0.104513 1.587013 0.055464
0.002313 0.104514 1.587013 0.055465
0.002312 0.104514 1.587013 0.055465
0.002310 0.104514 1.587013 0.055465
0.002308 0.104514 1.587012 0.055465
0.002306 0.104514 1.587012 0.055465
0.002304 0.104514 1.587012 0.055465
0.002302 0.104514 1.587012 0.055465
0.002301 0.104515 1.587012 0.055465
0.002299 0.104515 1.587012 0.055465
0.002297 0.104515 1.587011 0.055465
0.002295 0.104515 1.587011 0.055465
0.002293 0.104515 1.587011 0.055465
0.002291 0.104515 1.587010 0.055466
0.002289 0.104516 1.587010 0.055466
0.002287 0.104516 1.587010 0.055466
0.002285 0.104516 1.587010 0.055466
0.002283 0.104516 1.587009 0.055466
0.002281 0.104516 1.587009 0.055466
0.002279 0.104516 1.587009 0.055466
0.002277 0.104516 1.587009 0.055466
0.002275 0.104517 1.587008 0.055466
0.002273 0.104517 1.587008 0.055466
0.002271 0.104517 1.587008 0.055466
0.002270 0.104517 1.587008 0.055467
0.002268 0.104517 1.587008 0.055467
0.002266 0.104517 1.587008 0.055467
0.002264 0.104517 1.587008 0.055467
0.002263 0.104517 1.587008 0.055467
0.002261 0.104517 1.587008 0.055467
0.002260 0.104517 1.587008 0.055467
0.002258 0.104517 1.587008 0.055467
0.002257 0.104518 1.587008 0.055467
0.002255 0.104518 1.587007 0.055467
0.002254 0.104518 1.587007 0.055467
0.002252 0.104518 1.587007 0.055467
0.002251 0.104518 1.587007 0.055467
0.002250 0.104518 1.587007 0.055467
0.002248 0.104518 1.587007 0.055467
0.002247 0.104518 1.587007 0.055467
0.002246 0.104518 1.587007 0.055467
0.002245 0.104518 1.587007 0.055467
0.002244 0.104518 1.587007 0.055467
0.002243 0.104518 1.587007 0.055468
0.002242 0.104519 1.587007 0.055468
0.002241 0.104519 1.587007 0.055468
0.002240 0.104519 1.587007 0.055468
0.002239 0.104519 1.587007 0.055468
0.002239 0.104519 1.587007 0.055468
0.002238 0.104519 1.587007 0.055468
0.002237 0.104519 1.587007 0.055468
0.002237 0.104519 1.587007 0.055468
0.002236 0.104519 1.587007 0.055468
0.002236 0.104519 1.587007 0.055468
0.002235 0.104519 1.587006 0.055468
0.002235 0.104519 1.587006 0.055468
0.002235 0.104519 1.587006 0.055468
0.002235 0.104519 1.587006 0.055468
0.002234 0.104520 1.587006 0.055468
0.002234 0.104520 1.587006 0.055468
0.002234 0.104520 1.587006 0.055468
0.002234 0.104520 1.587006 0.055468
0.002234 0.104520 1.587006 0.055469
0.002234 0.104520 1.587006 0.055469
0.002234 0.104520 1.587006 0.055469
0.002234 0.104520 1.587006 0.055469
0.002235 0.104520 1.587006 0.055469
0.002235 0.104520 1.587006 0.055469
0.002235 0.104520 1.587006 0.055469
0.002235 0.104520 1.587006 0.055469
0.002236 0.104520 1.587006 0.055469
0.002236 0.104520 1.587005 0.055469
0.002237 0.104520 1.587005 0.055469
0.002237 0.104521 1.587005 0.055469
0.002238 0.104521 1.587005 0.055469
0.002238 0.104521 1.587005 0.055469
0.002239 0.104521 1.587005 0.055469
0.002239 0.104521 1.587005 0.055469
0.002240 0.104521 1.587005 0.055469
0.002240 0.104521 1.587005 0.055469
0.002241 0.104521 1.587005 0.055469
0.002242 0.104521 1.587005 0.055469
0.002242 0.104521 1.587005 0.055469
0.002243 0.104521 1.587005 0.055469
0.002244 0.104521 1.587005 0.055469
0.002244 0.104521 1.587004 0.055469
0.002245 0.104521 1.587004 0.055470
0.002246 0.104521 1.587004 0.055470
0.002246 0.104521 1.587004 0.055470
0.002247 0.104521 1.587004 0.055470
0.002248 0.104521 1.587004 0.055470
0.002248 0.104521 1.587004 0.055470
0.002249 0.104521 1.587004 0.055470
0.002250 0.104521 1.587004 0.055470
0.002250 0.104521 1.587004 0.055470
0.002251 0.104521 1.587004 0.055470
0.002252 0.104522 1.587004 0.055470
0.002252 0.104522 1.587004 0.055470
0.002253 0.104522 1.587003 0.055470
0.002253 0.104522 1.587003 0.055470
0.002254 0.104522 1.587003 0.055470
0.002254 0.104522 1.587003 0.055470
0.002255 0.104522 1.587003 0.055470
0.002255 0.104522 1.587003 0.055470
0.002256 0.104522 1.587003 0.055470
0.002256 0.104522 1.587003 0.055470
0.002256 0.104522 1.587003 0.055470
0.002257 0.104522 1.587003 0.055470
0.002257 0.104522 1.587003 0.055470
0.002257 0.104522 1.587003 0.055470
0.002257 0.104522 1.587002 0.055470
0.002257 0.104522 1.587002 0.055470
0.002258 0.104522 1.587002 0.055470
0.002258 0.104522 1.587002 0.055470
0.002258 0.104522 1.587002 0.055470
0.002258 0.104522 1.587002 0.055470
0.002257 0.104522 1.587002 0.055470
0.002257 0.104522 1.587002 0.055470
0.002257 0.104522 1.587002 0.055470
0.002257 0.104522 1.587002 0.055470
0.002256 0.104522 1.587002 0.055470
0.002256 0.104522 1.587001 0.055470
0.002256 0.104522 1.587001 0.055470
0.002255 0.104522 1.587001 0.055470
0.002255 0.104522 1.587001 0.055470
0.002254 0.104522 1.587001 0.055471
0.002253 0.104522 1.587001 0.055471
0.002253 0.104522 1.587001 0.055471
0.002252 0.104522 1.587001 0.055471
0.002251 0.104522 1.587001 0.055471
0.002250 0.104522 1.587001 0.055471
0.002249 0.104522 1.587001 0.055471
0.002248 0.104522 1.587001 0.055471
0.002247 0.104522 1.587000 0.055471
0.002246 0.104522 1.587000 0.055471
0.002244 0.104522 1.587000 0.055471
0.002243 0.104522 1.587000 0.055471
0.002242 0.104522 1.587000 0.055471
0.002240 0.104522 1.587000 0.055471
0.002239 0.104522 1.587000 0.055471
0.002237 0.104522 1.587000 0.055471
0.002235 0.104522 1.587000 0.055471
0.002233 0.104522 1.587000 0.055471
0.002231 0.104522 1.587000 0.055471
0.002230 0.104522 1.587000 0.055471
0.002227 0.104522 1.586999 0.055471
0.002225 0.104522 1.586999 0.055471
0.002223 0.104522 1.586999 0.055471
0.002221 0.104522 1.586999 0.055471
0.002218 0.104522 1.586999 0.055471
0.002216 0.104522 1.586999 0.055471
0.002213 0.104522 1.586999 0.055471
0.002211 0.104522 1.586999 0.055471
0.002208 0.104522 1.586999 0.055471
0.002205 0.104523 1.586999 0.055471
0.002202 0.104523 1.586999 0.055471
0.002199 0.104523 1.586999 0.055471
0.002196 0.104523 1.586998 0.055471
0.002193 0.104523 1.586998 0.055471
0.002190 0.104523 1.586998 0.055471
0.002186 0.104523 1.586998 0.055471
0.002183 0.104523 1.586998 0.055471
0.002179 0.104523 1.586998 0.055471
0.002176 0.104523 1.586998 0.055471
0.002172 0.104523 1.586998 0.055471
0.002168 0.104523 1.586998 0.055471
0.002164 0.104523 1.586998 0.055471
0.002160 0.104523 1.586997 0.055471
0.002156 0.104523 1.586997 0.055471
0.002152 0.104522 1.586997 0.055471
0.002147 0.104522 1.586997 0.055471
0.002143 0.104522 1.586997 0.055471
0.002138 0.104522 1.586997 0.055471
0.002134 0.104522 1.586997 0.055471
0.002129 0.104522 1.586997 0.055471
0.002124 0.104522 1.586996 0.055471
0.002119 0.104522 1.586996 0.055471
0.002114 0.104522 1.586996 0.055471
0.002109 0.104522 1.586996 0.055471
0.002104 0.104522 1.586996 0.055471
0.002099 0.104522 1.586996 0.055471
0.002093 0.104522 1.586996 0.055471
0.002088 0.104522 1.586996 0.055471
0.002082 0.104522 1.586996 0.055471
0.002076 0.104522 1.586995 0.055471
0.002070 0.104522 1.586995 0.055471
0.002064 0.104522 1.586995 0.055471
0.002058 0.104522 1.586995 0.055471
0.002052 0.104522 1.586995 0.055471
0.002046 0.104522 1.586995 0.055471
0.002040 0.104522 1.586995 0.055471
0.002034 0.104522 1.586995 0.055471
0.002027 0.104522 1.586995 0.055471
0.002021 0.104522 1.586995 0.055471
0.002014 0.104522 1.586994 0.055471
0.002007 0.104522 1.586994 0.055471
0.002001 0.104522 1.586994 0.055471
0.001994 0.104522 1.586994 0.055471
0.001987 0.104522 1.586994 0.055471
0.001980 0.104522 1.586994 0.055471
0.001973 0.104522 1.586994 0.055471
0.001966 0.104522 1.586994 0.055471
0.001958 0.104522 1.586994 0.055471
0.001951 0.104522 1.586994 0.055471
0.001944 0.104522 1.586994 0.055471
0.001936 0.104522 1.586993 0.055471
0.001929 0.104522 1.586993 0.055471
0.001921 0.104522 1.586993 0.055471
0.001913 0.104522 1.586993 0.055471
0.001905 0.104522 1.586993 0.055471
0.001898 0.104522 1.586993 0.055471
0.001890 0.104522 1.586993 0.055471
0.001882 0.104522 1.586993 0.055471
0.001874 0.104522 1.586993 0.055471
0.001865 0.104522 1.586993 0.055471
0.001857 0.104522 1.586993 0.055471
0.001849 0.104522 1.586993 0.055471
0.001841 0.104522 1.586993 0.055471
0.001832 0.104522 1.586993 0.055472
0.001824 0.104522 1.586992 0.055472
0.001815 0.104522 1.586992 0.055472
0.001807 0.104522 1.586992 0.055472
0.001798 0.104522 1.586992 0.055472
0.001789 0.104522 1.586992 0.055472
0.001780 0.104522 1.586992 0.055472
0.001772 0.104522 1.586992 0.055472
0.001763 0.104522 1.586992 0.055472
0.001754 0.104522 1.586992 0.055472
0.001745 0.104522 1.586992 0.055472
0.001736 0.104523 1.586992 0.055472
0.001726 0.104523 1.586992 0.055472
0.001717 0.104523 1.586992 0.055472
0.001708 0.104523 1.586992 0.055472
0.001699 0.104523 1.586991 0.055472
0.001690 0.104523 1.586991 0.055472
0.001680 0.104523 1.586991 0.055472
0.001671 0.104523 1.586991 0.055472
0.001661 0.104523 1.586991 0.055472
0.001652 0.104523 1.586991 0.055472
0.001642 0.104523 1.586991 0.055472
0.001633 0.104523 1.586991 0.055472
0.001623 0.104523 1.586991 0.055472
0.001613 0.104523 1.586991 0.055472
0.001604 0.104523 1.586991 0.055472
0.001594 0.104523 1.586991 0.055472
0.001584 0.104523 1.586991 0.055472
0.001574 0.104523 1.586991 0.055472
0.001565 0.104523 1.586991 0.055472
0.001555 0.104523 1.586991 0.055472
0.001545 0.104523 1.586990 0.055472
0.001535 0.104523 1.586990 0.055472
0.001525 0.104523 1.586990 0.055472
0.001515 0.104523 1.586990 0.055472
0.001505 0.104523 1.586990 0.055472
0.001495 0.104523 1.586990 0.055472
0.001485 0.104523 1.586990 0.055472
0.001475 0.104523 1.586990 0.055472
0.001465 0.104523 1.586990 0.055472
0.001455 0.104523 1.586990 0.055472
0.001445 0.104523 1.586990 0.055472
0.001435 0.104523 1.586990 0.055472
0.001425 0.104523 1.586990 0.055472
0.001414 0.104523 1.586990 0.055472
0.001404 0.104523 1.586990 0.055472
0.001394 0.104523 1.586990 0.055472
0.001384 0.104523 1.586989 0.055472
0.001374 0.104523 1.586989 0.055472
0.001364 0.104523 1.586989 0.055472
0.001354 0.104523 1.586989 0.055472
0.001343 0.104523 1.586989 0.055472
0.001333 0.104523 1.586989 0.055472
0.001323 0.104523 1.586989 0.055472
0.001313 0.104523 1.586989 0.055472
0.001303 0.104523 1.586989 0.055472
0.001293 0.104523 1.586989 0.055472
0.001283 0.104523 1.586989 0.055472
0.001273 0.104523 1.586989 0.055472
0.001263 0.104523 1.586989 0.055472
0.001252 0.104523 1.586989 0.055472
0.001242 0.104523 1.586989 0.055472
0.001232 0.104523 1.586989 0.055472
0.001222 0.104523 1.586988 0.055472
0.001213 0.104523 1.586988 0.055472
0.001203 0.104523 1.586988 0.055472
0.001193 0.104523 1.586988 0.055472
0.001183 0.104523 1.586988 0.055472
0.001173 0.104523 1.586988 0.055472
0.001163 0.104523 1.586988 0.055472
0.001153 0.104523 1.586988 0.055472
0.001143 0.104523 1.586988 0.055472
0.001134 0.104523 1.586988 0.055473
0.001124 0.104523 1.586988 0.055473
0.001114 0.104523 1.586988 0.055473
0.001105 0.104523 1.586988 0.055473
0.001095 0.104523 1.586988 0.055473
0.001085 0.104523 1.586988 0.055473
0.001076 0.104523 1.586987 0.055473
0.001066 0.104523 1.586987 0.055473
0.001057 0.104523 1.586987 0.055473
0.001047 0.104523 1.586987 0.055473
0.001038 0.104523 1.586987 0.055473
0.001029 0.104523 1.586987 0.055473
0.001019 0.104523 1.586987 0.055473
0.001010 0.104523 1.586987 0.055473
0.001001 0.104523 1.586987 0.055473
0.000992 0.104523 1.586987 0.055473
0.000983 0.104523 1.586987 0.055473
0.000974 0.104523 1.586987 0.055473
0.000965 0.104523 1.586987 0.055473
0.000956 0.104523 1.586987 0.055473
0.000947 0.104523 1.586987 0.055473
0.000938 0.104523 1.586987 0.055473
0.000929 0.104523 1.586986 0.055473
0.000920 0.104523 1.586986 0.055473
0.000912 0.104523 1.586986 0.055473
0.000903 0.104523 1.586986 0.055473
0.000895 0.104523 1.586986 0.055473
0.000886 0.104523 1.586986 0.055473
0.000878 0.104523 1.586986 0.055473
0.000869 0.104523 1.586986 0.055473
0.000861 0.104523 1.586986 0.055473
0.000853 0.104523 1.586986 0.055473
0.000844 0.104523 1.586986 0.055473
0.000836 0.104523 1.586986 0.055473
0.000828 0.104523 1.586986 0.055473
0.000820 0.104523 1.586986 0.055473
0.000812 0.104523 1.586986 0.055473
0.000804 0.104523 1.586986 0.055473
0.000796 0.104523 1.586985 0.055473
0.000789 0.104523 1.586985 0.055473
0.000781 0.104523 1.586985 0.055473
0.000773 0.104523 1.586985 0.055473
0.000766 0.104523 1.586985 0.055473
0.000758 0.104523 1.586985 0.055473
0.000751 0.104523 1.586985 0.055473
0.000743 0.104523 1.586985 0.055473
0.000736 0.104523 1.586985 0.055473
0.000729 0.104523 1.586985 0.055473
0.000721 0.104523 1.586985 0.055473
0.000714 0.104523 1.586985 0.055473
0.000707 0.104523 1.586985 0.055473
0.000700 0.104523 1.586985 0.055473
0.000694 0.104523 1.586985 0.055473
0.000687 0.104523 1.586985 0.055473
0.000680 0.104523 1.586985 0.055473
0.000673 0.104523 1.586984 0.055473
0.000667 0.104523 1.586984 0.055473
0.000660 0.104523 1.586984 0.055473
0.000654 0.104523 1.586984 0.055473
0.000648 0.104523 1.586984 0.055473
0.000641 0.104523 1.586984 0.055473
0.000635 0.104523 1.586984 0.055473
0.000629 0.104523 1.586984 0.055473
0.000623 0.104523 1.586984 0.055473
0.000617 0.104523 1.586984 0.055473
0.000611 0.104523 1.586984 0.055473
0.000605 0.104523 1.586984 0.055473
0.000600 0.104523 1.586984 0.055473
0.000594 0.104523 1.586984 0.055473
0.000588 0.104523 1.586984 0.055473
0.000583 0.104523 1.586984 0.055473
0.000578 0.104523 1.586984 0.055473
0.000572 0.104523 1.586983 0.055473
0.000567 0.104523 1.586983 0.055473
0.000562 0.104523 1.586983 0.055473
0.000557 0.104523 1.586983 0.055473
0.000552 0.104523 1.586983 0.055473
0.000547 0.104523 1.586983 0.055473
0.000542 0.104523 1.586983 0.055473
0.000537 0.104523 1.586983 0.055473
0.000533 0.104523 1.586983 0.055473
0.000528 0.104523 1.586983 0.055473
0.000523 0.104523 1.586983 0.055473
0.000519 0.104523 1.586983 0.055473
0.000515 0.104523 1.586983 0.055473
0.000510 0.104523 1.586983 0.055473
0.000506 0.104523 1.586983 0.055473
0.000502 0.104523 1.586983 0.055473
0.000498 0.104523 1.586983 0.055473
0.000494 0.104523 1.586982 0.055473
0.000490 0.104523 1.586982 0.055474
0.000487 0.104523 1.586982 0.055474
0.000483 0.104524 1.586982 0.055474
0.000479 0.104524 1.586982 0.055474
0.000476 0.104524 1.586982 0.055474
0.000472 0.104524 1.586982 0.055474
0.000469 0.104524 1.586982 0.055474
0.000465 0.104524 1.586982 0.055474
0.000462 0.104524 1.586982 0.055474
0.000459 0.104524 1.586982 0.055474
0.000456 0.104524 1.586982 0.055474
0.000453 0.104524 1.586982 0.055474
0.000450 0.104524 1.586982 0.055474
0.000447 0.104524 1.586982 0.055474
0.000444 0.104524 1.586982 0.055474
0.000442 0.104524 1.586982 0.055474
0.000439 0.104524 1.586982 0.055474
0.000436 0.104524 1.586982 0.055474
0.000434 0.104524 1.586981 0.055474
0.000432 0.104524 1.586981 0.055474
0.000429 0.104524 1.586981 0.055474
0.000427 0.104524 1.586981 0.055474
0.000425 0.104524 1.586981 0.055474
0.000422 0.104524 1.586981 0.055474
0.000420 0.104524 1.586981 0.055474
0.000418 0.104524 1.586981 0.055474
0.000416 0.104524 1.586981 0.055474
0.000414 0.104524 1.586981 0.055474
0.000413 0.104524 1.586981 0.055474
0.000411 0.104524 1.586981 0.055474
0.000409 0.104524 1.586981 0.055474
0.000407 0.104524 1.586981 0.055474
0.000406 0.104524 1.586981 0.055474
0.000404 0.104524 1.586981 0.055474
0.000403 0.104524 1.586981 0.055474
0.000401 0.104524 1.586981 0.055474
0.000400 0.104524 1.586981 0.055474
0.000399 0.104524 1.586980 0.055474
0.000397 0.104524 1.586980 0.055474
0.000396 0.104524 1.586980 0.055474
0.000395 0.104524 1.586980 0.055474
0.000394 0.104524 1.586980 0.055474
0.000393 0.104524 1.586980 0.055474
0.000392 0.104524 1.586980 0.055474
0.000391 0.104524 1.586980 0.055474
0.000390 0.104524 1.586980 0.055474
0.000389 0.104524 1.586980 0.055474
0.000388 0.104524 1.586980 0.055474
0.000387 0.104524 1.586980 0.055474
0.000386 0.104524 1.586980 0.055474
0.000385 0.104524 1.586980 0.055474
0.000385 0.104524 1.586980 0.055474
0.000384 0.104524 1.586980 0.055474
0.000383 0.104524 1.586980 0.055474
0.000383 0.104524 1.586980 0.055474
0.000382 0.104524 1.586980 0.055474
0.000381 0.104524 1.586980 0.055474
0.000381 0.104524 1.586979 0.055474
0.000380 0.104524 1.586979 0.055474
0.000380 0.104524 1.586979 0.055474
0.000379 0.104524 1.586979 0.055474
0.000379 0.104524 1.586979 0.055474
0.000379 0.104524 1.586979 0.055474
0.000378 0.104524 1.586979 0.055474
0.000378 0.104524 1.586979 0.055474
0.000378 0.104524 1.586979 0.055474
0.000377 0.104524 1.586979 0.055474
0.000377 0.104524 1.586979 0.055474
0.000377 0.104524 1.586979 0.055474
0.000376 0.104524 1.586979 0.055474
0.000376 0.104524 1.586979 0.055474
0.000376 0.104524 1.586979 0.055474
0.000376 0.104524 1.586979 0.055474
0.000376 0.104524 1.586979 0.055474
0.000375 0.104524 1.586979 0.055474
0.000375 0.104524 1.586979 0.055474
0.000375 0.104524 1.586979 0.055474
0.000375 0.104524 1.586979 0.055474
0.000375 0.104524 1.586978 0.055474
0.000375 0.104524 1.586978 0.055474
0.000375 0.104524 1.586978 0.055474
0.000374 0.104524 1.586978 0.055474
0.000374 0.104524 1.586978 0.055474
0.000374 0.104524 1.586978 0.055474
0.000374 0.104524 1.586978 0.055474
0.000374 0.104524 1.586978 0.055474
0.000374 0.104524 1.586978 0.055474
0.000374 0.104524 1.586978 0.055474
0.000374 0.104524 1.586978 0.055474
0.000374 0.104524 1.586978 0.055474
0.000374 0.104524 1.586978 0.055474
0.000374 0.104524 1.586978 0.055474
0.000374 0.104524 1.586978 0.055474
0.000374 0.104524 1.586978 0.055474
0.000374 0.104524 1.586978 0.055474
0.000374 0.104524 1.586978 0.055474
0.000373 0.104524 1.586978 0.055474
0.000373 0.104524 1.586978 0.055474
0.000373 0.104524 1.586978 0.055474
0.000373 0.104524 1.586978 0.055475
0.000373 0.104524 1.586977 0.055475
0.000373 0.104524 1.586977 0.055475
0.000373 0.104524 1.586977 0.055475
0.000373 0.104524 1.586977 0.055475
0.000373 0.104524 1.586977 0.055475
0.000373 0.104524 1.586977 0.055475
0.000373 0.104524 1.586977 0.055475
0.000373 0.104524 1.586977 0.055475
0.000373 0.104524 1.586977 0.055475
0.000373 0.104524 1.586977 0.055475
0.000373 0.104524 1.586977 0.055475
0.000373 0.104524 1.586977 0.055475
0.000373 0.104524 1.586977 0.055475
0.000373 0.104524 1.586977 0.055475
0.000372 0.104524 1.586977 0.055475
0.000372 0.104524 1.586977 0.055475
0.000372 0.104524 1.586977 0.055475
0.000372 0.104524 1.586977 0.055475
0.000372 0.104524 1.586977 0.055475
0.000372 0.104524 1.586977 0.055475
0.000372 0.104524 1.586977 0.055475
0.000372 0.104524 1.586977 0.055475
0.000372 0.104524 1.586977 0.055475
0.000372 0.104524 1.586976 0.055475
0.000371 0.104524 1.586976 0.055475
0.000371 0.104524 1.586976 0.055475
0.000371 0.104524 1.586976 0.055475
0.000371 0.104524 1.586976 0.055475
0.000371 0.104524 1.586976 0.055475
0.000371 0.104524 1.586976 0.055475
0.000371 0.104524 1.586976 0.055475
0.000370 0.104524 1.586976 0.055475
0.000370 0.104524 1.586976 0.055475
0.000370 0.104524 1.586976 0.055475
0.000370 0.104524 1.586976 0.055475
0.000370 0.104524 1.586976 0.055475
0.000369 0.104524 1.586976 0.055475
0.000369 0.104524 1.586976 0.055475
0.000369 0.104524 1.586976 0.055475
0.000369 0.104524 1.586976 0.055475
0.000369 0.104524 1.586976 0.055475
0.000368 0.104524 1.586976 0.055475
0.000368 0.104524 1.586976 0.055475
0.000368 0.104524 1.586976 0.055475
0.000368 0.104524 1.586976 0.055475
0.000367 0.104524 1.586976 0.055475
0.000367 0.104524 1.586976 0.055475
0.000367 0.104524 1.586975 0.055475
0.000367 0.104524 1.586975 0.055475
0.000366 0.104525 1.586975 0.055475
0.000366 0.104525 1.586975 0.055475
0.000366 0.104525 1.586975 0.055475
0.000365 0.104525 1.586975 0.055475
0.000365 0.104525 1.586975 0.055475
0.000365 0.104525 1.586975 0.055475
0.000365 0.104525 1.586975 0.055475
0.000364 0.104525 1.586975 0.055475
0.000364 0.104525 1.586975 0.055475
0.000364 0.104525 1.586975 0.055475
0.000363 0.104525 1.586975 0.055475
0.000363 0.104525 1.586975 0.055475
0.000363 0.104525 1.586975 0.055475
0.000362 0.104525 1.586975 0.055475
0.000362 0.104525 1.586975 0.055475
0.000361 0.104525 1.586975 0.055475
0.000361 0.104525 1.586975 0.055475
0.000361 0.104525 1.586975 0.055475
0.000360 0.104525 1.586975 0.055475
0.000360 0.104525 1.586975 0.055475
0.000360 0.104525 1.586975 0.055475
0.000359 0.104525 1.586975 0.055475
0.000359 0.104525 1.586975 0.055475
0.000358 0.104525 1.586974 0.055475
0.000358 0.104525 1.586974 0.055475
0.000358 0.104525 1.586974 0.055475
0.000357 0.104525 1.586974 0.055475
0.000357 0.104525 1.586974 0.055475
0.000356 0.104525 1.586974 0.055475
0.000356 0.104525 1.586974 0.055475
0.000355 0.104525 1.586974 0.055475
0.000355 0.104525 1.586974 0.055475
0.000354 0.104525 1.586974 0.055475
0.000354 0.104525 1.586974 0.055475
0.000354 0.104525 1.586974 0.055475
0.000353 0.104525 1.586974 0.055475
0.000353 0.104525 1.586974 0.055475
0.000352 0.104525 1.586974 0.055475
0.000352 0.104525 1.586974 0.055475
0.000351 0.104525 1.586974 0.055475
0.000351 0.104525 1.586974 0.055475
0.000350 0.104525 1.586974 0.055475
0.000350 0.104525 1.586974 0.055475
0.000349 0.104525 1.586974 0.055475
0.000349 0.104525 1.586974 0.055475
0.000348 0.104525 1.586974 0.055475
0.000348 0.104525 1.586974 0.055475
0.000347 0.104525 1.586974 0.055475
0.000347 0.104525 1.586974 0.055475
0.000346 0.104525 1.586974 0.055475
0.000346 0.104525 1.586973 0.055475
0.000345 0.104525 1.586973 0.055475
0.000345 0.104525 1.586973 0.055475
0.000344 0.104525 1.586973 0.055475
0.000344 0.104525 1.586973 0.055475
0.000343 0.104525 1.586973 0.055475
0.000342 0.104525 1.586973 0.055475
0.000342 0.104525 1.586973 0.055475
0.000341 0.104525 1.586973 0.055475
0.000341 0.104525 1.586973 0.055475
0.000340 0.104525 1.586973 0.055475
0.000340 0.104525 1.586973 0.055475
0.000339 0.104525 1.586973 0.055475
0.000339 0.104525 1.586973 0.055475
0.000338 0.104525 1.586973 0.055475
0.000338 0.104525 1.586973 0.055476
0.000337 0.104525 1.586973 0.055476
0.000336 0.104525 1.586973 0.055476
0.000336 0.104525 1.586973 0.055476
0.000335 0.104525 1.586973 0.055476
0.000335 0.104525 1.586973 0.055476
0.000334 0.104525 1.586973 0.055476
0.000333 0.104525 1.586973 0.055476
0.000333 0.104525 1.586973 0.055476
0.000332 0.104525 1.586973 0.055476
0.000332 0.104525 1.586973 0.055476
0.000331 0.104525 1.586973 0.055476
0.000330 0.104525 1.586973 0.055476
0.000330 0.104525 1.586973 0.055476
0.000329 0.104525 1.586972 0.055476
0.000329 0.104525 1.586972 0.055476
0.000328 0.104525 1.586972 0.055476
0.000327 0.104525 1.586972 0.055476
0.000327 0.104525 1.586972 0.055476
0.000326 0.104525 1.586972 0.055476
0.000326 0.104525 1.586972 0.055476
0.000325 0.104525 1.586972 0.055476
0.000324 0.104525 1.586972 0.055476
0.000324 0.104525 1.586972 0.055476
0.000323 0.104525 1.586972 0.055476
0.000322 0.104525 1.586972 0.055476
0.000322 0.104525 1.586972 0.055476
0.000321 0.104525 1.586972 0.055476
0.000321 0.104525 1.586972 0.055476
0.000320 0.104525 1.586972 0.055476
0.000319 0.104525 1.586972 0.055476
0.000319 0.104525 1.586972 0.055476
0.000318 0.104525 1.586972 0.055476
0.000317 0.104525 1.586972 0.055476
0.000317 0.104525 1.586972 0.055476
0.000316 0.104525 1.586972 0.055476
0.000315 0.104525 1.586972 0.055476
0.000315 0.104525 1.586972 0.055476
0.000314 0.104525 1.586972 0.055476
0.000314 0.104525 1.586972 0.055476
0.000313 0.104525 1.586972 0.055476
0.000312 0.104525 1.586972 0.055476
0.000312 0.104525 1.586972 0.055476
0.000311 0.104525 1.586972 0.055476
0.000310 0.104525 1.586972 0.055476
0.000310 0.104525 1.586971 0.055476
0.000309 0.104525 1.586971 0.055476
0.000308 0.104525 1.586971 0.055476
0.000308 0.104525 1.586971 0.055476
0.000307 0.104525 1.586971 0.055476
0.000306 0.104525 1.586971 0.055476
0.000306 0.104525 1.586971 0.055476
0.000305 0.104525 1.586971 0.055476
0.000304 0.104525 1.586971 0.055476
0.000304 0.104525 1.586971 0.055476
0.000303 0.104525 1.586971 0.055476
0.000303 0.104525 1.586971 0.055476
0.000302 0.104525 1.586971 0.055476
0.000301 0.104525 1.586971 0.055476
0.000301 0.104525 1.586971 0.055476
0.000300 0.104525 1.586971 0.055476
0.000299 0.104525 1.586971 0.055476
0.000299 0.104525 1.586971 0.055476
0.000298 0.104525 1.586971 0.055476
0.000297 0.104525 1.586971 0.055476
0.000297 0.104525 1.586971 0.055476
0.000296 0.104525 1.586971 0.055476
0.000295 0.104525 1.586971 0.055476
0.000295 0.104525 1.586971 0.055476
0.000294 0.104525 1.586971 0.055476
0.000293 0.104525 1.586971 0.055476
0.000293 0.104525 1.586971 0.055476
0.000292 0.104525 1.586971 0.055476
0.000291 0.104525 1.586971 0.055476
0.000291 0.104525 1.586971 0.055476
0.000290 0.104525 1.586971 0.055476
0.000290 0.104525 1.586971 0.055476
0.000289 0.104525 1.586970 0.055476
0.000288 0.104525 1.586970 0.055476
0.000288 0.104525 1.586970 0.055476
0.000287 0.104525 1.586970 0.055476
0.000286 0.104525 1.586970 0.055476
0.000286 0.104525 1.586970 0.055476
0.000285 0.104525 1.586970 0.055476
0.000284 0.104525 1.586970 0.055476
0.000284 0.104525 1.586970 0.055476
0.000283 0.104525 1.586970 0.055476
0.000282 0.104525 1.586970 0.055476
0.000282 0.104525 1.586970 0.055476
0.000281 0.104526 1.586970 0.055476
0.000280 0.104526 1.586970 0.055476
0.000280 0.104526 1.586970 0.055476
0.000279 0.104526 1.586970 0.055476
0.000279 0.104526 1.586970 0.055476
0.000278 0.104526 1.586970 0.055476
0.000277 0.104526 1.586970 0.055476
0.000277 0.104526 1.586970 0.055476
0.000276 0.104526 1.586970 0.055476
0.000275 0.104526 1.586970 0.055476
0.000275 0.104526 1.586970 0.055476
0.000274 0.104526 1.586970 0.055476
0.000273 0.104526 1.586970 0.055476
0.000273 0.104526 1.586970 0.055476
0.000272 0.104526 1.586970 0.055476
0.000271 0.104526 1.586970 0.055476
0.000271 0.104526 1.586970 0.055476
0.000270 0.104526 1.586970 0.055476
0.000270 0.104526 1.586970 0.055476
0.000269 0.104526 1.586970 0.055476
0.000268 0.104526 1.586970 0.055476
0.000268 0.104526 1.586970 0.055476
0.000267 0.104526 1.586969 0.055476
0.000266 0.104526 1.586969 0.055476
0.000266 0.104526 1.586969 0.055476
0.000265 0.104526 1.586969 0.055476
0.000265 0.104526 1.586969 0.055476
0.000264 0.104526 1.586969 0.055476
0.000263 0.104526 1.586969 0.055476
0.000263 0.104526 1.586969 0.055476
0.000262 0.104526 1.586969 0.055476
0.000261 0.104526 1.586969 0.055476
0.000261 0.104526 1.586969 0.055476
0.000260 0.104526 1.586969 0.055476
0.000260 0.104526 1.586969 0.055476
0.000259 0.104526 1.586969 0.055476
0.000258 0.104526 1.586969 0.055476
0.000258 0.104526 1.586969 0.055476
0.000257 0.104526 1.586969 0.055476
0.000256 0.104526 1.586969 0.055476
0.000256 0.104526 1.586969 0.055476
0.000255 0.104526 1.586969 0.055476
0.000255 0.104526 1.586969 0.055476
0.000254 0.104526 1.586969 0.055476
0.000253 0.104526 1.586969 0.055476
0.000253 0.104526 1.586969 0.055476
0.000252 0.104526 1.586969 0.055476
0.000252 0.104526 1.586969 0.055476
0.000251 0.104526 1.586969 0.055476
0.000250 0.104526 1.586969 0.055476
0.000250 0.104526 1.586969 0.055476
0.000249 0.104526 1.586969 0.055476
0.000249 0.104526 1.586969 0.055476
0.000248 0.104526 1.586969 0.055476
0.000247 0.104526 1.586969 0.055476
0.000247 0.104526 1.586969 0.055477
0.000246 0.104526 1.586969 0.055477
0.000245 0.104526 1.586969 0.055477
0.000245 0.104526 1.586969 0.055477
0.000244 0.104526 1.586969 0.055477
0.000244 0.104526 1.586968 0.055477
0.000243 0.104526 1.586968 0.055477
0.000242 0.104526 1.586968 0.055477
0.000242 0.104526 1.586968 0.055477
0.000241 0.104526 1.586968 0.055477
0.000241 0.104526 1.586968 0.055477
0.000240 0.104526 1.586968 0.055477
0.000240 0.104526 1.586968 0.055477
0.000239 0.104526 1.586968 0.055477
0.000238 0.104526 1.586968 0.055477
0.000238 0.104526 1.586968 0.055477
0.000237 0.104526 1.586968 0.055477
0.000237 0.104526 1.586968 0.055477
0.000236 0.104526 1.586968 0.055477
0.000235 0.104526 1.586968 0.055477
0.000235 0.104526 1.586968 0.055477
0.000234 0.104526 1.586968 0.055477
0.000234 0.104526 1.586968 0.055477
0.000233 0.104526 1.586968 0.055477
0.000232 0.104526 1.586968 0.055477
0.000232 0.104526 1.586968 0.055477
0.000231 0.104526 1.586968 0.055477
0.000231 0.104526 1.586968 0.055477
0.000230 0.104526 1.586968 0.055477
0.000230 0.104526 1.586968 0.055477
0.000229 0.104526 1.586968 0.055477
0.000228 0.104526 1.586968 0.055477
0.000228 0.104526 1.586968 0.055477
0.000227 0.104526 1.586968 0.055477
0.000227 0.104526 1.586968 0.055477
0.000226 0.104526 1.586968 0.055477
0.000226 0.104526 1.586968 0.055477
0.000225 0.104526 1.586968 0.055477
0.000224 0.104526 1.586968 0.055477
0.000224 0.104526 1.586968 0.055477
0.000223 0.104526 1.586968 0.055477
0.000223 0.104526 1.586968 0.055477
0.000222 0.104526 1.586968 0.055477
0.000222 0.104526 1.586968 0.055477
0.000221 0.104526 1.586968 0.055477
0.000221 0.104526 1.586968 0.055477
0.000220 0.104526 1.586968 0.055477
0.000219 0.104526 1.586968 0.055477
0.000219 0.104526 1.586968 0.055477
0.000218 0.104526 1.586967 0.055477
0.000218 0.104526 1.586967 0.055477
0.000217 0.104526 1.586967 0.055477
0.000217 0.104526 1.586967 0.055477
0.000216 0.104526 1.586967 0.055477
0.000216 0.104526 1.586967 0.055477
0.000215 0.104526 1.586967 0.055477
0.000214 0.104526 1.586967 0.055477
0.000214 0.104526 1.586967 0.055477
0.000213 0.104526 1.586967 0.055477
0.000213 0.104526 1.586967 0.055477
0.000212 0.104526 1.586967 0.055477
0.000212 0.104526 1.586967 0.055477
0.000211 0.104526 1.586967 0.055477
0.000211 0.104526 1.586967 0.055477
0.000210 0.104526 1.586967 0.055477
0.000210 0.104526 1.586967 0.055477
0.000209 0.104526 1.586967 0.055477
0.000209 0.104526 1.586967 0.055477
0.000208 0.104526 1.586967 0.055477
0.000207 0.104526 1.586967 0.055477
0.000207 0.104526 1.586967 0.055477
0.000206 0.104526 1.586967 0.055477
0.000206 0.104526 1.586967 0.055477
0.000205 0.104526 1.586967 0.055477
0.000205 0.104526 1.586967 0.055477
0.000204 0.104526 1.586967 0.055477
0.000204 0.104526 1.586967 0.055477
0.000203 0.104526 1.586967 0.055477
0.000203 0.104526 1.586967 0.055477
0.000202 0.104526 1.586967 0.055477
0.000202 0.104526 1.586967 0.055477
0.000201 0.104526 1.586967 0.055477
0.000201 0.104526 1.586967 0.055477
0.000200 0.104526 1.586967 0.055477
0.000200 0.104526 1.586967 0.055477
0.000199 0.104526 1.586967 0.055477
0.000199 0.104526 1.586967 0.055477
0.000198 0.104526 1.586967 0.055477
0.000198 0.104526 1.586967 0.055477
0.000197 0.104526 1.586967 0.055477
0.000197 0.104526 1.586967 0.055477
0.000196 0.104526 1.586967 0.055477
0.000196 0.104526 1.586967 0.055477
0.000195 0.104526 1.586967 0.055477
0.000195 0.104526 1.586967 0.055477
0.000194 0.104526 1.586967 0.055477
0.000194 0.104526 1.586967 0.055477
0.000193 0.104526 1.586967 0.055477
0.000193 0.104526 1.586966 0.055477
0.000192 0.104526 1.586966 0.055477
0.000192 0.104526 1.586966 0.055477
0.000191 0.104526 1.586966 0.055477
0.000191 0.104526 1.586966 0.055477
0.000190 0.104526 1.586966 0.055477
0.000190 0.104526 1.586966 0.055477
0.000189 0.104526 1.586966 0.055477
0.000189 0.104526 1.586966 0.055477
0.000188 0.104526 1.586966 0.055477
0.000188 0.104526 1.586966 0.055477
0.000187 0.104526 1.586966 0.055477
0.000187 0.104526 1.586966 0.055477
0.000186 0.104526 1.586966 0.055477
0.000186 0.104526 1.586966 0.055477
0.000185 0.104526 1.586966 0.055477
0.000185 0.104526 1.586966 0.055477
0.000184 0.104526 1.586966 0.055477
0.000184 0.104527 1.586966 0.055477
0.000183 0.104527 1.586966 0.055477
0.000183 0.104527 1.586966 0.055477
0.000182 0.104527 1.586966 0.055477
0.000182 0.104527 1.586966 0.055477
0.000181 0.104527 1.586966 0.055477
0.000181 0.104527 1.586966 0.055477
0.000180 0.104527 1.586966 0.055477
0.000180 0.104527 1.586966 0.055477
0.000180 0.104527 1.586966 0.055477
0.000179 0.104527 1.586966 0.055477
0.000179 0.104527 1.586966 0.055477
0.000178 0.104527 1.586966 0.055477
0.000178 0.104527 1.586966 0.055477
0.000177 0.104527 1.586966 0.055477
0.000177 0.104527 1.586966 0.055477
0.000176 0.104527 1.586966 0.055477
0.000176 0.104527 1.586966 0.055477
0.000175 0.104527 1.586966 0.055477
0.000175 0.104527 1.586966 0.055477
0.000174 0.104527 1.586966 0.055477
0.000174 0.104527 1.586966 0.055477
0.000174 0.104527 1.586966 0.055477
0.000173 0.104527 1.586966 0.055477
0.000173 0.104527 1.586966 0.055477
0.000172 0.104527 1.586966 0.055477
0.000172 0.104527 1.586966 0.055477
0.000171 0.104527 1.586966 0.055477
0.000171 0.104527 1.586966 0.055477
0.000170 0.104527 1.586966 0.055477
0.000170 0.104527 1.586966 0.055477
0.000169 0.104527 1.586966 0.055477
0.000169 0.104527 1.586966 0.055477
0.000169 0.104527 1.586966 0.055477
0.000168 0.104527 1.586966 0.055477
0.000168 0.104527 1.586966 0.055477
0.000167 0.104527 1.586966 0.055477
0.000167 0.104527 1.586966 0.055477
0.000166 0.104527 1.586966 0.055477
0.000166 0.104527 1.586965 0.055477
0.000166 0.104527 1.586965 0.055477
0.000165 0.104527 1.586965 0.055477
0.000165 0.104527 1.586965 0.055477
0.000164 0.104527 1.586965 0.055477
0.000164 0.104527 1.586965 0.055477
0.000163 0.104527 1.586965 0.055477
0.000163 0.104527 1.586965 0.055477
0.000163 0.104527 1.586965 0.055477
0.000162 0.104527 1.586965 0.055477
0.000162 0.104527 1.586965 0.055477
0.000161 0.104527 1.586965 0.055477
0.000161 0.104527 1.586965 0.055477
0.000160 0.104527 1.586965 0.055477
0.000160 0.104527 1.586965 0.055477
0.000160 0.104527 1.586965 0.055477
0.000159 0.104527 1.586965 0.055477
0.000159 0.104527 1.586965 0.055477
0.000158 0.104527 1.586965 0.055477
0.000158 0.104527 1.586965 0.055477
0.000158 0.104527 1.586965 0.055477
0.000157 0.104527 1.586965 0.055477
0.000157 0.104527 1.586965 0.055477
0.000156 0.104527 1.586965 0.055477
0.000156 0.104527 1.586965 0.055477
0.000155 0.104527 1.586965 0.055477
0.000155 0.104527 1.586965 0.055477
0.000155 0.104527 1.586965 0.055477
0.000154 0.104527 1.586965 0.055477
0.000154 0.104527 1.586965 0.055477
0.000153 0.104527 1.586965 0.055477
0.000153 0.104527 1.586965 0.055477
0.000153 0.104527 1.586965 0.055477
0.000152 0.104527 1.586965 0.055477
0.000152 0.104527 1.586965 0.055477
0.000151 0.104527 1.586965 0.055477
0.000151 0.104527 1.586965 0.055477
0.000151 0.104527 1.586965 0.055477
0.000150 0.104527 1.586965 0.055477
0.000150 0.104527 1.586965 0.055477
0.000149 0.104527 1.586965 0.055477
0.000149 0.104527 1.586965 0.055478
0.000149 0.104527 1.586965 0.055478
0.000148 0.104527 1.586965 0.055478
0.000148 0.104527 1.586965 0.055478
0.000147 0.104527 1.586965 0.055478
0.000147 0.104527 1.586965 0.055478
0.000147 0.104527 1.586965 0.055478
0.000146 0.104527 1.586965 0.055478
0.000146 0.104527 1.586965 0.055478
0.000146 0.104527 1.586965 0.055478
0.000145 0.104527 1.586965 0.055478
0.000145 0.104527 1.586965 0.055478
0.000144 0.104527 1.586965 0.055478
0.000144 0.104527 1.586965 0.055478
0.000144 0.104527 1.586965 0.055478
0.000143 0.104527 1.586965 0.055478
0.000143 0.104527 1.586965 0.055478
0.000143 0.104527 1.586965 0.055478
0.000142 0.104527 1.586965 0.055478
0.000142 0.104527 1.586965 0.055478
0.000141 0.104527 1.586965 0.055478
0.000141 0.104527 1.586965 0.055478
0.000141 0.104527 1.586965 0.055478
0.000140 0.104527 1.586965 0.055478
0.000140 0.104527 1.586965 0.055478
0.000140 0.104527 1.586965 0.055478
0.000139 0.104527 1.586964 0.055478
0.000139 0.104527 1.586964 0.055478
0.000138 0.104527 1.586964 0.055478
0.000138 0.104527 1.586964 0.055478
0.000138 0.104527 1.586964 0.055478
0.000137 0.104527 1.586964 0.055478
0.000137 0.104527 1.586964 0.055478
0.000137 0.104527 1.586964 0.055478
0.000136 0.104527 1.586964 0.055478
0.000136 0.104527 1.586964 0.055478
0.000136 0.104527 1.586964 0.055478
0.000135 0.104527 1.586964 0.055478
0.000135 0.104527 1.586964 0.055478
0.000134 0.104527 1.586964 0.055478
0.000134 0.104527 1.586964 0.055478
0.000134 0.104527 1.586964 0.055478
0.000133 0.104527 1.586964 0.055478
0.000133 0.104527 1.586964 0.055478
0.000133 0.104527 1.586964 0.055478
0.000132 0.104527 1.586964 0.055478
0.000132 0.104527 1.586964 0.055478
0.000132 0.104527 1.586964 0.055478
0.000131 0.104527 1.586964 0.055478
0.000131 0.104527 1.586964 0.055478
0.000131 0.104527 1.586964 0.055478
0.000130 0.104527 1.586964 0.055478
0.000130 0.104527 1.586964 0.055478
0.000130 0.104527 1.586964 0.055478
0.000129 0.104527 1.586964 0.055478
0.000129 0.104527 1.586964 0.055478
0.000129 0.104527 1.586964 0.055478
0.000128 0.104527 1.586964 0.055478
0.000128 0.104527 1.586964 0.055478
0.000128 0.104527 1.586964 0.055478
0.000127 0.104527 1.586964 0.055478
0.000127 0.104527 1.586964 0.055478
0.000127 0.104527 1.586964 0.055478
0.000126 0.104527 1.586964 0.055478
0.000126 0.104527 1.586964 0.055478
0.000126 0.104527 1.586964 0.055478
0.000125 0.104527 1.586964 0.055478
0.000125 0.104527 1.586964 0.055478
0.000125 0.104527 1.586964 0.055478
0.000124 0.104527 1.586964 0.055478
0.000124 0.104527 1.586964 0.055478
0.000124 0.104527 1.586964 0.055478
0.000123 0.104527 1.586964 0.055478
0.000123 0.104527 1.586964 0.055478
0.000123 0.104527 1.586964 0.055478
0.000122 0.104527 1.586964 0.055478
0.000122 0.104527 1.586964 0.055478
0.000122 0.104527 1.586964 0.055478
0.000121 0.104527 1.586964 0.055478
0.000121 0.104527 1.586964 0.055478
0.000121 0.104527 1.586964 0.055478
0.000120 0.104527 1.586964 0.055478
0.000120 0.104527 1.586964 0.055478
0.000120 0.104527 1.586964 0.055478
0.000119 0.104527 1.586964 0.055478
0.000119 0.104527 1.586964 0.055478
0.000119 0.104527 1.586964 0.055478
0.000118 0.104527 1.586964 0.055478
0.000118 0.104527 1.586964 0.055478
0.000118 0.104527 1.586964 0.055478
0.000118 0.104527 1.586964 0.055478
0.000117 0.104527 1.586964 0.055478
0.000117 0.104527 1.586964 0.055478
0.000117 0.104527 1.586964 0.055478
0.000116 0.104527 1.586964 0.055478
0.000116 0.104527 1.586964 0.055478
0.000116 0.104527 1.586964 0.055478
0.000115 0.104527 1.586964 0.055478
0.000115 0.104527 1.586964 0.055478
0.000115 0.104527 1.586964 0.055478
0.000114 0.104527 1.586964 0.055478
0.000114 0.104527 1.586964 0.055478
0.000114 0.104527 1.586964 0.055478
0.000114 0.104527 1.586964 0.055478
0.000113 0.104527 1.586964 0.055478
0.000113 0.104527 1.586964 0.055478
0.000113 0.104527 1.586963 0.055478
0.000112 0.104527 1.586963 0.055478
0.000112 0.104527 1.586963 0.055478
0.000112 0.104527 1.586963 0.055478
0.000111 0.104527 1.586963 0.055478
0.000111 0.104527 1.586963 0.055478
0.000111 0.104527 1.586963 0.055478
0.000111 0.104527 1.586963 0.055478
0.000110 0.104527 1.586963 0.055478
0.000110 0.104527 1.586963 0.055478
0.000110 0.104527 1.586963 0.055478
0.000109 0.104527 1.586963 0.055478
0.000109 0.104527 1.586963 0.055478
0.000109 0.104527 1.586963 0.055478
0.000109 0.104527 1.586963 0.055478
0.000108 0.104527 1.586963 0.055478
0.000108 0.104527 1.586963 0.055478
0.000108 0.104527 1.586963 0.055478
0.000107 0.104527 1.586963 0.055478
0.000107 0.104527 1.586963 0.055478
0.000107 0.104527 1.586963 0.055478
0.000107 0.104527 1.586963 0.055478
0.000106 0.104527 1.586963 0.055478
0.000106 0.104527 1.586963 0.055478
0.000106 0.104527 1.586963 0.055478
0.000105 0.104527 1.586963 0.055478
0.000105 0.104527 1.586963 0.055478
0.000105 0.104527 1.586963 0.055478
0.000105 0.104527 1.586963 0.055478
0.000104 0.104527 1.586963 0.055478
0.000104 0.104527 1.586963 0.055478
0.000104 0.104527 1.586963 0.055478
0.000103 0.104527 1.586963 0.055478
0.000103 0.104527 1.586963 0.055478
0.000103 0.104527 1.586963 0.055478
0.000103 0.104527 1.586963 0.055478
0.000102 0.104527 1.586963 0.055478
0.000102 0.104527 1.586963 0.055478
0.000102 0.104527 1.586963 0.055478
0.000102 0.104527 1.586963 0.055478
0.000101 0.104527 1.586963 0.055478
0.000101 0.104527 1.586963 0.055478
0.000101 0.104527 1.586963 0.055478
0.000100 0.104527 1.586963 0.055478
0.000100 0.104527 1.586963 0.055478
0.000100 0.104527 1.586963 0.055478
0.000100 0.104527 1.586963 0.055478
0.000099 0.104527 1.586963 0.055478
0.000099 0.104527 1.586963 0.055478
0.000099 0.104527 1.586963 0.055478
0.000099 0.104527 1.586963 0.055478
0.000098 0.104527 1.586963 0.055478
0.000098 0.104527 1.586963 0.055478
0.000098 0.104527 1.586963 0.055478
0.000098 0.104527 1.586963 0.055478
0.000097 0.104527 1.586963 0.055478
0.000097 0.104527 1.586963 0.055478
0.000097 0.104527 1.586963 0.055478
0.000097 0.104527 1.586963 0.055478
0.000096 0.104527 1.586963 0.055478
0.000096 0.104527 1.586963 0.055478
0.000096 0.104527 1.586963 0.055478
0.000096 0.104527 1.586963 0.055478
0.000095 0.104527 1.586963 0.055478
0.000095 0.104527 1.586963 0.055478
0.000095 0.104527 1.586963 0.055478
0.000095 0.104527 1.586963 0.055478
0.000094 0.104527 1.586963 0.055478
0.000094 0.104527 1.586963 0.055478
0.000094 0.104527 1.586963 0.055478
0.000094 0.104527 1.586963 0.055478
0.000093 0.104527 1.586963 0.055478
0.000093 0.104527 1.586963 0.055478
0.000093 0.104527 1.586963 0.055478
0.000093 0.104527 1.586963 0.055478
0.000092 0.104527 1.586963 0.055478
0.000092 0.104527 1.586963 0.055478
0.000092 0.104527 1.586963 0.055478
0.000092 0.104527 1.586963 0.055478
0.000091 0.104527 1.586963 0.055478
0.000091 0.104527 1.586963 0.055478
0.000091 0.104527 1.586963 0.055478
0.000091 0.104527 1.586963 0.055478
0.000090 0.104527 1.586963 0.055478
0.000090 0.104527 1.586963 0.055478
0.000090 0.104527 1.586963 0.055478
0.000090 0.104527 1.586963 0.055478
0.000089 0.104527 1.586963 0.055478
0.000089 0.104527 1.586963 0.055478
0.000089 0.104527 1.586963 0.055478
0.000089 0.104527 1.586963 0.055478
0.000088 0.104527 1.586963 0.055478
0.000088 0.104528 1.586963 0.055478
0.000088 0.104528 1.586963 0.055478
0.000088 0.104528 1.586963 0.055478
0.000088 0.104528 1.586963 0.055478
0.000087 0.104528 1.586963 0.055478
0.000087 0.104528 1.586963 0.055478
0.000087 0.104528 1.586963 0.055478
0.000087 0.104528 1.586963 0.055478
0.000086 0.104528 1.586963 0.055478
0.000086 0.104528 1.586963 0.055478
0.000086 0.104528 1.586962 0.055478
0.000086 0.104528 1.586962 0.055478
0.000085 0.104528 1.586962 0.055478
0.000085 0.104528 1.586962 0.055478
0.000085 0.104528 1.586962 0.055478
0.000085 0.104528 1.586962 0.055478
0.000085 0.104528 1.586962 0.055478
0.000084 0.104528 1.586962 0.055478
0.000084 0.104528 1.586962 0.055478
0.000084 0.104528 1.586962 0.055478
0.000084 0.104528 1.586962 0.055478
0.000083 0.104528 1.586962 0.055478
0.000083 0.104528 1.586962 0.055478
0.000083 0.104528 1.586962 0.055478
0.000083 0.104528 1.586962 0.055478
0.000083 0.104528 1.586962 0.055478
0.000082 0.104528 1.586962 0.055478
0.000082 0.104528 1.586962 0.055478
0.000082 0.104528 1.586962 0.055478
0.000082 0.104528 1.586962 0.055478
0.000081 0.104528 1.586962 0.055478
0.000081 0.104528 1.586962 0.055478
0.000081 0.104528 1.586962 0.055478
0.000081 0.104528 1.586962 0.055478
0.000081 0.104528 1.586962 0.055478
0.000080 0.104528 1.586962 0.055478
0.000080 0.104528 1.586962 0.055478
0.000080 0.104528 1.586962 0.055478
0.000080 0.104528 1.586962 0.055478
0.000080 0.104528 1.586962 0.055478
0.000079 0.104528 1.586962 0.055478
0.000079 0.104528 1.586962 0.055478
0.000079 0.104528 1.586962 0.055478
0.000079 0.104528 1.586962 0.055478
0.000078 0.104528 1.586962 0.055478
0.000078 0.104528 1.586962 0.055478
0.000078 0.104528 1.586962 0.055478
0.000078 0.104528 1.586962 0.055478
0.000078 0.104528 1.586962 0.055478
0.000077 0.104528 1.586962 0.055478
0.000077 0.104528 1.586962 0.055478
0.000077 0.104528 1.586962 0.055478
0.000077 0.104528 1.586962 0.055478
0.000077 0.104528 1.586962 0.055478
0.000076 0.104528 1.586962 0.055478
0.000076 0.104528 1.586962 0.055478
0.000076 0.104528 1.586962 0.055478
0.000076 0.104528 1.586962 0.055478
0.000076 0.104528 1.586962 0.055478
0.000075 0.104528 1.586962 0.055478
0.000075 0.104528 1.586962 0.055478
0.000075 0.104528 1.586962 0.055478
0.000075 0.104528 1.586962 0.055478
0.000075 0.104528 1.586962 0.055478
0.000074 0.104528 1.586962 0.055478
0.000074 0.104528 1.586962 0.055478
0.000074 0.104528 1.586962 0.055478
0.000074 0.104528 1.586962 0.055478
0.000074 0.104528 1.586962 0.055478
0.000073 0.104528 1.586962 0.055478
0.000073 0.104528 1.586962 0.055478
0.000073 0.104528 1.586962 0.055478
0.000073 0.104528 1.586962 0.055478
0.000073 0.104528 1.586962 0.055478
0.000072 0.104528 1.586962 0.055478
0.000072 0.104528 1.586962 0.055478
0.000072 0.104528 1.586962 0.055478
0.000072 0.104528 1.586962 0.055478
0.000072 0.104528 1.586962 0.055478
0.000071 0.104528 1.586962 0.055478
0.000071 0.104528 1.586962 0.055478
0.000071 0.104528 1.586962 0.055478
0.000071 0.104528 1.586962 0.055478
0.000071 0.104528 1.586962 0.055478
0.000071 0.104528 1.586962 0.055478
0.000070 0.104528 1.586962 0.055478
0.000070 0.104528 1.586962 0.055478
0.000070 0.104528 1.586962 0.055478
0.000070 0.104528 1.586962 0.055478
0.000070 0.104528 1.586962 0.055478
0.000069 0.104528 1.586962 0.055478
0.000069 0.104528 1.586962 0.055478
0.000069 0.104528 1.586962 0.055478
0.000069 0.104528 1.586962 0.055478
0.000069 0.104528 1.586962 0.055478
0.000068 0.104528 1.586962 0.055478
0.000068 0.104528 1.586962 0.055478
0.000068 0.104528 1.586962 0.055478
0.000068 0.104528 1.586962 0.055478
0.000068 0.104528 1.586962 0.055478
0.000068 0.104528 1.586962 0.055478
0.000067 0.104528 1.586962 0.055478
0.000067 0.104528 1.586962 0.055478
0.000067 0.104528 1.586962 0.055478
0.000067 0.104528 1.586962 0.055478
0.000067 0.104528 1.586962 0.055478
0.000066 0.104528 1.586962 0.055478
0.000066 0.104528 1.586962 0.055478
0.000066 0.104528 1.586962 0.055478
0.000066 0.104528 1.586962 0.055478
0.000066 0.104528 1.586962 0.055478
0.000066 0.104528 1.586962 0.055478
0.000065 0.104528 1.586962 0.055478
0.000065 0.104528 1.586962 0.055478
0.000065 0.104528 1.586962 0.055478
0.000065 0.104528 1.586962 0.055478
0.000065 0.104528 1.586962 0.055478
0.000065 0.104528 1.586962 0.055478
0.000064 0.104528 1.586962 0.055478
0.000064 0.104528 1.586962 0.055478
0.000064 0.104528 1.586962 0.055478
0.000064 0.104528 1.586962 0.055478
0.000064 0.104528 1.586962 0.055478
0.000064 0.104528 1.586962 0.055478
0.000063 0.104528 1.586962 0.055478
0.000063 0.104528 1.586962 0.055478
0.000063 0.104528 1.586962 0.055478
0.000063 0.104528 1.586962 0.055478
0.000063 0.104528 1.586962 0.055478
0.000063 0.104528 1.586962 0.055478
0.000062 0.104528 1.586962 0.055478
0.000062 0.104528 1.586962 0.055478
0.000062 0.104528 1.586962 0.055478
0.000062 0.104528 1.586962 0.055478
0.000062 0.104528 1.586962 0.055478
0.000062 0.104528 1.586962 0.055478
0.000061 0.104528 1.586962 0.055478
0.000061 0.104528 1.586962 0.055478
0.000061 0.104528 1.586962 0.055478
0.000061 0.104528 1.586962 0.055478
0.000061 0.104528 1.586962 0.055478
0.000061 0.104528 1.586962 0.055478
0.000060 0.104528 1.586962 0.055478
0.000060 0.104528 1.586962 0.055478
0.000060 0.104528 1.586962 0.055478
0.000060 0.104528 1.586962 0.055478
0.000060 0.104528 1.586962 0.055478
0.000060 0.104528 1.586961 0.055478
0.000059 0.104528 1.586961 0.055478
0.000059 0.104528 1.586961 0.055478
0.000059 0.104528 1.586961 0.055478
0.000059 0.104528 1.586961 0.055478
0.000059 0.104528 1.586961 0.055478
0.000059 0.104528 1.586961 0.055478
0.000058 0.104528 1.586961 0.055478
0.000058 0.104528 1.586961 0.055478
0.000058 0.104528 1.586961 0.055478
0.000058 0.104528 1.586961 0.055478
0.000058 0.104528 1.586961 0.055478
0.000058 0.104528 1.586961 0.055478
0.000058 0.104528 1.586961 0.055478
0.000057 0.104528 1.586961 0.055478
0.000057 0.104528 1.586961 0.055478
0.000057 0.104528 1.586961 0.055478
0.000057 0.104528 1.586961 0.055478
0.000057 0.104528 1.586961 0.055478
0.000057 0.104528 1.586961 0.055478
0.000056 0.104528 1.586961 0.055478
0.000056 0.104528 1.586961 0.055478
0.000056 0.104528 1.586961 0.055478
0.000056 0.104528 1.586961 0.055478
0.000056 0.104528 1.586961 0.055478
0.000056 0.104528 1.586961 0.055478
0.000056 0.104528 1.586961 0.055478
0.000055 0.104528 1.586961 0.055478
0.000055 0.104528 1.586961 0.055478
0.000055 0.104528 1.586961 0.055478
0.000055 0.104528 1.586961 0.055478
0.000055 0.104528 1.586961 0.055478
0.000055 0.104528 1.586961 0.055478
0.000055 0.104528 1.586961 0.055478
0.000054 0.104528 1.586961 0.055478
0.000054 0.104528 1.586961 0.055478
0.000054 0.104528 1.586961 0.055478
0.000054 0.104528 1.586961 0.055478
0.000054 0.104528 1.586961 0.055478
0.000054 0.104528 1.586961 0.055478
0.000053 0.104528 1.586961 0.055478
0.000053 0.104528 1.586961 0.055478
0.000053 0.104528 1.586961 0.055478
0.000053 0.104528 1.586961 0.055478
0.000053 0.104528 1.586961 0.055478
0.000053 0.104528 1.586961 0.055478
0.000053 0.104528 1.586961 0.055478
0.000052 0.104528 1.586961 0.055479
0.000052 0.104528 1.586961 0.055479
0.000052 0.104528 1.586961 0.055479
0.000052 0.104528 1.586961 0.055479
0.000052 0.104528 1.586961 0.055479
0.000052 0.104528 1.586961 0.055479
0.000052 0.104528 1.586961 0.055479
0.000051 0.104528 1.586961 0.055479
0.000051 0.104528 1.586961 0.055479
0.000051 0.104528 1.586961 0.055479
0.000051 0.104528 1.586961 0.055479
0.000051 0.104528 1.586961 0.055479
0.000051 0.104528 1.586961 0.055479
0.000051 0.104528 1.586961 0.055479
0.000051 0.104528 1.586961 0.055479
0.000050 0.104528 1.586961 0.055479
0.000050 0.104528 1.586961 0.055479
0.000050 0.104528 1.586961 0.055479
0.000050 0.104528 1.586961 0.055479
0.000050 0.104528 1.586961 0.055479
0.000050 0.104528 1.586961 0.055479
0.000050 0.104528 1.586961 0.055479
0.000049 0.104528 1.586961 0.055479
0.000049 0.104528 1.586961 0.055479
0.000049 0.104528 1.586961 0.055479
0.000049 0.104528 1.586961 0.055479
0.000049 0.104528 1.586961 0.055479
0.000049 0.104528 1.586961 0.055479
0.000049 0.104528 1.586961 0.055479
0.000049 0.104528 1.586961 0.055479
0.000048 0.104528 1.586961 0.055479
0.000048 0.104528 1.586961 0.055479
0.000048 0.104528 1.586961 0.055479
0.000048 0.104528 1.586961 0.055479
0.000048 0.104528 1.586961 0.055479
0.000048 0.104528 1.586961 0.055479
0.000048 0.104528 1.586961 0.055479
0.000047 0.104528 1.586961 0.055479
0.000047 0.104528 1.586961 0.055479
0.000047 0.104528 1.586961 0.055479
0.000047 0.104528 1.586961 0.055479
0.000047 0.104528 1.586961 0.055479
0.000047 0.104528 1.586961 0.055479
0.000047 0.104528 1.586961 0.055479
0.000047 0.104528 1.586961 0.055479
0.000046 0.104528 1.586961 0.055479
0.000046 0.104528 1.586961 0.055479
0.000046 0.104528 1.586961 0.055479
0.000046 0.104528 1.586961 0.055479
0.000046 0.104528 1.586961 0.055479
0.000046 0.104528 1.586961 0.055479
0.000046 0.104528 1.586961 0.055479
0.000046 0.104528 1.586961 0.055479
0.000045 0.104528 1.586961 0.055479
0.000045 0.104528 1.586961 0.055479
0.000045 0.104528 1.586961 0.055479
0.000045 0.104528 1.586961 0.055479
0.000045 0.104528 1.586961 0.055479
0.000045 0.104528 1.586961 0.055479
0.000045 0.104528 1.586961 0.055479
0.000045 0.104528 1.586961 0.055479
0.000044 0.104528 1.586961 0.055479
0.000044 0.104528 1.586961 0.055479
0.000044 0.104528 1.586961 0.055479
0.000044 0.104528 1.586961 0.055479
0.000044 0.104528 1.586961 0.055479
0.000044 0.104528 1.586961 0.055479
0.000044 0.104528 1.586961 0.055479
0.000044 0.104528 1.586961 0.055479
0.000044 0.104528 1.586961 0.055479
0.000043 0.104528 1.586961 0.055479
0.000043 0.104528 1.586961 0.055479
0.000043 0.104528 1.586961 0.055479
0.000043 0.104528 1.586961 0.055479
0.000043 0.104528 1.586961 0.055479
0.000043 0.104528 1.586961 0.055479
0.000043 0.104528 1.586961 0.055479
0.000043 0.104528 1.586961 0.055479
0.000042 0.104528 1.586961 0.055479
0.000042 0.104528 1.586961 0.055479
0.000042 0.104528 1.586961 0.055479
0.000042 0.104528 1.586961 0.055479
0.000042 0.104528 1.586961 0.055479
0.000042 0.104528 1.586961 0.055479
0.000042 0.104528 1.586961 0.055479
0.000042 0.104528 1.586961 0.055479
0.000042 0.104528 1.586961 0.055479
0.000041 0.104528 1.586961 0.055479
0.000041 0.104528 1.586961 0.055479
0.000041 0.104528 1.586961 0.055479
0.000041 0.104528 1.586961 0.055479
0.000041 0.104528 1.586961 0.055479
0.000041 0.104528 1.586961 0.055479
0.000041 0.104528 1.586961 0.055479
0.000041 0.104528 1.586961 0.055479
0.000041 0.104528 1.586961 0.055479
0.000040 0.104528 1.586961 0.055479
0.000040 0.104528 1.586961 0.055479
0.000040 0.104528 1.586961 0.055479
0.000040 0.104528 1.586961 0.055479
0.000040 0.104528 1.586961 0.055479
0.000040 0.104528 1.586961 0.055479
0.000040 0.104528 1.586961 0.055479
0.000040 0.104528 1.586961 0.055479
0.000040 0.104528 1.586961 0.055479
0.000039 0.104528 1.586961 0.055479
0.000039 0.104528 1.586961 0.055479
0.000039 0.104528 1.586961 0.055479
0.000039 0.104528 1.586961 0.055479
0.000039 0.104528 1.586961 0.055479
0.000039 0.104528 1.586961 0.055479
0.000039 0.104528 1.586961 0.055479
0.000039 0.104528 1.586961 0.055479
0.000039 0.104528 1.586961 0.055479
0.000039 0.104528 1.586961 0.055479
0.000038 0.104528 1.586961 0.055479
0.000038 0.104528 1.586961 0.055479
0.000038 0.104528 1.586961 0.055479
0.000038 0.104528 1.586961 0.055479
0.000038 0.104528 1.586961 0.055479
0.000038 0.104528 1.586961 0.055479
0.000038 0.104528 1.586961 0.055479
0.000038 0.104528 1.586961 0.055479
0.000038 0.104528 1.586961 0.055479
0.000037 0.104528 1.586961 0.055479
0.000037 0.104528 1.586961 0.055479
0.000037 0.104528 1.586961 0.055479
0.000037 0.104528 1.586961 0.055479
0.000037 0.104528 1.586961 0.055479
0.000037 0.104528 1.586961 0.055479
0.000037 0.104528 1.586961 0.055479
0.000037 0.104528 1.586961 0.055479
0.000037 0.104528 1.586961 0.055479
0.000037 0.104528 1.586961 0.055479
0.000036 0.104528 1.586961 0.055479
0.000036 0.104528 1.586961 0.055479
0.000036 0.104528 1.586961 0.055479
0.000036 0.104528 1.586961 0.055479
0.000036 0.104528 1.586961 0.055479
0.000036 0.104528 1.586961 0.055479
0.000036 0.104528 1.586961 0.055479
0.000036 0.104528 1.586961 0.055479
0.000036 0.104528 1.586961 0.055479
0.000036 0.104528 1.586961 0.055479
0.000036 0.104528 1.586961 0.055479
0.000035 0.104528 1.586961 0.055479
0.000035 0.104528 1.586961 0.055479
0.000035 0.104528 1.586961 0.055479
0.000035 0.104528 1.586961 0.055479
0.000035 0.104528 1.586961 0.055479
0.000035 0.104528 1.586961 0.055479
0.000035 0.104528 1.586961 0.055479
0.000035 0.104528 1.586961 0.055479
0.000035 0.104528 1.586961 0.055479
0.000035 0.104528 1.586961 0.055479
0.000034 0.104528 1.586961 0.055479
0.000034 0.104528 1.586961 0.055479
0.000034 0.104528 1.586961 0.055479
0.000034 0.104528 1.586961 0.055479
0.000034 0.104528 1.586961 0.055479
0.000034 0.104528 1.586961 0.055479
0.000034 0.104528 1.586961 0.055479
0.000034 0.104528 1.586961 0.055479
0.000034 0.104528 1.586961 0.055479
0.000034 0.104528 1.586961 0.055479
0.000034 0.104528 1.586961 0.055479
0.000033 0.104528 1.586961 0.055479
0.000033 0.104528 1.586961 0.055479
0.000033 0.104528 1.586961 0.055479
0.000033 0.104528 1.586961 0.055479
0.000033 0.104528 1.586961 0.055479
0.000033 0.104528 1.586960 0.055479
0.000033 0.104528 1.586960 0.055479
0.000033 0.104528 1.586960 0.055479
0.000033 0.104528 1.586960 0.055479
0.000033 0.104528 1.586960 0.055479
0.000033 0.104528 1.586960 0.055479
0.000032 0.104528 1.586960 0.055479
0.000032 0.104528 1.586960 0.055479
0.000032 0.104528 1.586960 0.055479
0.000032 0.104528 1.586960 0.055479
0.000032 0.104528 1.586960 0.055479
0.000032 0.104528 1.586960 0.055479
0.000032 0.104528 1.586960 0.055479
0.000032 0.104528 1.586960 0.055479
0.000032 0.104528 1.586960 0.055479
0.000032 0.104528 1.586960 0.055479
0.000032 0.104528 1.586960 0.055479
0.000032 0.104528 1.586960 0.055479
0.000031 0.104528 1.586960 0.055479
0.000031 0.104528 1.586960 0.055479
0.000031 0.104528 1.586960 0.055479
0.000031 0.104528 1.586960 0.055479
0.000031 0.104528 1.586960 0.055479
0.000031 0.104528 1.586960 0.055479
0.000031 0.104528 1.586960 0.055479
0.000031 0.104528 1.586960 0.055479
0.000031 0.104528 1.586960 0.055479
0.000031 0.104528 1.586960 0.055479
0.000031 0.104528 1.586960 0.055479
0.000031 0.104528 1.586960 0.055479
0.000030 0.104528 1.586960 0.055479
0.000030 0.104528 1.586960 0.055479
0.000030 0.104528 1.586960 0.055479
0.000030 0.104528 1.586960 0.055479
0.000030 0.104528 1.586960 0.055479
0.000030 0.104528 1.586960 0.055479
0.000030 0.104528 1.586960 0.055479
0.000030 0.104528 1.586960 0.055479
0.000030 0.104528 1.586960 0.055479
0.000030 0.104528 1.586960 0.055479
0.000030 0.104528 1.586960 0.055479
0.000030 0.104528 1.586960 0.055479
0.000029 0.104528 1.586960 0.055479
0.000029 0.104528 1.586960 0.055479
0.000029 0.104528 1.586960 0.055479
0.000029 0.104528 1.586960 0.055479
0.000029 0.104528 1.586960 0.055479
0.000029 0.104528 1.586960 0.055479
0.000029 0.104528 1.586960 0.055479
0.000029 0.104528 1.586960 0.055479
0.000029 0.104528 1.586960 0.055479
0.000029 0.104528 1.586960 0.055479
0.000029 0.104528 1.586960 0.055479
0.000029 0.104528 1.586960 0.055479
0.000029 0.104528 1.586960 0.055479
0.000028 0.104528 1.586960 0.055479
0.000028 0.104528 1.586960 0.055479
0.000028 0.104528 1.586960 0.055479
0.000028 0.104528 1.586960 0.055479
0.000028 0.104528 1.586960 0.055479
0.000028 0.104528 1.586960 0.055479
0.000028 0.104528 1.586960 0.055479
0.000028 0.104528 1.586960 0.055479
0.000028 0.104528 1.586960 0.055479
0.000028 0.104528 1.586960 0.055479
0.000028 0.104528 1.586960 0.055479
0.000028 0.104528 1.586960 0.055479
0.000028 0.104528 1.586960 0.055479
0.000028 0.104528 1.586960 0.055479
0.000027 0.104528 1.586960 0.055479
0.000027 0.104528 1.586960 0.055479
0.000027 0.104528 1.586960 0.055479
0.000027 0.104528 1.586960 0.055479
0.000027 0.104528 1.586960 0.055479
0.000027 0.104528 1.586960 0.055479
0.000027 0.104528 1.586960 0.055479
0.000027 0.104528 1.586960 0.055479
0.000027 0.104528 1.586960 0.055479
0.000027 0.104528 1.586960 0.055479
0.000027 0.104528 1.586960 0.055479
0.000027 0.104528 1.586960 0.055479
0.000027 0.104528 1.586960 0.055479
0.000026 0.104528 1.586960 0.055479
0.000026 0.104528 1.586960 0.055479
0.000026 0.104528 1.586960 0.055479
0.000026 0.104528 1.586960 0.055479
0.000026 0.104528 1.586960 0.055479
0.000026 0.104528 1.586960 0.055479
0.000026 0.104528 1.586960 0.055479
0.000026 0.104528 1.586960 0.055479
0.000026 0.104528 1.586960 0.055479
0.000026 0.104528 1.586960 0.055479
0.000026 0.104528 1.586960 0.055479
0.000026 0.104528 1.586960 0.055479
0.000026 0.104528 1.586960 0.055479
0.000026 0.104528 1.586960 0.055479
0.000026 0.104528 1.586960 0.055479
0.000025 0.104528 1.586960 0.055479
0.000025 0.104528 1.586960 0.055479
0.000025 0.104528 1.586960 0.055479
0.000025 0.104528 1.586960 0.055479
0.000025 0.104528 1.586960 0.055479
0.000025 0.104528 1.586960 0.055479
0.000025 0.104528 1.586960 0.055479
0.000025 0.104528 1.586960 0.055479
0.000025 0.104528 1.586960 0.055479
0.000025 0.104528 1.586960 0.055479
0.000025 0.104528 1.586960 0.055479
0.000025 0.104528 1.586960 0.055479
0.000025 0.104528 1.586960 0.055479
0.000025 0.104528 1.586960 0.055479
0.000024 0.104528 1.586960 0.055479
0.000024 0.104528 1.586960 0.055479
0.000024 0.104528 1.586960 0.055479
0.000024 0.104528 1.586960 0.055479
0.000024 0.104528 1.586960 0.055479
0.000024 0.104528 1.586960 0.055479
0.000024 0.104528 1.586960 0.055479
0.000024 0.104528 1.586960 0.055479
0.000024 0.104528 1.586960 0.055479
0.000024 0.104528 1.586960 0.055479
0.000024 0.104528 1.586960 0.055479
0.000024 0.104528 1.586960 0.055479
0.000024 0.104528 1.586960 0.055479
0.000024 0.104528 1.586960 0.055479
0.000024 0.104528 1.586960 0.055479
0.000024 0.104528 1.586960 0.055479
0.000023 0.104528 1.586960 0.055479
0.000023 0.104528 1.586960 0.055479
0.000023 0.104528 1.586960 0.055479
0.000023 0.104528 1.586960 0.055479
0.000023 0.104528 1.586960 0.055479
0.000023 0.104528 1.586960 0.055479
0.000023 0.104528 1.586960 0.055479
0.000023 0.104528 1.586960 0.055479
0.000023 0.104528 1.586960 0.055479
0.000023 0.104528 1.586960 0.055479
0.000023 0.104528 1.586960 0.055479
0.000023 0.104528 1.586960 0.055479
0.000023 0.104528 1.586960 0.055479
0.000023 0.104528 1.586960 0.055479
0.000023 0.104528 1.586960 0.055479
0.000023 0.104528 1.586960 0.055479
0.000022 0.104528 1.586960 0.055479
0.000022 0.104528 1.586960 0.055479
0.000022 0.104528 1.586960 0.055479
0.000022 0.104528 1.586960 0.055479
0.000022 0.104528 1.586960 0.055479
0.000022 0.104528 1.586960 0.055479
0.000022 0.104528 1.586960 0.055479
0.000022 0.104528 1.586960 0.055479
0.000022 0.104528 1.586960 0.055479
0.000022 0.104528 1.586960 0.055479
0.000022 0.104528 1.586960 0.055479
0.000022 0.104528 1.586960 0.055479
0.000022 0.104528 1.586960 0.055479
0.000022 0.104528 1.586960 0.055479
0.000022 0.104528 1.586960 0.055479
0.000022 0.104528 1.586960 0.055479
0.000022 0.104528 1.586960 0.055479
0.000021 0.104528 1.586960 0.055479
0.000021 0.104528 1.586960 0.055479
0.000021 0.104528 1.586960 0.055479
0.000021 0.104528 1.586960 0.055479
0.000021 0.104528 1.586960 0.055479
0.000021 0.104528 1.586960 0.055479
0.000021 0.104528 1.586960 0.055479
0.000021 0.104528 1.586960 0.055479
0.000021 0.104528 1.586960 0.055479
0.000021 0.104528 1.586960 0.055479
0.000021 0.104528 1.586960 0.055479
0.000021 0.104528 1.586960 0.055479
0.000021 0.104528 1.586960 0.055479
0.000021 0.104528 1.586960 0.055479
0.000021 0.104528 1.586960 0.055479
0.000021 0.104528 1.586960 0.055479
0.000021 0.104528 1.586960 0.055479
0.000021 0.104528 1.586960 0.055479
0.000020 0.104528 1.586960 0.055479
0.000020 0.104528 1.586960 0.055479
0.000020 0.104528 1.586960 0.055479
0.000020 0.104528 1.586960 0.055479
0.000020 0.104528 1.586960 0.055479
0.000020 0.104528 1.586960 0.055479
0.000020 0.104528 1.586960 0.055479
0.000020 0.104528 1.586960 0.055479
0.000020 0.104528 1.586960 0.055479
0.000020 0.104528 1.586960 0.055479
0.000020 0.104528 1.586960 0.055479
0.000020 0.104528 1.586960 0.055479
0.000020 0.104528 1.586960 0.055479
0.000020 0.104528 1.586960 0.055479
0.000020 0.104528 1.586960 0.055479
0.000020 0.104528 1.586960 0.055479
0.000020 0.104528 1.586960 0.055479
0.000020 0.104528 1.586960 0.055479
0.000019 0.104528 1.586960 0.055479
0.000019 0.104528 1.586960 0.055479
0.000019 0.104528 1.586960 0.055479
0.000019 0.104528 1.586960 0.055479
0.000019 0.104528 1.586960 0.055479
0.000019 0.104528 1.586960 0.055479
0.000019 0.104528 1.586960 0.055479
0.000019 0.104528 1.586960 0.055479
0.000019 0.104528 1.586960 0.055479
0.000019 0.104528 1.586960 0.055479
0.000019 0.104528 1.586960 0.055479
0.000019 0.104528 1.586960 0.055479
0.000019 0.104528 1.586960 0.055479
0.000019 0.104528 1.586960 0.055479
0.000019 0.104528 1.586960 0.055479
0.000019 0.104528 1.586960 0.055479
0.000019 0.104528 1.586960 0.055479
0.000019 0.104528 1.586960 0.055479
0.000019 0.104528 1.586960 0.055479
0.000019 0.104528 1.586960 0.055479
0.000018 0.104528 1.586960 0.055479
0.000018 0.104528 1.586960 0.055479
0.000018 0.104528 1.586960 0.055479
0.000018 0.104528 1.586960 0.055479
0.000018 0.104528 1.586960 0.055479
0.000018 0.104528 1.586960 0.055479
0.000018 0.104528 1.586960 0.055479
0.000018 0.104528 1.586960 0.055479
0.000018 0.104528 1.586960 0.055479
0.000018 0.104528 1.586960 0.055479
0.000018 0.104528 1.586960 0.055479
0.000018 0.104528 1.586960 0.055479
0.000018 0.104528 1.586960 0.055479
0.000018 0.104528 1.586960 0.055479
0.000018 0.104528 1.586960 0.055479
0.000018 0.104528 1.586960 0.055479
0.000018 0.104528 1.586960 0.055479
0.000018 0.104528 1.586960 0.055479
0.000018 0.104528 1.586960 0.055479
0.000018 0.104528 1.586960 0.055479
0.000018 0.104528 1.586960 0.055479
0.000017 0.104528 1.586960 0.055479
0.000017 0.104528 1.586960 0.055479
0.000017 0.104528 1.586960 0.055479
0.000017 0.104528 1.586960 0.055479
0.000017 0.104528 1.586960 0.055479
0.000017 0.104528 1.586960 0.055479
0.000017 0.104528 1.586960 0.055479
0.000017 0.104528 1.586960 0.055479
0.000017 0.104528 1.586960 0.055479
0.000017 0.104528 1.586960 0.055479
0.000017 0.104528 1.586960 0.055479
0.000017 0.104528 1.586960 0.055479
0.000017 0.104528 1.586960 0.055479
0.000017 0.104528 1.586960 0.055479
0.000017 0.104528 1.586960 0.055479
0.000017 0.104528 1.586960 0.055479
0.000017 0.104528 1.586960 0.055479
0.000017 0.104528 1.586960 0.055479
0.000017 0.104528 1.586960 0.055479
0.000017 0.104528 1.586960 0.055479
0.000017 0.104528 1.586960 0.055479
0.000016 0.104528 1.586960 0.055479
0.000016 0.104528 1.586960 0.055479
0.000016 0.104528 1.586960 0.055479
0.000016 0.104528 1.586960 0.055479
0.000016 0.104528 1.586960 0.055479
0.000016 0.104528 1.586960 0.055479
0.000016 0.104528 1.586960 0.055479
0.000016 0.104528 1.586960 0.055479
0.000016 0.104528 1.586960 0.055479
0.000016 0.104528 1.586960 0.055479
0.000016 0.104528 1.586960 0.055479
0.000016 0.104528 1.586960 0.055479
0.000016 0.104528 1.586960 0.055479
0.000016 0.104528 1.586960 0.055479
0.000016 0.104528 1.586960 0.055479
0.000016 0.104528 1.586960 0.055479
0.000016 0.104528 1.586960 0.055479
0.000016 0.104528 1.586960 0.055479
0.000016 0.104528 1.586960 0.055479
0.000016 0.104528 1.586960 0.055479
0.000016 0.104528 1.586960 0.055479
0.000016 0.104528 1.586960 0.055479
0.000016 0.104528 1.586960 0.055479
0.000016 0.104528 1.586960 0.055479
0.000015 0.104528 1.586960 0.055479
0.000015 0.104528 1.586960 0.055479
0.000015 0.104528 1.586960 0.055479
0.000015 0.104528 1.586960 0.055479
0.000015 0.104528 1.586960 0.055479
0.000015 0.104528 1.586960 0.055479
0.000015 0.104528 1.586960 0.055479
0.000015 0.104528 1.586960 0.055479
0.000015 0.104528 1.586960 0.055479
0.000015 0.104528 1.586960 0.055479
0.000015 0.104528 1.586960 0.055479
0.000015 0.104528 1.586960 0.055479
0.000015 0.104528 1.586960 0.055479
0.000015 0.104528 1.586960 0.055479
0.000015 0.104528 1.586960 0.055479
0.000015 0.104528 1.586960 0.055479
0.000015 0.104528 1.586960 0.055479
0.000015 0.104528 1.586960 0.055479
0.000015 0.104528 1.586960 0.055479
0.000015 0.104528 1.586960 0.055479
0.000015 0.104528 1.586960 0.055479
0.000015 0.104528 1.586960 0.055479
0.000015 0.104528 1.586960 0.055479
0.000015 0.104528 1.586960 0.055479
0.000014 0.104528 1.586960 0.055479
0.000014 0.104528 1.586960 0.055479
0.000014 0.104528 1.586960 0.055479
0.000014 0.104528 1.586960 0.055479
0.000014 0.104528 1.586960 0.055479
0.000014 0.104528 1.586960 0.055479
0.000014 0.104528 1.586960 0.055479
0.000014 0.104528 1.586960 0.055479
0.000014 0.104528 1.586960 0.055479
0.000014 0.104528 1.586960 0.055479
0.000014 0.104528 1.586960 0.055479
0.000014 0.104528 1.586960 0.055479
0.000014 0.104528 1.586960 0.055479
0.000014 0.104528 1.586960 0.055479
0.000014 0.104528 1.586960 0.055479
0.000014 0.104528 1.586960 0.055479
0.000014 0.104528 1.586960 0.055479
0.000014 0.104528 1.586960 0.055479
0.000014 0.104528 1.586960 0.055479
0.000014 0.104528 1.586960 0.055479
0.000014 0.104528 1.586960 0.055479
0.000014 0.104528 1.586960 0.055479
0.000014 0.104528 1.586960 0.055479
0.000014 0.104528 1.586960 0.055479
0.000014 0.104528 1.586960 0.055479
0.000014 0.104528 1.586960 0.055479
0.000014 0.104528 1.586960 0.055479
0.000013 0.104528 1.586960 0.055479
0.000013 0.104528 1.586960 0.055479
0.000013 0.104528 1.586960 0.055479
0.000013 0.104528 1.586960 0.055479
0.000013 0.104528 1.586960 0.055479
0.000013 0.104528 1.586960 0.055479
0.000013 0.104528 1.586960 0.055479
0.000013 0.104528 1.586960 0.055479
0.000013 0.104528 1.586960 0.055479
0.000013 0.104528 1.586960 0.055479
0.000013 0.104528 1.586960 0.055479
0.000013 0.104528 1.586960 0.055479
0.000013 0.104528 1.586960 0.055479
0.000013 0.104528 1.586960 0.055479
0.000013 0.104528 1.586960 0.055479
0.000013 0.104528 1.586960 0.055479
0.000013 0.104528 1.586960 0.055479
0.000013 0.104528 1.586960 0.055479
0.000013 0.104528 1.586960 0.055479
0.000013 0.104528 1.586960 0.055479
0.000013 0.104528 1.586960 0.055479
0.000013 0.104528 1.586960 0.055479
0.000013 0.104528 1.586960 0.055479
0.000013 0.104528 1.586960 0.055479
0.000013 0.104528 1.586960 0.055479
0.000013 0.104528 1.586960 0.055479
0.000013 0.104528 1.586960 0.055479
0.000013 0.104528 1.586960 0.055479
0.000013 0.104528 1.586960 0.055479
0.000012 0.104528 1.586960 0.055479
0.000012 0.104528 1.586960 0.055479
0.000012 0.104528 1.586960 0.055479
0.000012 0.104528 1.586960 0.055479
0.000012 0.104528 1.586960 0.055479
0.000012 0.104528 1.586960 0.055479
0.000012 0.104528 1.586960 0.055479
0.000012 0.104528 1.586960 0.055479
0.000012 0.104528 1.586960 0.055479
0.000012 0.104528 1.586960 0.055479
0.000012 0.104528 1.586960 0.055479
0.000012 0.104528 1.586960 0.055479
0.000012 0.104528 1.586960 0.055479
0.000012 0.104528 1.586960 0.055479
0.000012 0.104528 1.586960 0.055479
0.000012 0.104528 1.586960 0.055479
0.000012 0.104528 1.586960 0.055479
0.000012 0.104528 1.586960 0.055479
0.000012 0.104528 1.586960 0.055479
0.000012 0.104528 1.586960 0.055479
0.000012 0.104528 1.586960 0.055479
0.000012 0.104528 1.586960 0.055479
0.000012 0.104528 1.586960 0.055479
0.000012 0.104528 1.586960 0.055479
0.000012 0.104528 1.586960 0.055479
0.000012 0.104528 1.586960 0.055479
0.000012 0.104528 1.586960 0.055479
0.000012 0.104528 1.586960 0.055479
0.000012 0.104528 1.586960 0.055479
0.000012 0.104528 1.586960 0.055479
0.000012 0.104528 1.586960 0.055479
0.000011 0.104528 1.586960 0.055479
0.000011 0.104528 1.586960 0.055479
0.000011 0.104528 1.586960 0.055479
0.000011 0.104528 1.586960 0.055479
0.000011 0.104528 1.586960 0.055479
0.000011 0.104528 1.586960 0.055479
0.000011 0.104528 1.586960 0.055479
0.000011 0.104528 1.586960 0.055479
0.000011 0.104528 1.586960 0.055479
0.000011 0.104528 1.586960 0.055479
0.000011 0.104528 1.586960 0.055479
0.000011 0.104528 1.586960 0.055479
0.000011 0.104528 1.586960 0.055479
0.000011 0.104528 1.586960 0.055479
0.000011 0.104528 1.586960 0.055479
0.000011 0.104528 1.586960 0.055479
0.000011 0.104528 1.586960 0.055479
0.000011 0.104528 1.586960 0.055479
0.000011 0.104528 1.586960 0.055479
0.000011 0.104528 1.586960 0.055479
0.000011 0.104528 1.586960 0.055479
0.000011 0.104528 1.586960 0.055479
0.000011 0.104528 1.586960 0.055479
0.000011 0.104528 1.586960 0.055479
0.000011 0.104528 1.586960 0.055479
0.000011 0.104528 1.586960 0.055479
0.000011 0.104528 1.586960 0.055479
0.000011 0.104528 1.586960 0.055479
0.000011 0.104528 1.586960 0.055479
0.000011 0.104528 1.586960 0.055479
0.000011 0.104528 1.586960 0.055479
0.000011 0.104528 1.586960 0.055479
0.000011 0.104528 1.586960 0.055479
0.000010 0.104528 1.586960 0.055479
0.000010 0.104528 1.586960 0.055479
0.000010 0.104528 1.586960 0.055479
0.000010 0.104528 1.586960 0.055479
0.000010 0.104528 1.586960 0.055479
0.000010 0.104528 1.586960 0.055479
0.000010 0.104528 1.586960 0.055479
0.000010 0.104528 1.586960 0.055479
0.000010 0.104528 1.586960 0.055479
0.000010 0.104528 1.586960 0.055479
0.000010 0.104528 1.586960 0.055479
0.000010 0.104528 1.586960 0.055479
0.000010 0.104528 1.586960 0.055479
0.000010 0.104528 1.586960 0.055479
0.000010 0.104528 1.586960 0.055479
0.000010 0.104528 1.586960 0.055479
0.000010 0.104528 1.586960 0.055479
0.000010 0.104528 1.586960 0.055479
0.000010 0.104528 1.586960 0.055479
