1.429516 0.101341 1.560104 0.056668
1.053793 0.101341 1.560104 0.056668
0.822710 0.101341 1.560104 0.056668
0.691881 0.101356 1.560237 0.056678
0.609020 0.101369 1.560591 0.056685
0.545005 0.101289 1.560612 0.056632
0.494766 0.101077 1.560089 0.056490
0.453669 0.100879 1.559232 0.056358
0.418714 0.100801 1.558154 0.056306
0.387771 0.100893 1.556964 0.056367
0.360370 0.101155 1.555909 0.056541
0.337287 0.101557 1.555370 0.056808
0.317760 0.102050 1.555766 0.057135
0.300853 0.102578 1.557458 0.057483
0.285534 0.103082 1.560682 0.057812
0.271379 0.103508 1.565498 0.058085
0.258562 0.103812 1.571795 0.058275
0.247020 0.103964 1.579295 0.058363
0.236702 0.103953 1.587599 0.058342
0.227261 0.103777 1.596210 0.058213
0.218341 0.103447 1.604598 0.057982
0.209690 0.102983 1.612261 0.057666
0.201292 0.102418 1.618784 0.057287
0.193298 0.101793 1.623875 0.056875
0.185884 0.101153 1.627377 0.056459
0.179197 0.100541 1.629263 0.056069
0.173229 0.099994 1.629607 0.055728
0.167852 0.099537 1.628564 0.055455
0.162960 0.099187 1.626334 0.055258
0.158446 0.098948 1.623139 0.055139
0.154239 0.098814 1.619206 0.055092
0.150288 0.098776 1.614748 0.055109
0.146540 0.098817 1.609965 0.055177
0.142930 0.098920 1.605029 0.055285
0.139383 0.099069 1.600089 0.055420
0.135835 0.099249 1.595268 0.055572
0.132243 0.099444 1.590663 0.055730
0.128599 0.099646 1.586349 0.055887
0.124926 0.099843 1.582377 0.056038
0.121264 0.100031 1.578781 0.056179
0.117656 0.100206 1.575577 0.056308
0.114136 0.100364 1.572767 0.056424
0.110722 0.100505 1.570340 0.056525
0.107408 0.100628 1.568278 0.056614
0.104160 0.100735 1.566556 0.056689
0.100943 0.100826 1.565144 0.056753
0.097727 0.100904 1.564010 0.056807
0.094491 0.100971 1.563124 0.056852
0.091231 0.101029 1.562453 0.056890
0.087955 0.101080 1.561969 0.056923
0.084677 0.101127 1.561643 0.056952
0.081431 0.101171 1.561453 0.056978
0.078247 0.101216 1.561375 0.057004
0.075146 0.101263 1.561392 0.057031
0.072141 0.101313 1.561486 0.057059
0.069237 0.101368 1.561644 0.057090
0.066430 0.101429 1.561856 0.057125
0.063705 0.101496 1.562112 0.057164
0.061057 0.101570 1.562403 0.057207
0.058479 0.101650 1.562726 0.057255
0.055960 0.101737 1.563072 0.057306
0.053494 0.101828 1.563440 0.057361
0.051076 0.101925 1.563825 0.057419
0.048709 0.102024 1.564224 0.057480
0.046403 0.102127 1.564636 0.057542
0.044173 0.102230 1.565058 0.057604
0.042023 0.102334 1.565488 0.057667
0.039968 0.102437 1.565924 0.057730
0.038052 0.102538 1.566364 0.057790
0.036294 0.102637 1.566806 0.057850
0.034708 0.102732 1.567249 0.057906
0.033301 0.102824 1.567689 0.057960
0.032071 0.102911 1.568125 0.058011
0.031010 0.102994 1.568553 0.058059
0.030102 0.103071 1.568971 0.058103
0.029331 0.103144 1.569377 0.058144
0.028675 0.103212 1.569768 0.058181
0.028115 0.103275 1.570142 0.058215
0.027635 0.103333 1.570497 0.058246
0.027218 0.103386 1.570830 0.058274
0.026852 0.103434 1.571141 0.058298
0.026528 0.103479 1.571428 0.058320
0.026238 0.103519 1.571690 0.058339
0.025976 0.103555 1.571926 0.058355
0.025737 0.103587 1.572136 0.058369
0.025516 0.103616 1.572320 0.058381
0.025309 0.103641 1.572479 0.058390
0.025112 0.103664 1.572612 0.058398
0.024920 0.103683 1.572720 0.058404
0.024729 0.103699 1.572805 0.058408
0.024535 0.103712 1.572867 0.058410
0.024335 0.103722 1.572907 0.058411
0.024127 0.103730 1.572927 0.058410
0.023909 0.103736 1.572928 0.058408
0.023680 0.103739 1.572912 0.058404
0.023442 0.103740 1.572879 0.058399
0.023194 0.103738 1.572832 0.058393
0.022940 0.103735 1.572771 0.058386
0.022680 0.103730 1.572699 0.058378
0.022417 0.103723 1.572616 0.058369
0.022153 0.103714 1.572524 0.058359
0.021890 0.103704 1.572425 0.058349
0.021629 0.103693 1.572319 0.058337
0.021373 0.103680 1.572207 0.058325
0.021122 0.103666 1.572091 0.058313
0.020876 0.103651 1.571973 0.058300
0.020635 0.103636 1.571852 0.058286
0.020398 0.103620 1.571730 0.058272
0.020165 0.103603 1.571608 0.058259
0.019934 0.103586 1.571486 0.058245
0.019704 0.103568 1.571365 0.058231
0.019474 0.103551 1.571246 0.058217
0.019242 0.103534 1.571130 0.058203
0.019007 0.103517 1.571016 0.058189
0.018769 0.103500 1.570906 0.058176
0.018528 0.103483 1.570799 0.058163
0.018283 0.103467 1.570697 0.058150
0.018035 0.103452 1.570599 0.058138
0.017784 0.103437 1.570505 0.058126
0.017531 0.103423 1.570417 0.058115
0.017276 0.103410 1.570333 0.058104
0.017022 0.103398 1.570254 0.058094
0.016766 0.103386 1.570180 0.058085
0.016509 0.103376 1.570112 0.058076
0.016251 0.103366 1.570048 0.058068
0.015993 0.103358 1.569989 0.058060
0.015734 0.103350 1.569935 0.058053
0.015476 0.103344 1.569886 0.058047
0.015218 0.103339 1.569842 0.058042
0.014960 0.103334 1.569802 0.058037
0.014702 0.103331 1.569766 0.058033
0.014444 0.103328 1.569734 0.058029
0.014185 0.103327 1.569706 0.058026
0.013925 0.103326 1.569682 0.058024
0.013663 0.103327 1.569661 0.058023
0.013399 0.103328 1.569643 0.058022
0.013133 0.103330 1.569628 0.058021
0.012865 0.103333 1.569616 0.058021
0.012596 0.103337 1.569606 0.058022
0.012324 0.103342 1.569599 0.058023
0.012050 0.103347 1.569594 0.058025
0.011776 0.103353 1.569590 0.058027
0.011501 0.103360 1.569588 0.058029
0.011226 0.103367 1.569587 0.058032
0.010952 0.103375 1.569588 0.058035
0.010681 0.103383 1.569589 0.058039
0.010413 0.103392 1.569592 0.058043
0.010150 0.103401 1.569595 0.058047
0.009894 0.103410 1.569598 0.058052
0.009645 0.103420 1.569602 0.058057
0.009405 0.103430 1.569606 0.058061
0.009176 0.103440 1.569611 0.058067
0.008960 0.103451 1.569615 0.058072
0.008756 0.103462 1.569619 0.058077
0.008568 0.103472 1.569623 0.058083
0.008395 0.103483 1.569626 0.058089
0.008237 0.103494 1.569630 0.058094
0.008096 0.103505 1.569633 0.058100
0.007971 0.103516 1.569635 0.058106
0.007862 0.103527 1.569637 0.058112
0.007767 0.103538 1.569639 0.058118
0.007686 0.103549 1.569640 0.058124
0.007617 0.103559 1.569640 0.058129
0.007560 0.103570 1.569640 0.058135
0.007512 0.103580 1.569639 0.058141
0.007471 0.103590 1.569638 0.058147
0.007437 0.103600 1.569636 0.058152
0.007407 0.103610 1.569634 0.058158
0.007380 0.103620 1.569631 0.058163
0.007355 0.103629 1.569627 0.058169
0.007331 0.103638 1.569623 0.058174
0.007306 0.103647 1.569619 0.058179
0.007280 0.103656 1.569614 0.058184
0.007252 0.103664 1.569609 0.058189
0.007221 0.103672 1.569603 0.058194
0.007188 0.103680 1.569598 0.058198
0.007152 0.103688 1.569591 0.058203
0.007112 0.103695 1.569585 0.058207
0.007069 0.103702 1.569578 0.058211
0.007023 0.103709 1.569571 0.058215
0.006973 0.103715 1.569564 0.058219
0.006920 0.103722 1.569557 0.058223
0.006863 0.103728 1.569550 0.058227
0.006804 0.103733 1.569543 0.058230
0.006741 0.103739 1.569535 0.058234
0.006676 0.103744 1.569528 0.058237
0.006608 0.103749 1.569521 0.058240
0.006538 0.103754 1.569513 0.058243
0.006465 0.103758 1.569506 0.058246
0.006389 0.103763 1.569499 0.058249
0.006312 0.103767 1.569492 0.058252
0.006233 0.103771 1.569485 0.058254
0.006151 0.103774 1.569478 0.058256
0.006068 0.103778 1.569471 0.058259
0.005983 0.103781 1.569465 0.058261
0.005896 0.103784 1.569459 0.058263
0.005808 0.103787 1.569452 0.058265
0.005719 0.103790 1.569447 0.058267
0.005629 0.103792 1.569441 0.058269
0.005537 0.103795 1.569435 0.058270
0.005445 0.103797 1.569430 0.058272
0.005352 0.103799 1.569425 0.058273
0.005259 0.103801 1.569420 0.058275
0.005165 0.103803 1.569415 0.058276
0.005071 0.103805 1.569411 0.058277
0.004977 0.103806 1.569406 0.058278
0.004884 0.103808 1.569402 0.058280
0.004791 0.103809 1.569398 0.058281
0.004698 0.103811 1.569394 0.058282
0.004607 0.103812 1.569391 0.058282
0.004516 0.103813 1.569388 0.058283
0.004427 0.103814 1.569384 0.058284
0.004339 0.103815 1.569381 0.058285
0.004252 0.103816 1.569379 0.058286
0.004168 0.103817 1.569376 0.058286
0.004085 0.103817 1.569373 0.058287
0.004004 0.103818 1.569371 0.058287
0.003925 0.103819 1.569369 0.058288
0.003849 0.103819 1.569367 0.058288
0.003775 0.103820 1.569365 0.058289
0.003703 0.103821 1.569363 0.058289
0.003633 0.103821 1.569361 0.058289
0.003566 0.103821 1.569359 0.058290
0.003502 0.103822 1.569358 0.058290
0.003439 0.103822 1.569356 0.058290
0.003379 0.103823 1.569355 0.058291
0.003321 0.103823 1.569354 0.058291
0.003266 0.103823 1.569352 0.058291
0.003212 0.103823 1.569351 0.058291
0.003160 0.103824 1.569350 0.058291
0.003110 0.103824 1.569349 0.058292
0.003062 0.103824 1.569348 0.058292
0.003015 0.103824 1.569347 0.058292
0.002970 0.103824 1.569346 0.058292
0.002926 0.103824 1.569345 0.058292
0.002882 0.103824 1.569344 0.058292
0.002840 0.103825 1.569344 0.058292
0.002798 0.103825 1.569343 0.058292
0.002757 0.103825 1.569342 0.058292
0.002716 0.103825 1.569341 0.058292
0.002676 0.103825 1.569341 0.058292
0.002636 0.103825 1.569340 0.058292
0.002596 0.103825 1.569339 0.058292
0.002556 0.103825 1.569338 0.058292
0.002515 0.103825 1.569338 0.058292
0.002475 0.103825 1.569337 0.058292
0.002434 0.103825 1.569336 0.058292
0.002393 0.103825 1.569336 0.058292
0.002352 0.103825 1.569335 0.058292
0.002310 0.103825 1.569335 0.058292
0.002267 0.103825 1.569334 0.058292
0.002225 0.103824 1.569333 0.058292
0.002182 0.103824 1.569333 0.058292
0.002138 0.103824 1.569332 0.058292
0.002095 0.103824 1.569332 0.058292
0.002051 0.103824 1.569331 0.058292
0.002006 0.103824 1.569330 0.058291
0.001962 0.103824 1.569330 0.058291
0.001917 0.103824 1.569329 0.058291
0.001872 0.103824 1.569329 0.058291
0.001828 0.103824 1.569328 0.058291
0.001783 0.103824 1.569328 0.058291
0.001738 0.103824 1.569327 0.058291
0.001694 0.103824 1.569327 0.058291
0.001650 0.103824 1.569326 0.058291
0.001606 0.103824 1.569326 0.058291
0.001562 0.103823 1.569325 0.058291
0.001520 0.103823 1.569325 0.058291
0.001477 0.103823 1.569324 0.058291
0.001436 0.103823 1.569324 0.058291
0.001395 0.103823 1.569323 0.058291
0.001355 0.103823 1.569323 0.058291
0.001316 0.103823 1.569323 0.058290
0.001278 0.103823 1.569322 0.058290
0.001241 0.103823 1.569322 0.058290
0.001205 0.103823 1.569321 0.058290
0.001171 0.103823 1.569321 0.058290
0.001137 0.103823 1.569321 0.058290
0.001104 0.103823 1.569320 0.058290
0.001073 0.103823 1.569320 0.058290
0.001043 0.103823 1.569320 0.058290
0.001015 0.103823 1.569319 0.058290
0.000987 0.103823 1.569319 0.058290
0.000961 0.103823 1.569319 0.058290
0.000936 0.103823 1.569318 0.058290
0.000913 0.103823 1.569318 0.058290
0.000890 0.103823 1.569318 0.058290
0.000869 0.103823 1.569318 0.058290
0.000849 0.103823 1.569317 0.058290
0.000830 0.103823 1.569317 0.058290
0.000812 0.103823 1.569317 0.058290
0.000795 0.103823 1.569317 0.058290
0.000779 0.103823 1.569316 0.058290
0.000764 0.103823 1.569316 0.058290
0.000749 0.103823 1.569316 0.058290
0.000736 0.103824 1.569316 0.058290
0.000723 0.103824 1.569316 0.058290
0.000711 0.103824 1.569315 0.058290
0.000699 0.103824 1.569315 0.058290
0.000688 0.103824 1.569315 0.058290
0.000678 0.103824 1.569315 0.058291
0.000668 0.103824 1.569315 0.058291
0.000658 0.103824 1.569315 0.058291
0.000649 0.103824 1.569314 0.058291
0.000640 0.103824 1.569314 0.058291
0.000632 0.103825 1.569314 0.058291
0.000623 0.103825 1.569314 0.058291
0.000615 0.103825 1.569314 0.058291
0.000608 0.103825 1.569314 0.058291
0.000600 0.103825 1.569314 0.058291
0.000593 0.103825 1.569313 0.058291
0.000585 0.103825 1.569313 0.058291
0.000578 0.103825 1.569313 0.058291
0.000572 0.103826 1.569313 0.058291
0.000565 0.103826 1.569313 0.058291
0.000558 0.103826 1.569313 0.058291
0.000552 0.103826 1.569313 0.058292
0.000545 0.103826 1.569312 0.058292
0.000539 0.103826 1.569312 0.058292
0.000533 0.103827 1.569312 0.058292
0.000527 0.103827 1.569312 0.058292
0.000521 0.103827 1.569312 0.058292
0.000515 0.103827 1.569312 0.058292
0.000509 0.103827 1.569312 0.058292
0.000503 0.103827 1.569312 0.058292
0.000498 0.103828 1.569311 0.058292
0.000492 0.103828 1.569311 0.058292
0.000486 0.103828 1.569311 0.058293
0.000481 0.103828 1.569311 0.058293
0.000475 0.103828 1.569311 0.058293
0.000470 0.103829 1.569311 0.058293
0.000465 0.103829 1.569311 0.058293
0.000460 0.103829 1.569311 0.058293
0.000454 0.103829 1.569310 0.058293
0.000449 0.103829 1.569310 0.058293
0.000444 0.103829 1.569310 0.058293
0.000439 0.103830 1.569310 0.058293
0.000434 0.103830 1.569310 0.058293
0.000429 0.103830 1.569310 0.058294
0.000424 0.103830 1.569310 0.058294
0.000419 0.103830 1.569310 0.058294
0.000414 0.103831 1.569309 0.058294
0.000409 0.103831 1.569309 0.058294
0.000404 0.103831 1.569309 0.058294
0.000399 0.103831 1.569309 0.058294
0.000394 0.103831 1.569309 0.058294
0.000389 0.103831 1.569309 0.058294
0.000384 0.103832 1.569309 0.058294
0.000379 0.103832 1.569309 0.058294
0.000374 0.103832 1.569308 0.058295
0.000370 0.103832 1.569308 0.058295
0.000365 0.103832 1.569308 0.058295
0.000360 0.103833 1.569308 0.058295
0.000355 0.103833 1.569308 0.058295
0.000350 0.103833 1.569308 0.058295
0.000346 0.103833 1.569308 0.058295
0.000341 0.103833 1.569308 0.058295
0.000336 0.103834 1.569308 0.058295
0.000332 0.103834 1.569307 0.058295
0.000327 0.103834 1.569307 0.058295
0.000323 0.103834 1.569307 0.058296
0.000318 0.103834 1.569307 0.058296
0.000314 0.103834 1.569307 0.058296
0.000309 0.103835 1.569307 0.058296
0.000305 0.103835 1.569307 0.058296
0.000300 0.103835 1.569307 0.058296
0.000296 0.103835 1.569307 0.058296
0.000292 0.103835 1.569306 0.058296
0.000288 0.103835 1.569306 0.058296
0.000284 0.103836 1.569306 0.058296
0.000279 0.103836 1.569306 0.058296
0.000275 0.103836 1.569306 0.058296
0.000272 0.103836 1.569306 0.058297
0.000268 0.103836 1.569306 0.058297
0.000264 0.103836 1.569306 0.058297
0.000260 0.103837 1.569306 0.058297
0.000256 0.103837 1.569306 0.058297
0.000253 0.103837 1.569305 0.058297
0.000249 0.103837 1.569305 0.058297
0.000246 0.103837 1.569305 0.058297
0.000242 0.103837 1.569305 0.058297
0.000239 0.103838 1.569305 0.058297
0.000236 0.103838 1.569305 0.058297
0.000233 0.103838 1.569305 0.058297
0.000230 0.103838 1.569305 0.058297
0.000227 0.103838 1.569305 0.058298
0.000224 0.103838 1.569305 0.058298
0.000221 0.103839 1.569304 0.058298
0.000218 0.103839 1.569304 0.058298
0.000215 0.103839 1.569304 0.058298
0.000212 0.103839 1.569304 0.058298
0.000209 0.103839 1.569304 0.058298
0.000207 0.103839 1.569304 0.058298
0.000204 0.103839 1.569304 0.058298
0.000202 0.103840 1.569304 0.058298
0.000199 0.103840 1.569304 0.058298
0.000197 0.103840 1.569304 0.058298
0.000194 0.103840 1.569304 0.058298
0.000192 0.103840 1.569304 0.058298
0.000190 0.103840 1.569303 0.058299
0.000188 0.103840 1.569303 0.058299
0.000186 0.103840 1.569303 0.058299
0.000183 0.103841 1.569303 0.058299
0.000181 0.103841 1.569303 0.058299
0.000179 0.103841 1.569303 0.058299
0.000177 0.103841 1.569303 0.058299
0.000175 0.103841 1.569303 0.058299
0.000173 0.103841 1.569303 0.058299
0.000171 0.103841 1.569303 0.058299
0.000169 0.103841 1.569303 0.058299
0.000168 0.103842 1.569303 0.058299
0.000166 0.103842 1.569303 0.058299
0.000164 0.103842 1.569302 0.058299
0.000162 0.103842 1.569302 0.058299
0.000161 0.103842 1.569302 0.058299
0.000159 0.103842 1.569302 0.058300
0.000157 0.103842 1.569302 0.058300
0.000155 0.103842 1.569302 0.058300
0.000154 0.103842 1.569302 0.058300
0.000152 0.103843 1.569302 0.058300
0.000151 0.103843 1.569302 0.058300
0.000149 0.103843 1.569302 0.058300
0.000148 0.103843 1.569302 0.058300
0.000146 0.103843 1.569302 0.058300
0.000145 0.103843 1.569302 0.058300
0.000143 0.103843 1.569302 0.058300
0.000142 0.103843 1.569302 0.058300
0.000140 0.103843 1.569301 0.058300
0.000139 0.103843 1.569301 0.058300
0.000137 0.103844 1.569301 0.058300
0.000136 0.103844 1.569301 0.058300
0.000135 0.103844 1.569301 0.058300
0.000133 0.103844 1.569301 0.058300
0.000132 0.103844 1.569301 0.058300
0.000131 0.103844 1.569301 0.058300
0.000129 0.103844 1.569301 0.058301
0.000128 0.103844 1.569301 0.058301
0.000127 0.103844 1.569301 0.058301
0.000125 0.103844 1.569301 0.058301
0.000124 0.103844 1.569301 0.058301
0.000123 0.103844 1.569301 0.058301
0.000122 0.103845 1.569301 0.058301
0.000121 0.103845 1.569301 0.058301
0.000119 0.103845 1.569301 0.058301
0.000118 0.103845 1.569301 0.058301
0.000117 0.103845 1.569300 0.058301
0.000116 0.103845 1.569300 0.058301
0.000115 0.103845 1.569300 0.058301
0.000114 0.103845 1.569300 0.058301
0.000112 0.103845 1.569300 0.058301
0.000111 0.103845 1.569300 0.058301
0.000110 0.103845 1.569300 0.058301
0.000109 0.103845 1.569300 0.058301
0.000108 0.103845 1.569300 0.058301
0.000107 0.103846 1.569300 0.058301
0.000106 0.103846 1.569300 0.058301
0.000105 0.103846 1.569300 0.058301
0.000104 0.103846 1.569300 0.058301
0.000103 0.103846 1.569300 0.058301
0.000102 0.103846 1.569300 0.058301
0.000101 0.103846 1.569300 0.058301
0.000100 0.103846 1.569300 0.058302
0.000099 0.103846 1.569300 0.058302
0.000098 0.103846 1.569300 0.058302
0.000097 0.103846 1.569300 0.058302
0.000096 0.103846 1.569300 0.058302
0.000095 0.103846 1.569300 0.058302
0.000094 0.103846 1.569300 0.058302
0.000094 0.103846 1.569300 0.058302
0.000093 0.103846 1.569299 0.058302
0.000092 0.103846 1.569299 0.058302
0.000091 0.103847 1.569299 0.058302
0.000090 0.103847 1.569299 0.058302
0.000089 0.103847 1.569299 0.058302
0.000088 0.103847 1.569299 0.058302
0.000088 0.103847 1.569299 0.058302
0.000087 0.103847 1.569299 0.058302
0.000086 0.103847 1.569299 0.058302
0.000085 0.103847 1.569299 0.058302
0.000084 0.103847 1.569299 0.058302
0.000084 0.103847 1.569299 0.058302
0.000083 0.103847 1.569299 0.058302
0.000082 0.103847 1.569299 0.058302
0.000081 0.103847 1.569299 0.058302
0.000081 0.103847 1.569299 0.058302
0.000080 0.103847 1.569299 0.058302
0.000079 0.103847 1.569299 0.058302
0.000078 0.103847 1.569299 0.058302
0.000078 0.103847 1.569299 0.058302
0.000077 0.103847 1.569299 0.058302
0.000076 0.103847 1.569299 0.058302
0.000076 0.103847 1.569299 0.058302
0.000075 0.103848 1.569299 0.058302
0.000074 0.103848 1.569299 0.058302
0.000074 0.103848 1.569299 0.058302
0.000073 0.103848 1.569299 0.058302
0.000072 0.103848 1.569299 0.058302
0.000072 0.103848 1.569299 0.058302
0.000071 0.103848 1.569299 0.058302
0.000070 0.103848 1.569299 0.058302
0.000070 0.103848 1.569299 0.058303
0.000069 0.103848 1.569299 0.058303
0.000069 0.103848 1.569299 0.058303
0.000068 0.103848 1.569298 0.058303
0.000067 0.103848 1.569298 0.058303
0.000067 0.103848 1.569298 0.058303
0.000066 0.103848 1.569298 0.058303
0.000066 0.103848 1.569298 0.058303
0.000065 0.103848 1.569298 0.058303
0.000064 0.103848 1.569298 0.058303
0.000064 0.103848 1.569298 0.058303
0.000063 0.103848 1.569298 0.058303
0.000063 0.103848 1.569298 0.058303
0.000062 0.103848 1.569298 0.058303
0.000062 0.103848 1.569298 0.058303
0.000061 0.103848 1.569298 0.058303
0.000061 0.103848 1.569298 0.058303
0.000060 0.103848 1.569298 0.058303
0.000060 0.103848 1.569298 0.058303
0.000059 0.103848 1.569298 0.058303
0.000059 0.103848 1.569298 0.058303
0.000058 0.103848 1.569298 0.058303
0.000058 0.103848 1.569298 0.058303
0.000057 0.103849 1.569298 0.058303
0.000057 0.103849 1.569298 0.058303
0.000056 0.103849 1.569298 0.058303
0.000056 0.103849 1.569298 0.058303
0.000055 0.103849 1.569298 0.058303
0.000055 0.103849 1.569298 0.058303
0.000055 0.103849 1.569298 0.058303
0.000054 0.103849 1.569298 0.058303
0.000054 0.103849 1.569298 0.058303
0.000053 0.103849 1.569298 0.058303
0.000053 0.103849 1.569298 0.058303
0.000052 0.103849 1.569298 0.058303
0.000052 0.103849 1.569298 0.058303
0.000052 0.103849 1.569298 0.058303
0.000051 0.103849 1.569298 0.058303
0.000051 0.103849 1.569298 0.058303
0.000050 0.103849 1.569298 0.058303
0.000050 0.103849 1.569298 0.058303
0.000050 0.103849 1.569298 0.058303
0.000049 0.103849 1.569298 0.058303
0.000049 0.103849 1.569298 0.058303
0.000049 0.103849 1.569298 0.058303
0.000048 0.103849 1.569298 0.058303
0.000048 0.103849 1.569298 0.058303
0.000047 0.103849 1.569298 0.058303
0.000047 0.103849 1.569298 0.058303
0.000047 0.103849 1.569298 0.058303
0.000046 0.103849 1.569298 0.058303
0.000046 0.103849 1.569298 0.058303
0.000046 0.103849 1.569298 0.058303
0.000045 0.103849 1.569298 0.058303
0.000045 0.103849 1.569298 0.058303
0.000045 0.103849 1.569298 0.058303
0.000044 0.103849 1.569298 0.058303
0.000044 0.103849 1.569298 0.058303
0.000044 0.103849 1.569298 0.058303
0.000043 0.103849 1.569298 0.058303
0.000043 0.103849 1.569298 0.058303
0.000043 0.103849 1.569298 0.058303
0.000043 0.103849 1.569298 0.058303
0.000042 0.103849 1.569298 0.058303
0.000042 0.103849 1.569298 0.058303
0.000042 0.103849 1.569298 0.058303
0.000041 0.103849 1.569298 0.058303
0.000041 0.103849 1.569297 0.058303
0.000041 0.103849 1.569297 0.058303
0.000041 0.103849 1.569297 0.058303
0.000040 0.103849 1.569297 0.058303
0.000040 0.103849 1.569297 0.058303
0.000040 0.103850 1.569297 0.058303
0.000040 0.103850 1.569297 0.058303
0.000039 0.103850 1.569297 0.058303
0.000039 0.103850 1.569297 0.058304
0.000039 0.103850 1.569297 0.058304
0.000038 0.103850 1.569297 0.058304
0.000038 0.103850 1.569297 0.058304
0.000038 0.103850 1.569297 0.058304
0.000038 0.103850 1.569297 0.058304
0.000037 0.103850 1.569297 0.058304
0.000037 0.103850 1.569297 0.058304
0.000037 0.103850 1.569297 0.058304
0.000037 0.103850 1.569297 0.058304
0.000037 0.103850 1.569297 0.058304
0.000036 0.103850 1.569297 0.058304
0.000036 0.103850 1.569297 0.058304
0.000036 0.103850 1.569297 0.058304
0.000036 0.103850 1.569297 0.058304
0.000035 0.103850 1.569297 0.058304
0.000035 0.103850 1.569297 0.058304
0.000035 0.103850 1.569297 0.058304
0.000035 0.103850 1.569297 0.058304
0.000035 0.103850 1.569297 0.058304
0.000034 0.103850 1.569297 0.058304
0.000034 0.103850 1.569297 0.058304
0.000034 0.103850 1.569297 0.058304
0.000034 0.103850 1.569297 0.058304
0.000033 0.103850 1.569297 0.058304
0.000033 0.103850 1.569297 0.058304
0.000033 0.103850 1.569297 0.058304
0.000033 0.103850 1.569297 0.058304
0.000033 0.103850 1.569297 0.058304
0.000032 0.103850 1.569297 0.058304
0.000032 0.103850 1.569297 0.058304
0.000032 0.103850 1.569297 0.058304
0.000032 0.103850 1.569297 0.058304
0.000032 0.103850 1.569297 0.058304
0.000032 0.103850 1.569297 0.058304
0.000031 0.103850 1.569297 0.058304
0.000031 0.103850 1.569297 0.058304
0.000031 0.103850 1.569297 0.058304
0.000031 0.103850 1.569297 0.058304
0.000031 0.103850 1.569297 0.058304
0.000030 0.103850 1.569297 0.058304
0.000030 0.103850 1.569297 0.058304
0.000030 0.103850 1.569297 0.058304
0.000030 0.103850 1.569297 0.058304
0.000030 0.103850 1.569297 0.058304
0.000030 0.103850 1.569297 0.058304
0.000029 0.103850 1.569297 0.058304
0.000029 0.103850 1.569297 0.058304
0.000029 0.103850 1.569297 0.058304
0.000029 0.103850 1.569297 0.058304
0.000029 0.103850 1.569297 0.058304
0.000029 0.103850 1.569297 0.058304
0.000028 0.103850 1.569297 0.058304
0.000028 0.103850 1.569297 0.058304
0.000028 0.103850 1.569297 0.058304
0.000028 0.103850 1.569297 0.058304
0.000028 0.103850 1.569297 0.058304
0.000028 0.103850 1.569297 0.058304
0.000027 0.103850 1.569297 0.058304
0.000027 0.103850 1.569297 0.058304
0.000027 0.103850 1.569297 0.058304
0.000027 0.103850 1.569297 0.058304
0.000027 0.103850 1.569297 0.058304
0.000027 0.103850 1.569297 0.058304
0.000027 0.103850 1.569297 0.058304
0.000026 0.103850 1.569297 0.058304
0.000026 0.103850 1.569297 0.058304
0.000026 0.103850 1.569297 0.058304
0.000026 0.103850 1.569297 0.058304
0.000026 0.103850 1.569297 0.058304
0.000026 0.103850 1.569297 0.058304
0.000026 0.103850 1.569297 0.058304
0.000025 0.103850 1.569297 0.058304
0.000025 0.103850 1.569297 0.058304
0.000025 0.103850 1.569297 0.058304
0.000025 0.103850 1.569297 0.058304
0.000025 0.103850 1.569297 0.058304
0.000025 0.103850 1.569297 0.058304
0.000025 0.103850 1.569297 0.058304
0.000024 0.103850 1.569297 0.058304
0.000024 0.103850 1.569297 0.058304
0.000024 0.103850 1.569297 0.058304
0.000024 0.103850 1.569297 0.058304
0.000024 0.103850 1.569297 0.058304
0.000024 0.103850 1.569297 0.058304
0.000024 0.103850 1.569297 0.058304
0.000024 0.103850 1.569297 0.058304
0.000023 0.103850 1.569297 0.058304
0.000023 0.103850 1.569297 0.058304
0.000023 0.103850 1.569297 0.058304
0.000023 0.103850 1.569297 0.058304
0.000023 0.103851 1.569297 0.058304
0.000023 0.103851 1.569297 0.058304
0.000023 0.103851 1.569297 0.058304
0.000023 0.103851 1.569297 0.058304
0.000022 0.103851 1.569297 0.058304
0.000022 0.103851 1.569297 0.058304
0.000022 0.103851 1.569297 0.058304
0.000022 0.103851 1.569297 0.058304
0.000022 0.103851 1.569297 0.058304
0.000022 0.103851 1.569297 0.058304
0.000022 0.103851 1.569297 0.058304
0.000022 0.103851 1.569297 0.058304
0.000021 0.103851 1.569297 0.058304
0.000021 0.103851 1.569297 0.058304
0.000021 0.103851 1.569297 0.058304
0.000021 0.103851 1.569297 0.058304
0.000021 0.103851 1.569297 0.058304
0.000021 0.103851 1.569297 0.058304
0.000021 0.103851 1.569297 0.058304
0.000021 0.103851 1.569297 0.058304
0.000021 0.103851 1.569297 0.058304
0.000020 0.103851 1.569297 0.058304
0.000020 0.103851 1.569297 0.058304
0.000020 0.103851 1.569297 0.058304
0.000020 0.103851 1.569297 0.058304
0.000020 0.103851 1.569297 0.058304
0.000020 0.103851 1.569297 0.058304
0.000020 0.103851 1.569297 0.058304
0.000020 0.103851 1.569297 0.058304
0.000020 0.103851 1.569297 0.058304
0.000020 0.103851 1.569297 0.058304
0.000019 0.103851 1.569297 0.058304
0.000019 0.103851 1.569297 0.058304
0.000019 0.103851 1.569297 0.058304
0.000019 0.103851 1.569297 0.058304
0.000019 0.103851 1.569297 0.058304
0.000019 0.103851 1.569297 0.058304
0.000019 0.103851 1.569297 0.058304
0.000019 0.103851 1.569297 0.058304
0.000019 0.103851 1.569297 0.058304
0.000018 0.103851 1.569297 0.058304
0.000018 0.103851 1.569297 0.058304
0.000018 0.103851 1.569297 0.058304
0.000018 0.103851 1.569297 0.058304
0.000018 0.103851 1.569297 0.058304
0.000018 0.103851 1.569297 0.058304
0.000018 0.103851 1.569297 0.058304
0.000018 0.103851 1.569297 0.058304
0.000018 0.103851 1.569297 0.058304
0.000018 0.103851 1.569297 0.058304
0.000018 0.103851 1.569297 0.058304
0.000017 0.103851 1.569297 0.058304
0.000017 0.103851 1.569297 0.058304
0.000017 0.103851 1.569297 0.058304
0.000017 0.103851 1.569297 0.058304
0.000017 0.103851 1.569297 0.058304
0.000017 0.103851 1.569297 0.058304
0.000017 0.103851 1.569297 0.058304
0.000017 0.103851 1.569297 0.058304
0.000017 0.103851 1.569297 0.058304
0.000017 0.103851 1.569297 0.058304
0.000017 0.103851 1.569297 0.058304
0.000016 0.103851 1.569297 0.058304
0.000016 0.103851 1.569297 0.058304
0.000016 0.103851 1.569297 0.058304
0.000016 0.103851 1.569297 0.058304
0.000016 0.103851 1.569297 0.058304
0.000016 0.103851 1.569297 0.058304
0.000016 0.103851 1.569297 0.058304
0.000016 0.103851 1.569297 0.058304
0.000016 0.103851 1.569297 0.058304
0.000016 0.103851 1.569297 0.058304
0.000016 0.103851 1.569297 0.058304
0.000016 0.103851 1.569297 0.058304
0.000015 0.103851 1.569297 0.058304
0.000015 0.103851 1.569297 0.058304
0.000015 0.103851 1.569297 0.058304
0.000015 0.103851 1.569297 0.058304
0.000015 0.103851 1.569297 0.058304
0.000015 0.103851 1.569297 0.058304
0.000015 0.103851 1.569297 0.058304
0.000015 0.103851 1.569297 0.058304
0.000015 0.103851 1.569297 0.058304
0.000015 0.103851 1.569297 0.058304
0.000015 0.103851 1.569297 0.058304
0.000015 0.103851 1.569297 0.058304
0.000014 0.103851 1.569297 0.058304
0.000014 0.103851 1.569297 0.058304
0.000014 0.103851 1.569297 0.058304
0.000014 0.103851 1.569297 0.058304
0.000014 0.103851 1.569297 0.058304
0.000014 0.103851 1.569297 0.058304
0.000014 0.103851 1.569297 0.058304
0.000014 0.103851 1.569297 0.058304
0.000014 0.103851 1.569297 0.058304
0.000014 0.103851 1.569297 0.058304
0.000014 0.103851 1.569297 0.058304
0.000014 0.103851 1.569297 0.058304
0.000014 0.103851 1.569297 0.058304
0.000014 0.103851 1.569297 0.058304
0.000013 0.103851 1.569297 0.058304
0.000013 0.103851 1.569297 0.058304
0.000013 0.103851 1.569297 0.058304
0.000013 0.103851 1.569297 0.058304
0.000013 0.103851 1.569297 0.058304
0.000013 0.103851 1.569297 0.058305
0.000013 0.103851 1.569297 0.058305
0.000013 0.103851 1.569297 0.058305
0.000013 0.103851 1.569297 0.058305
0.000013 0.103851 1.569297 0.058305
0.000013 0.103851 1.569297 0.058305
0.000013 0.103851 1.569297 0.058305
0.000013 0.103851 1.569297 0.058305
0.000013 0.103851 1.569297 0.058305
0.000012 0.103851 1.569297 0.058305
0.000012 0.103851 1.569297 0.058305
0.000012 0.103851 1.569297 0.058305
0.000012 0.103851 1.569297 0.058305
0.000012 0.103851 1.569297 0.058305
0.000012 0.103851 1.569297 0.058305
0.000012 0.103851 1.569297 0.058305
0.000012 0.103851 1.569297 0.058305
0.000012 0.103851 1.569297 0.058305
0.000012 0.103851 1.569297 0.058305
0.000012 0.103851 1.569297 0.058305
0.000012 0.103851 1.569297 0.058305
0.000012 0.103851 1.569297 0.058305
0.000012 0.103851 1.569297 0.058305
0.000012 0.103851 1.569297 0.058305
0.000012 0.103851 1.569297 0.058305
0.000011 0.103851 1.569297 0.058305
0.000011 0.103851 1.569297 0.058305
0.000011 0.103851 1.569297 0.058305
0.000011 0.103851 1.569297 0.058305
0.000011 0.103851 1.569297 0.058305
0.000011 0.103851 1.569297 0.058305
0.000011 0.103851 1.569297 0.058305
0.000011 0.103851 1.569297 0.058305
0.000011 0.103851 1.569297 0.058305
0.000011 0.103851 1.569297 0.058305
0.000011 0.103851 1.569297 0.058305
0.000011 0.103851 1.569297 0.058305
0.000011 0.103851 1.569297 0.058305
0.000011 0.103851 1.569297 0.058305
0.000011 0.103851 1.569297 0.058305
0.000011 0.103851 1.569297 0.058305
0.000011 0.103851 1.569297 0.058305
0.000010 0.103851 1.569297 0.058305
0.000010 0.103851 1.569297 0.058305
0.000010 0.103851 1.569297 0.058305
0.000010 0.103851 1.569297 0.058305
0.000010 0.103851 1.569297 0.058305
0.000010 0.103851 1.569297 0.058305
0.000010 0.103851 1.569297 0.058305
0.000010 0.103851 1.569297 0.058305
0.000010 0.103851 1.569297 0.058305
0.000010 0.103851 1.569297 0.058305
