1.614779 0.008489 1.617752 0.008760
1.161727 0.008489 1.617752 0.008760
0.833131 0.008489 1.617752 0.008760
0.668257 0.008489 1.617752 0.008760
0.579364 0.008449 1.617662 0.008734
0.514087 0.008336 1.617250 0.008658
0.467335 0.008124 1.616622 0.008516
0.431812 0.007898 1.615696 0.008365
0.403603 0.007755 1.614486 0.008269
0.380839 0.007745 1.613186 0.008266
0.361766 0.007859 1.612093 0.008351
0.345263 0.008063 1.611522 0.008501
0.330518 0.008325 1.611737 0.008690
0.317129 0.008618 1.612902 0.008897
0.304739 0.008926 1.615075 0.009108
0.292903 0.009239 1.618213 0.009315
0.281424 0.009548 1.622191 0.009513
0.270321 0.009850 1.626816 0.009702
0.259584 0.010142 1.631855 0.009880
0.249214 0.010420 1.637050 0.010049
0.239191 0.010680 1.642147 0.010208
0.229451 0.010919 1.646911 0.010358
0.219972 0.011136 1.651146 0.010499
0.210782 0.011330 1.654703 0.010631
0.201878 0.011502 1.657484 0.010755
0.193232 0.011654 1.659447 0.010870
0.184883 0.011789 1.660593 0.010977
0.176823 0.011908 1.660960 0.011075
0.169033 0.012015 1.660615 0.011164
0.161572 0.012110 1.659642 0.011243
0.154484 0.012192 1.658138 0.011310
0.147779 0.012262 1.656206 0.011365
0.141456 0.012317 1.653954 0.011404
0.135491 0.012355 1.651487 0.011428
0.129852 0.012373 1.648901 0.011434
0.124486 0.012371 1.646282 0.011423
0.119319 0.012347 1.643699 0.011395
0.114281 0.012303 1.641209 0.011351
0.109313 0.012239 1.638847 0.011292
0.104395 0.012157 1.636639 0.011223
0.099538 0.012061 1.634598 0.011143
0.094773 0.011954 1.632727 0.011058
0.090133 0.011838 1.631023 0.010968
0.085639 0.011717 1.629478 0.010877
0.081307 0.011595 1.628079 0.010787
0.077150 0.011473 1.626814 0.010699
0.073199 0.011355 1.625666 0.010616
0.069500 0.011243 1.624620 0.010538
0.066068 0.011139 1.623662 0.010466
0.062908 0.011044 1.622778 0.010402
0.060005 0.010959 1.621957 0.010346
0.057326 0.010886 1.621190 0.010298
0.054828 0.010824 1.620469 0.010258
0.052465 0.010775 1.619787 0.010227
0.050205 0.010737 1.619140 0.010203
0.048028 0.010710 1.618525 0.010187
0.045931 0.010695 1.617939 0.010179
0.043923 0.010690 1.617384 0.010177
0.042018 0.010696 1.616857 0.010182
0.040235 0.010711 1.616359 0.010194
0.038589 0.010735 1.615892 0.010211
0.037093 0.010768 1.615455 0.010233
0.035756 0.010808 1.615048 0.010261
0.034576 0.010856 1.614673 0.010293
0.033544 0.010910 1.614329 0.010329
0.032643 0.010970 1.614017 0.010368
0.031850 0.011035 1.613735 0.010411
0.031141 0.011105 1.613483 0.010456
0.030495 0.011179 1.613260 0.010504
0.029898 0.011255 1.613066 0.010553
0.029341 0.011334 1.612897 0.010604
0.028824 0.011415 1.612754 0.010656
0.028353 0.011496 1.612635 0.010709
0.027939 0.011578 1.612537 0.010762
0.027590 0.011660 1.612459 0.010814
0.027315 0.011741 1.612400 0.010866
0.027113 0.011820 1.612358 0.010917
0.026982 0.011898 1.612330 0.010967
0.026910 0.011973 1.612317 0.011015
0.026880 0.012045 1.612316 0.011062
0.026872 0.012113 1.612325 0.011107
0.026864 0.012179 1.612345 0.011149
0.026837 0.012240 1.612373 0.011189
0.026774 0.012297 1.612409 0.011226
0.026663 0.012350 1.612451 0.011261
0.026497 0.012399 1.612500 0.011293
0.026276 0.012444 1.612553 0.011323
0.026002 0.012484 1.612612 0.011350
0.025682 0.012520 1.612674 0.011375
0.025332 0.012552 1.612739 0.011396
0.024965 0.012580 1.612808 0.011416
0.024597 0.012604 1.612878 0.011433
0.024242 0.012624 1.612951 0.011448
0.023910 0.012641 1.613026 0.011460
0.023613 0.012654 1.613102 0.011471
0.023355 0.012665 1.613179 0.011479
0.023139 0.012672 1.613257 0.011486
0.022962 0.012677 1.613336 0.011492
0.022820 0.012679 1.613415 0.011495
0.022708 0.012679 1.613494 0.011498
0.022616 0.012677 1.613573 0.011499
0.022536 0.012673 1.613652 0.011499
0.022461 0.012668 1.613730 0.011498
0.022382 0.012660 1.613808 0.011496
0.022293 0.012652 1.613885 0.011493
0.022189 0.012642 1.613961 0.011490
0.022063 0.012632 1.614036 0.011486
0.021911 0.012620 1.614110 0.011482
0.021731 0.012608 1.614183 0.011476
0.021518 0.012595 1.614255 0.011471
0.021270 0.012581 1.614326 0.011465
0.020986 0.012567 1.614395 0.011459
0.020664 0.012553 1.614463 0.011453
0.020303 0.012538 1.614530 0.011447
0.019905 0.012524 1.614595 0.011440
0.019470 0.012509 1.614659 0.011434
0.019000 0.012494 1.614721 0.011428
0.018499 0.012480 1.614782 0.011421
0.017971 0.012465 1.614842 0.011415
0.017421 0.012451 1.614900 0.011409
0.016854 0.012437 1.614957 0.011403
0.016277 0.012424 1.615013 0.011398
0.015695 0.012411 1.615067 0.011392
0.015116 0.012398 1.615120 0.011387
0.014546 0.012386 1.615172 0.011382
0.013989 0.012374 1.615222 0.011378
0.013452 0.012363 1.615271 0.011374
0.012938 0.012352 1.615319 0.011370
0.012452 0.012342 1.615365 0.011366
0.011995 0.012332 1.615410 0.011363
0.011569 0.012323 1.615454 0.011360
0.011173 0.012315 1.615497 0.011357
0.010807 0.012307 1.615539 0.011355
0.010468 0.012299 1.615579 0.011353
0.010155 0.012292 1.615618 0.011352
0.009866 0.012286 1.615656 0.011350
0.009598 0.012280 1.615693 0.011349
0.009350 0.012275 1.615728 0.011349
0.009119 0.012270 1.615763 0.011349
0.008904 0.012266 1.615796 0.011349
0.008703 0.012262 1.615829 0.011349
0.008517 0.012259 1.615860 0.011350
0.008345 0.012256 1.615890 0.011351
0.008185 0.012253 1.615919 0.011352
0.008039 0.012251 1.615947 0.011353
0.007906 0.012250 1.615975 0.011355
0.007785 0.012249 1.616001 0.011357
0.007677 0.012248 1.616026 0.011359
0.007581 0.012248 1.616050 0.011362
0.007497 0.012247 1.616073 0.011364
0.007422 0.012248 1.616096 0.011367
0.007358 0.012248 1.616117 0.011370
0.007303 0.012249 1.616138 0.011373
0.007255 0.012250 1.616157 0.011376
0.007213 0.012252 1.616176 0.011380
0.007177 0.012253 1.616194 0.011383
0.007146 0.012255 1.616212 0.011387
0.007118 0.012257 1.616228 0.011391
0.007092 0.012260 1.616244 0.011395
0.007068 0.012262 1.616259 0.011399
0.007045 0.012265 1.616273 0.011403
0.007022 0.012268 1.616287 0.011408
0.006998 0.012271 1.616300 0.011412
0.006974 0.012274 1.616312 0.011417
0.006947 0.012277 1.616324 0.011421
0.006919 0.012281 1.616335 0.011426
0.006889 0.012284 1.616345 0.011430
0.006857 0.012288 1.616355 0.011435
0.006822 0.012292 1.616364 0.011440
0.006785 0.012296 1.616373 0.011445
0.006746 0.012299 1.616381 0.011449
0.006704 0.012303 1.616388 0.011454
0.006659 0.012307 1.616396 0.011459
0.006614 0.012311 1.616402 0.011464
0.006566 0.012316 1.616408 0.011469
0.006517 0.012320 1.616414 0.011474
0.006466 0.012324 1.616419 0.011479
0.006414 0.012328 1.616424 0.011484
0.006361 0.012332 1.616428 0.011489
0.006307 0.012337 1.616432 0.011494
0.006252 0.012341 1.616435 0.011499
0.006196 0.012345 1.616438 0.011503
0.006140 0.012350 1.616441 0.011508
0.006084 0.012354 1.616443 0.011513
0.006027 0.012358 1.616445 0.011518
0.005969 0.012362 1.616446 0.011523
0.005912 0.012367 1.616448 0.011528
0.005853 0.012371 1.616449 0.011533
0.005795 0.012375 1.616449 0.011537
0.005736 0.012379 1.616449 0.011542
0.005677 0.012383 1.616449 0.011547
0.005617 0.012388 1.616449 0.011551
0.005576 0.012392 1.616448 0.011556
0.005591 0.012396 1.616448 0.011561
0.005585 0.012400 1.616447 0.011565
0.005543 0.012404 1.616445 0.011570
0.005475 0.012408 1.616444 0.011574
0.005388 0.012412 1.616442 0.011579
0.005293 0.012416 1.616441 0.011583
0.005191 0.012420 1.616439 0.011588
0.005089 0.012424 1.616437 0.011592
0.004988 0.012428 1.616434 0.011597
0.004893 0.012432 1.616432 0.011601
0.004802 0.012436 1.616429 0.011606
0.004717 0.012441 1.616425 0.011611
0.004638 0.012446 1.616421 0.011615
0.004564 0.012451 1.616417 0.011620
0.004495 0.012457 1.616412 0.011625
0.004429 0.012463 1.616406 0.011631
0.004368 0.012469 1.616399 0.011637
0.004310 0.012477 1.616392 0.011643
0.004255 0.012484 1.616383 0.011649
0.004203 0.012492 1.616375 0.011655
0.004154 0.012501 1.616365 0.011662
0.004107 0.012510 1.616355 0.011668
0.004062 0.012519 1.616344 0.011675
0.004019 0.012528 1.616333 0.011682
0.003978 0.012537 1.616322 0.011690
0.003938 0.012547 1.616310 0.011697
0.003901 0.012556 1.616299 0.011704
0.003864 0.012566 1.616287 0.011711
0.003829 0.012575 1.616275 0.011718
0.003796 0.012585 1.616262 0.011726
0.003763 0.012594 1.616250 0.011733
0.003732 0.012603 1.616238 0.011740
0.003702 0.012612 1.616226 0.011747
0.003673 0.012621 1.616215 0.011754
0.003645 0.012629 1.616203 0.011760
0.003618 0.012638 1.616192 0.011767
0.003593 0.012646 1.616181 0.011774
0.003568 0.012654 1.616170 0.011780
0.003545 0.012661 1.616159 0.011786
0.003522 0.012669 1.616149 0.011792
0.003501 0.012676 1.616139 0.011798
0.003481 0.012683 1.616129 0.011804
0.003463 0.012689 1.616120 0.011809
0.003445 0.012696 1.616111 0.011815
0.003429 0.012702 1.616102 0.011820
0.003414 0.012708 1.616094 0.011825
0.003400 0.012713 1.616086 0.011830
0.003387 0.012719 1.616078 0.011835
0.003375 0.012724 1.616071 0.011840
0.003365 0.012729 1.616064 0.011844
0.003356 0.012734 1.616057 0.011849
0.003348 0.012738 1.616051 0.011853
0.003341 0.012743 1.616045 0.011857
0.003335 0.012747 1.616039 0.011861
0.003330 0.012751 1.616034 0.011865
0.003327 0.012755 1.616029 0.011868
0.003324 0.012759 1.616024 0.011872
0.003322 0.012763 1.616020 0.011875
0.003321 0.012766 1.616016 0.011879
0.003321 0.012769 1.616013 0.011882
0.003322 0.012773 1.616009 0.011885
0.003323 0.012776 1.616006 0.011888
0.003326 0.012779 1.616004 0.011891
0.003328 0.012782 1.616002 0.011894
0.003331 0.012784 1.616000 0.011897
0.003335 0.012787 1.615998 0.011900
0.003342 0.012790 1.615997 0.011903
0.003350 0.012792 1.615996 0.011905
0.003356 0.012795 1.615995 0.011908
0.003360 0.012797 1.615994 0.011910
0.003363 0.012800 1.615994 0.011913
0.003366 0.012802 1.615994 0.011915
0.003368 0.012804 1.615995 0.011918
0.003370 0.012806 1.615995 0.011920
0.003373 0.012809 1.615996 0.011922
0.003376 0.012811 1.615997 0.011925
0.003379 0.012813 1.615998 0.011927
0.003382 0.012815 1.615999 0.011929
0.003386 0.012817 1.616001 0.011931
0.003389 0.012820 1.616003 0.011933
0.003393 0.012822 1.616004 0.011936
0.003397 0.012824 1.616006 0.011938
0.003402 0.012826 1.616008 0.011940
0.003408 0.012829 1.616010 0.011942
0.003414 0.012831 1.616012 0.011945
0.003419 0.012834 1.616015 0.011947
0.003424 0.012836 1.616017 0.011949
0.003428 0.012839 1.616020 0.011951
0.003431 0.012841 1.616022 0.011954
0.003433 0.012844 1.616025 0.011956
0.003434 0.012847 1.616027 0.011958
0.003436 0.012849 1.616030 0.011960
0.003438 0.012852 1.616033 0.011963
0.003440 0.012855 1.616036 0.011965
0.003442 0.012857 1.616039 0.011967
0.003444 0.012860 1.616042 0.011970
0.003446 0.012863 1.616045 0.011972
0.003448 0.012866 1.616048 0.011974
0.003450 0.012869 1.616051 0.011977
0.003452 0.012872 1.616054 0.011979
0.003454 0.012875 1.616058 0.011982
0.003456 0.012878 1.616061 0.011984
0.003458 0.012881 1.616064 0.011986
0.003460 0.012884 1.616067 0.011989
0.003462 0.012888 1.616070 0.011991
0.003464 0.012891 1.616073 0.011994
0.003465 0.012894 1.616076 0.011996
0.003467 0.012897 1.616080 0.011999
0.003468 0.012901 1.616083 0.012001
0.003470 0.012904 1.616086 0.012004
0.003471 0.012907 1.616089 0.012006
0.003472 0.012911 1.616093 0.012009
0.003473 0.012914 1.616096 0.012011
0.003474 0.012917 1.616100 0.012014
0.003475 0.012921 1.616103 0.012016
0.003476 0.012924 1.616106 0.012019
0.003477 0.012927 1.616110 0.012021
0.003478 0.012931 1.616114 0.012024
0.003478 0.012934 1.616117 0.012026
0.003478 0.012937 1.616121 0.012029
0.003479 0.012940 1.616125 0.012031
0.003479 0.012944 1.616128 0.012034
0.003479 0.012947 1.616132 0.012036
0.003478 0.012950 1.616136 0.012038
0.003478 0.012953 1.616140 0.012041
0.003478 0.012957 1.616144 0.012043
0.003477 0.012960 1.616148 0.012046
0.003476 0.012963 1.616152 0.012048
0.003475 0.012967 1.616156 0.012050
0.003474 0.012970 1.616160 0.012053
0.003473 0.012973 1.616164 0.012055
0.003471 0.012976 1.616168 0.012057
0.003470 0.012980 1.616172 0.012060
0.003468 0.012983 1.616176 0.012062
0.003466 0.012986 1.616181 0.012064
0.003464 0.012989 1.616185 0.012067
0.003462 0.012993 1.616189 0.012069
0.003460 0.012996 1.616193 0.012071
0.003457 0.012999 1.616198 0.012074
0.003455 0.013002 1.616202 0.012076
0.003452 0.013006 1.616206 0.012078
0.003449 0.013009 1.616211 0.012081
0.003446 0.013012 1.616215 0.012083
0.003442 0.013015 1.616219 0.012085
0.003439 0.013019 1.616224 0.012087
0.003436 0.013022 1.616228 0.012090
0.003432 0.013025 1.616233 0.012092
0.003428 0.013028 1.616237 0.012094
0.003424 0.013032 1.616242 0.012096
0.003420 0.013035 1.616246 0.012099
0.003416 0.013038 1.616251 0.012101
0.003411 0.013041 1.616255 0.012103
0.003406 0.013044 1.616260 0.012105
0.003402 0.013048 1.616264 0.012108
0.003397 0.013051 1.616269 0.012110
0.003392 0.013054 1.616273 0.012112
0.003387 0.013057 1.616278 0.012114
0.003382 0.013061 1.616282 0.012116
0.003377 0.013064 1.616287 0.012119
0.003371 0.013067 1.616291 0.012121
0.003365 0.013070 1.616296 0.012123
0.003359 0.013073 1.616300 0.012125
0.003353 0.013077 1.616305 0.012127
0.003347 0.013080 1.616309 0.012130
0.003340 0.013083 1.616314 0.012132
0.003334 0.013086 1.616318 0.012134
0.003328 0.013089 1.616323 0.012136
0.003321 0.013092 1.616327 0.012138
0.003315 0.013096 1.616332 0.012140
0.003308 0.013099 1.616336 0.012142
0.003301 0.013102 1.616340 0.012145
0.003294 0.013105 1.616345 0.012147
0.003288 0.013108 1.616349 0.012149
0.003281 0.013111 1.616354 0.012151
0.003274 0.013114 1.616358 0.012153
0.003267 0.013117 1.616363 0.012155
0.003260 0.013120 1.616367 0.012157
0.003253 0.013123 1.616371 0.012159
0.003245 0.013127 1.616376 0.012161
0.003238 0.013130 1.616380 0.012163
0.003231 0.013133 1.616384 0.012165
0.003224 0.013136 1.616389 0.012167
0.003216 0.013139 1.616393 0.012170
0.003209 0.013142 1.616397 0.012172
0.003202 0.013145 1.616402 0.012174
0.003194 0.013148 1.616406 0.012176
0.003187 0.013151 1.616410 0.012178
0.003179 0.013154 1.616414 0.012180
0.003172 0.013157 1.616419 0.012182
0.003164 0.013160 1.616423 0.012184
0.003157 0.013163 1.616427 0.012186
0.003149 0.013166 1.616431 0.012187
0.003142 0.013168 1.616435 0.012189
0.003134 0.013171 1.616440 0.012191
0.003127 0.013174 1.616444 0.012193
0.003119 0.013177 1.616448 0.012195
0.003112 0.013180 1.616452 0.012197
0.003105 0.013183 1.616456 0.012199
0.003097 0.013185 1.616460 0.012201
0.003090 0.013188 1.616464 0.012203
0.003082 0.013191 1.616468 0.012205
0.003075 0.013194 1.616471 0.012206
0.003068 0.013196 1.616475 0.012208
0.003060 0.013199 1.616479 0.012210
0.003053 0.013202 1.616483 0.012212
0.003046 0.013205 1.616487 0.012214
0.003039 0.013207 1.616491 0.012215
0.003031 0.013210 1.616495 0.012217
0.003024 0.013213 1.616498 0.012219
0.003017 0.013215 1.616502 0.012221
0.003009 0.013218 1.616506 0.012223
0.003002 0.013221 1.616510 0.012224
0.002995 0.013223 1.616514 0.012226
0.002988 0.013226 1.616517 0.012228
0.002980 0.013229 1.616521 0.012230
0.002973 0.013231 1.616525 0.012231
0.002966 0.013234 1.616529 0.012233
0.002958 0.013236 1.616532 0.012235
0.002951 0.013239 1.616536 0.012237
0.002944 0.013242 1.616540 0.012238
0.002937 0.013244 1.616544 0.012240
0.002929 0.013247 1.616547 0.012242
0.002922 0.013249 1.616551 0.012244
0.002915 0.013252 1.616555 0.012245
0.002907 0.013254 1.616558 0.012247
0.002900 0.013257 1.616562 0.012249
0.002893 0.013259 1.616566 0.012250
0.002885 0.013262 1.616569 0.012252
0.002878 0.013264 1.616573 0.012254
0.002871 0.013267 1.616576 0.012255
0.002864 0.013269 1.616580 0.012257
0.002856 0.013272 1.616583 0.012258
0.002849 0.013274 1.616587 0.012260
0.002842 0.013276 1.616591 0.012262
0.002834 0.013279 1.616594 0.012263
0.002827 0.013281 1.616598 0.012265
0.002820 0.013284 1.616601 0.012267
0.002812 0.013286 1.616605 0.012268
0.002805 0.013288 1.616608 0.012270
0.002797 0.013291 1.616611 0.012271
0.002790 0.013293 1.616615 0.012273
0.002782 0.013295 1.616618 0.012274
0.002775 0.013298 1.616622 0.012276
0.002767 0.013300 1.616625 0.012277
0.002760 0.013302 1.616628 0.012279
0.002752 0.013304 1.616632 0.012280
0.002745 0.013307 1.616635 0.012282
0.002737 0.013309 1.616638 0.012283
0.002729 0.013311 1.616642 0.012285
0.002722 0.013313 1.616645 0.012286
0.002714 0.013315 1.616648 0.012288
0.002706 0.013318 1.616652 0.012289
0.002698 0.013320 1.616655 0.012291
0.002691 0.013322 1.616658 0.012292
0.002683 0.013324 1.616661 0.012294
0.002675 0.013326 1.616664 0.012295
0.002667 0.013328 1.616668 0.012296
0.002659 0.013330 1.616671 0.012298
0.002651 0.013332 1.616674 0.012299
0.002643 0.013334 1.616677 0.012301
0.002634 0.013336 1.616680 0.012302
0.002626 0.013339 1.616683 0.012303
0.002618 0.013341 1.616686 0.012305
0.002610 0.013343 1.616689 0.012306
0.002601 0.013345 1.616692 0.012307
0.002593 0.013347 1.616695 0.012309
0.002584 0.013348 1.616698 0.012310
0.002576 0.013350 1.616701 0.012311
0.002567 0.013352 1.616704 0.012313
0.002559 0.013354 1.616707 0.012314
0.002550 0.013356 1.616710 0.012315
0.002541 0.013358 1.616713 0.012317
0.002533 0.013360 1.616716 0.012318
0.002524 0.013362 1.616719 0.012319
0.002515 0.013364 1.616722 0.012320
0.002506 0.013366 1.616725 0.012322
0.002497 0.013368 1.616728 0.012323
0.002488 0.013369 1.616731 0.012324
0.002479 0.013371 1.616733 0.012325
0.002470 0.013373 1.616736 0.012327
0.002461 0.013375 1.616739 0.012328
0.002452 0.013377 1.616742 0.012329
0.002442 0.013378 1.616744 0.012330
0.002433 0.013380 1.616747 0.012331
0.002424 0.013382 1.616750 0.012333
0.002414 0.013384 1.616753 0.012334
0.002405 0.013385 1.616755 0.012335
0.002395 0.013387 1.616758 0.012336
0.002386 0.013389 1.616761 0.012337
0.002376 0.013390 1.616763 0.012338
0.002366 0.013392 1.616766 0.012340
0.002357 0.013394 1.616769 0.012341
0.002347 0.013395 1.616771 0.012342
0.002337 0.013397 1.616774 0.012343
0.002327 0.013399 1.616776 0.012344
0.002317 0.013400 1.616779 0.012345
0.002307 0.013402 1.616781 0.012346
0.002298 0.013404 1.616784 0.012347
0.002288 0.013405 1.616786 0.012348
0.002278 0.013407 1.616789 0.012349
0.002267 0.013408 1.616791 0.012351
0.002257 0.013410 1.616794 0.012352
0.002247 0.013411 1.616796 0.012353
0.002237 0.013413 1.616799 0.012354
0.002227 0.013414 1.616801 0.012355
0.002217 0.013416 1.616803 0.012356
0.002206 0.013417 1.616806 0.012357
0.002196 0.013419 1.616808 0.012358
0.002186 0.013420 1.616810 0.012359
0.002176 0.013422 1.616812 0.012360
0.002165 0.013423 1.616815 0.012361
0.002155 0.013425 1.616817 0.012362
0.002145 0.013426 1.616819 0.012363
0.002134 0.013428 1.616822 0.012364
0.002124 0.013429 1.616824 0.012365
0.002113 0.013430 1.616826 0.012366
0.002103 0.013432 1.616828 0.012367
0.002093 0.013433 1.616831 0.012367
0.002082 0.013435 1.616833 0.012368
0.002072 0.013436 1.616835 0.012369
0.002061 0.013437 1.616837 0.012370
0.002051 0.013439 1.616839 0.012371
0.002040 0.013440 1.616842 0.012372
0.002030 0.013441 1.616844 0.012373
0.002019 0.013443 1.616846 0.012374
0.002009 0.013444 1.616848 0.012375
0.001998 0.013445 1.616850 0.012376
0.001988 0.013447 1.616852 0.012377
0.001977 0.013448 1.616855 0.012377
0.001967 0.013449 1.616857 0.012378
0.001956 0.013450 1.616859 0.012379
0.001946 0.013452 1.616861 0.012380
0.001935 0.013453 1.616863 0.012381
0.001925 0.013454 1.616865 0.012382
0.001914 0.013455 1.616867 0.012383
0.001904 0.013457 1.616869 0.012383
0.001893 0.013458 1.616871 0.012384
0.001883 0.013459 1.616873 0.012385
0.001872 0.013460 1.616875 0.012386
0.001862 0.013461 1.616877 0.012387
0.001852 0.013463 1.616879 0.012387
0.001841 0.013464 1.616881 0.012388
0.001831 0.013465 1.616883 0.012389
0.001820 0.013466 1.616885 0.012390
0.001810 0.013467 1.616887 0.012391
0.001800 0.013468 1.616889 0.012391
0.001790 0.013469 1.616890 0.012392
0.001779 0.013471 1.616892 0.012393
0.001769 0.013472 1.616894 0.012394
0.001759 0.013473 1.616896 0.012394
0.001749 0.013474 1.616898 0.012395
0.001738 0.013475 1.616900 0.012396
0.001728 0.013476 1.616902 0.012397
0.001718 0.013477 1.616903 0.012397
0.001708 0.013478 1.616905 0.012398
0.001698 0.013479 1.616907 0.012399
0.001688 0.013480 1.616909 0.012399
0.001678 0.013481 1.616910 0.012400
0.001668 0.013482 1.616912 0.012401
0.001658 0.013483 1.616914 0.012402
0.001648 0.013484 1.616916 0.012402
0.001638 0.013485 1.616917 0.012403
0.001628 0.013486 1.616919 0.012404
0.001618 0.013487 1.616921 0.012404
0.001609 0.013488 1.616922 0.012405
0.001599 0.013489 1.616924 0.012406
0.001589 0.013490 1.616926 0.012406
0.001579 0.013491 1.616927 0.012407
0.001570 0.013492 1.616929 0.012408
0.001560 0.013493 1.616930 0.012408
0.001551 0.013494 1.616932 0.012409
0.001541 0.013495 1.616934 0.012410
0.001532 0.013496 1.616935 0.012410
0.001522 0.013497 1.616937 0.012411
0.001513 0.013498 1.616938 0.012411
0.001503 0.013499 1.616940 0.012412
0.001494 0.013499 1.616941 0.012413
0.001485 0.013500 1.616943 0.012413
0.001476 0.013501 1.616945 0.012414
0.001466 0.013502 1.616946 0.012415
0.001457 0.013503 1.616948 0.012415
0.001448 0.013504 1.616949 0.012416
0.001439 0.013505 1.616951 0.012416
0.001430 0.013506 1.616952 0.012417
0.001421 0.013506 1.616953 0.012418
0.001412 0.013507 1.616955 0.012418
0.001403 0.013508 1.616956 0.012419
0.001395 0.013509 1.616958 0.012419
0.001386 0.013510 1.616959 0.012420
0.001377 0.013511 1.616961 0.012420
0.001368 0.013511 1.616962 0.012421
0.001360 0.013512 1.616963 0.012422
0.001351 0.013513 1.616965 0.012422
0.001342 0.013514 1.616966 0.012423
0.001334 0.013515 1.616968 0.012423
0.001326 0.013516 1.616969 0.012424
0.001317 0.013516 1.616970 0.012424
0.001309 0.013517 1.616972 0.012425
0.001300 0.013518 1.616973 0.012425
0.001292 0.013519 1.616974 0.012426
0.001284 0.013519 1.616976 0.012426
0.001276 0.013520 1.616977 0.012427
0.001268 0.013521 1.616978 0.012427
0.001259 0.013522 1.616980 0.012428
0.001251 0.013522 1.616981 0.012428
0.001243 0.013523 1.616982 0.012429
0.001235 0.013524 1.616983 0.012429
0.001228 0.013525 1.616985 0.012430
0.001220 0.013525 1.616986 0.012430
0.001212 0.013526 1.616987 0.012431
0.001204 0.013527 1.616988 0.012431
0.001196 0.013527 1.616990 0.012432
0.001189 0.013528 1.616991 0.012432
0.001181 0.013529 1.616992 0.012433
0.001173 0.013530 1.616993 0.012433
0.001166 0.013530 1.616994 0.012434
0.001158 0.013531 1.616996 0.012434
0.001151 0.013532 1.616997 0.012435
0.001144 0.013532 1.616998 0.012435
0.001136 0.013533 1.616999 0.012436
0.001129 0.013534 1.617000 0.012436
0.001122 0.013534 1.617001 0.012437
0.001114 0.013535 1.617002 0.012437
0.001107 0.013536 1.617004 0.012438
0.001100 0.013536 1.617005 0.012438
0.001093 0.013537 1.617006 0.012438
0.001086 0.013537 1.617007 0.012439
0.001079 0.013538 1.617008 0.012439
0.001072 0.013539 1.617009 0.012440
0.001065 0.013539 1.617010 0.012440
0.001058 0.013540 1.617011 0.012441
0.001051 0.013541 1.617012 0.012441
0.001045 0.013541 1.617013 0.012441
0.001038 0.013542 1.617014 0.012442
0.001031 0.013542 1.617016 0.012442
0.001025 0.013543 1.617017 0.012443
0.001018 0.013544 1.617018 0.012443
0.001012 0.013544 1.617019 0.012444
0.001005 0.013545 1.617020 0.012444
0.000999 0.013545 1.617021 0.012444
0.000992 0.013546 1.617022 0.012445
0.000986 0.013546 1.617023 0.012445
0.000979 0.013547 1.617024 0.012445
0.000973 0.013548 1.617025 0.012446
0.000967 0.013548 1.617026 0.012446
0.000961 0.013549 1.617027 0.012447
0.000955 0.013549 1.617028 0.012447
0.000948 0.013550 1.617028 0.012447
0.000942 0.013550 1.617029 0.012448
0.000936 0.013551 1.617030 0.012448
0.000930 0.013551 1.617031 0.012449
0.000924 0.013552 1.617032 0.012449
0.000918 0.013552 1.617033 0.012449
0.000913 0.013553 1.617034 0.012450
0.000907 0.013553 1.617035 0.012450
0.000901 0.013554 1.617036 0.012450
0.000895 0.013554 1.617037 0.012451
0.000889 0.013555 1.617038 0.012451
0.000884 0.013555 1.617039 0.012451
0.000878 0.013556 1.617039 0.012452
0.000873 0.013556 1.617040 0.012452
0.000867 0.013557 1.617041 0.012452
0.000861 0.013557 1.617042 0.012453
0.000856 0.013558 1.617043 0.012453
0.000850 0.013558 1.617044 0.012453
0.000845 0.013559 1.617045 0.012454
0.000840 0.013559 1.617045 0.012454
0.000834 0.013560 1.617046 0.012454
0.000829 0.013560 1.617047 0.012455
0.000824 0.013561 1.617048 0.012455
0.000819 0.013561 1.617049 0.012455
0.000813 0.013562 1.617050 0.012456
0.000808 0.013562 1.617050 0.012456
0.000803 0.013563 1.617051 0.012456
0.000798 0.013563 1.617052 0.012457
0.000793 0.013563 1.617053 0.012457
0.000788 0.013564 1.617054 0.012457
0.000783 0.013564 1.617054 0.012458
0.000778 0.013565 1.617055 0.012458
0.000773 0.013565 1.617056 0.012458
0.000768 0.013566 1.617057 0.012458
0.000763 0.013566 1.617057 0.012459
0.000759 0.013566 1.617058 0.012459
0.000754 0.013567 1.617059 0.012459
0.000749 0.013567 1.617060 0.012460
0.000744 0.013568 1.617060 0.012460
0.000740 0.013568 1.617061 0.012460
0.000735 0.013568 1.617062 0.012460
0.000731 0.013569 1.617063 0.012461
0.000727 0.013569 1.617063 0.012461
0.000723 0.013570 1.617064 0.012461
0.000719 0.013570 1.617065 0.012462
0.000714 0.013570 1.617065 0.012462
0.000709 0.013571 1.617066 0.012462
0.000704 0.013571 1.617067 0.012462
0.000699 0.013572 1.617067 0.012463
0.000695 0.013572 1.617068 0.012463
0.000690 0.013572 1.617069 0.012463
0.000685 0.013572 1.617069 0.012463
0.000680 0.013573 1.617069 0.012463
0.000676 0.013573 1.617069 0.012464
0.000671 0.013573 1.617070 0.012464
0.000667 0.013573 1.617070 0.012464
0.000662 0.013573 1.617069 0.012464
0.000658 0.013573 1.617069 0.012464
0.000654 0.013573 1.617069 0.012464
0.000649 0.013573 1.617069 0.012464
0.000645 0.013573 1.617069 0.012463
0.000641 0.013572 1.617068 0.012463
0.000637 0.013572 1.617068 0.012463
0.000633 0.013572 1.617067 0.012463
0.000628 0.013572 1.617067 0.012463
0.000624 0.013572 1.617067 0.012463
0.000620 0.013572 1.617066 0.012463
0.000616 0.013572 1.617066 0.012463
0.000612 0.013572 1.617066 0.012463
0.000609 0.013572 1.617065 0.012463
0.000605 0.013571 1.617065 0.012463
0.000601 0.013571 1.617065 0.012463
0.000597 0.013571 1.617064 0.012463
0.000593 0.013571 1.617064 0.012463
0.000590 0.013571 1.617064 0.012463
0.000586 0.013571 1.617064 0.012463
0.000582 0.013571 1.617063 0.012463
0.000579 0.013571 1.617063 0.012463
0.000575 0.013571 1.617063 0.012463
0.000572 0.013571 1.617063 0.012463
0.000568 0.013571 1.617063 0.012463
0.000565 0.013571 1.617062 0.012463
0.000561 0.013571 1.617062 0.012463
0.000558 0.013571 1.617062 0.012463
0.000554 0.013571 1.617062 0.012463
0.000551 0.013571 1.617062 0.012463
0.000547 0.013571 1.617062 0.012463
0.000544 0.013571 1.617061 0.012463
0.000541 0.013571 1.617061 0.012463
0.000538 0.013571 1.617061 0.012463
0.000534 0.013571 1.617061 0.012463
0.000531 0.013571 1.617061 0.012463
0.000528 0.013571 1.617061 0.012463
0.000525 0.013572 1.617061 0.012463
0.000521 0.013572 1.617061 0.012463
0.000518 0.013572 1.617061 0.012463
0.000515 0.013572 1.617061 0.012463
0.000512 0.013572 1.617061 0.012463
0.000509 0.013572 1.617061 0.012463
0.000506 0.013572 1.617061 0.012463
0.000503 0.013572 1.617061 0.012463
0.000500 0.013572 1.617061 0.012463
0.000497 0.013572 1.617061 0.012463
0.000494 0.013572 1.617061 0.012463
0.000491 0.013572 1.617061 0.012463
0.000488 0.013572 1.617061 0.012463
0.000485 0.013573 1.617061 0.012463
0.000482 0.013573 1.617061 0.012463
0.000479 0.013573 1.617061 0.012463
0.000477 0.013573 1.617061 0.012463
0.000474 0.013573 1.617061 0.012463
0.000471 0.013573 1.617061 0.012463
0.000468 0.013573 1.617061 0.012464
0.000465 0.013573 1.617062 0.012464
0.000463 0.013573 1.617062 0.012464
0.000460 0.013573 1.617062 0.012464
0.000457 0.013573 1.617062 0.012464
0.000455 0.013573 1.617062 0.012464
0.000452 0.013573 1.617062 0.012464
0.000449 0.013573 1.617062 0.012464
0.000447 0.013574 1.617062 0.012464
0.000444 0.013574 1.617062 0.012464
0.000441 0.013574 1.617062 0.012464
0.000439 0.013574 1.617062 0.012464
0.000436 0.013574 1.617062 0.012464
0.000434 0.013574 1.617062 0.012464
0.000431 0.013574 1.617062 0.012464
0.000429 0.013574 1.617062 0.012464
0.000426 0.013574 1.617062 0.012464
0.000424 0.013574 1.617063 0.012464
0.000421 0.013574 1.617063 0.012464
0.000419 0.013574 1.617063 0.012464
0.000416 0.013574 1.617063 0.012464
0.000414 0.013574 1.617063 0.012464
0.000412 0.013574 1.617063 0.012464
0.000409 0.013574 1.617063 0.012464
0.000407 0.013574 1.617063 0.012464
0.000404 0.013574 1.617063 0.012464
0.000402 0.013574 1.617063 0.012464
0.000400 0.013574 1.617063 0.012464
0.000398 0.013574 1.617063 0.012465
0.000395 0.013575 1.617063 0.012465
0.000393 0.013575 1.617063 0.012465
0.000391 0.013575 1.617063 0.012465
0.000389 0.013575 1.617063 0.012465
0.000386 0.013575 1.617063 0.012465
0.000384 0.013575 1.617063 0.012465
0.000382 0.013575 1.617063 0.012465
0.000380 0.013575 1.617063 0.012465
0.000378 0.013575 1.617063 0.012465
0.000376 0.013575 1.617063 0.012465
0.000373 0.013575 1.617063 0.012465
0.000371 0.013575 1.617063 0.012465
0.000369 0.013575 1.617063 0.012465
0.000367 0.013575 1.617063 0.012465
0.000365 0.013575 1.617063 0.012465
0.000363 0.013575 1.617063 0.012465
0.000361 0.013575 1.617063 0.012465
0.000359 0.013575 1.617063 0.012465
0.000357 0.013575 1.617063 0.012465
0.000355 0.013575 1.617063 0.012465
0.000353 0.013575 1.617063 0.012465
0.000351 0.013575 1.617063 0.012465
0.000349 0.013575 1.617063 0.012465
0.000347 0.013575 1.617063 0.012465
0.000345 0.013575 1.617063 0.012465
0.000343 0.013575 1.617063 0.012465
0.000341 0.013575 1.617063 0.012465
0.000340 0.013575 1.617063 0.012465
0.000338 0.013575 1.617063 0.012465
0.000336 0.013575 1.617063 0.012465
0.000334 0.013575 1.617063 0.012465
0.000332 0.013575 1.617063 0.012465
0.000330 0.013575 1.617063 0.012465
0.000329 0.013575 1.617063 0.012465
0.000327 0.013575 1.617063 0.012465
0.000325 0.013575 1.617063 0.012465
0.000323 0.013575 1.617063 0.012465
0.000321 0.013575 1.617063 0.012465
0.000320 0.013575 1.617063 0.012465
0.000318 0.013575 1.617063 0.012465
0.000316 0.013575 1.617063 0.012465
0.000315 0.013575 1.617063 0.012465
0.000313 0.013575 1.617063 0.012465
0.000311 0.013575 1.617063 0.012465
0.000310 0.013575 1.617063 0.012465
0.000308 0.013575 1.617063 0.012465
0.000306 0.013575 1.617063 0.012465
0.000305 0.013575 1.617062 0.012465
0.000303 0.013575 1.617062 0.012465
0.000302 0.013575 1.617062 0.012465
0.000300 0.013575 1.617062 0.012465
0.000298 0.013575 1.617062 0.012465
0.000297 0.013575 1.617062 0.012465
0.000295 0.013575 1.617062 0.012465
0.000294 0.013575 1.617062 0.012465
0.000292 0.013575 1.617062 0.012465
0.000291 0.013575 1.617062 0.012465
0.000289 0.013575 1.617062 0.012465
0.000288 0.013575 1.617062 0.012465
0.000286 0.013575 1.617062 0.012465
0.000285 0.013575 1.617062 0.012465
0.000283 0.013575 1.617062 0.012465
0.000282 0.013574 1.617062 0.012465
0.000281 0.013574 1.617062 0.012465
0.000279 0.013574 1.617062 0.012465
0.000278 0.013574 1.617062 0.012465
0.000276 0.013574 1.617062 0.012465
0.000275 0.013574 1.617062 0.012465
0.000274 0.013574 1.617062 0.012465
0.000272 0.013574 1.617062 0.012465
0.000271 0.013574 1.617062 0.012465
0.000270 0.013574 1.617062 0.012465
0.000268 0.013574 1.617062 0.012465
0.000267 0.013574 1.617062 0.012465
0.000266 0.013574 1.617062 0.012465
0.000264 0.013574 1.617062 0.012465
0.000263 0.013574 1.617062 0.012465
0.000262 0.013574 1.617062 0.012465
0.000260 0.013574 1.617062 0.012465
0.000259 0.013574 1.617062 0.012465
0.000258 0.013574 1.617062 0.012465
0.000257 0.013574 1.617062 0.012465
0.000255 0.013574 1.617062 0.012465
0.000254 0.013574 1.617062 0.012465
0.000253 0.013574 1.617062 0.012465
0.000252 0.013574 1.617062 0.012465
0.000251 0.013574 1.617062 0.012465
0.000249 0.013574 1.617062 0.012465
0.000248 0.013574 1.617062 0.012465
0.000247 0.013574 1.617061 0.012465
0.000246 0.013574 1.617061 0.012465
0.000245 0.013574 1.617061 0.012465
0.000243 0.013574 1.617061 0.012465
0.000242 0.013574 1.617061 0.012465
0.000241 0.013574 1.617061 0.012465
0.000240 0.013574 1.617061 0.012465
0.000239 0.013574 1.617061 0.012465
0.000237 0.013574 1.617061 0.012465
0.000236 0.013574 1.617061 0.012465
0.000235 0.013574 1.617061 0.012465
0.000234 0.013574 1.617061 0.012465
0.000233 0.013574 1.617061 0.012465
0.000232 0.013574 1.617061 0.012465
0.000231 0.013574 1.617061 0.012465
0.000229 0.013574 1.617061 0.012465
0.000228 0.013574 1.617061 0.012465
0.000227 0.013574 1.617061 0.012465
0.000226 0.013574 1.617061 0.012465
0.000225 0.013574 1.617061 0.012465
0.000224 0.013574 1.617061 0.012465
0.000223 0.013574 1.617061 0.012465
0.000222 0.013574 1.617061 0.012465
0.000220 0.013574 1.617061 0.012465
0.000219 0.013574 1.617061 0.012465
0.000218 0.013574 1.617061 0.012465
0.000217 0.013574 1.617061 0.012465
0.000216 0.013574 1.617061 0.012465
0.000215 0.013574 1.617061 0.012465
0.000214 0.013574 1.617061 0.012465
0.000213 0.013574 1.617061 0.012465
0.000212 0.013574 1.617061 0.012465
0.000211 0.013574 1.617061 0.012465
0.000209 0.013574 1.617061 0.012465
0.000208 0.013574 1.617061 0.012465
0.000207 0.013574 1.617061 0.012465
0.000206 0.013574 1.617061 0.012465
0.000205 0.013574 1.617061 0.012465
0.000204 0.013574 1.617061 0.012465
0.000203 0.013574 1.617061 0.012465
0.000202 0.013574 1.617061 0.012465
0.000201 0.013574 1.617061 0.012465
0.000200 0.013574 1.617061 0.012465
0.000199 0.013574 1.617061 0.012465
0.000198 0.013574 1.617061 0.012465
0.000197 0.013574 1.617061 0.012465
0.000196 0.013574 1.617061 0.012465
0.000195 0.013574 1.617061 0.012465
0.000193 0.013574 1.617061 0.012465
0.000192 0.013574 1.617061 0.012465
0.000191 0.013574 1.617061 0.012465
0.000190 0.013574 1.617061 0.012465
0.000189 0.013574 1.617061 0.012465
0.000188 0.013574 1.617061 0.012465
0.000187 0.013574 1.617061 0.012465
0.000186 0.013574 1.617060 0.012465
0.000185 0.013574 1.617060 0.012465
0.000184 0.013574 1.617060 0.012465
0.000183 0.013574 1.617060 0.012465
0.000182 0.013574 1.617060 0.012465
0.000181 0.013574 1.617060 0.012465
0.000180 0.013574 1.617060 0.012465
0.000179 0.013574 1.617060 0.012465
0.000178 0.013574 1.617060 0.012465
0.000177 0.013574 1.617060 0.012465
0.000176 0.013574 1.617060 0.012465
0.000175 0.013574 1.617060 0.012465
0.000174 0.013574 1.617060 0.012465
0.000173 0.013574 1.617060 0.012465
0.000172 0.013574 1.617060 0.012465
0.000171 0.013574 1.617060 0.012465
0.000170 0.013574 1.617060 0.012465
0.000169 0.013574 1.617060 0.012465
0.000168 0.013574 1.617060 0.012465
0.000167 0.013574 1.617060 0.012465
0.000166 0.013574 1.617060 0.012465
0.000165 0.013574 1.617060 0.012465
0.000164 0.013574 1.617060 0.012465
0.000163 0.013574 1.617060 0.012465
0.000163 0.013574 1.617060 0.012465
0.000162 0.013574 1.617060 0.012465
0.000161 0.013574 1.617060 0.012465
0.000160 0.013574 1.617060 0.012465
0.000159 0.013574 1.617060 0.012465
0.000158 0.013574 1.617060 0.012465
0.000157 0.013574 1.617060 0.012465
0.000156 0.013574 1.617060 0.012465
0.000155 0.013574 1.617060 0.012465
0.000154 0.013574 1.617060 0.012465
0.000153 0.013574 1.617060 0.012465
0.000152 0.013574 1.617060 0.012465
0.000152 0.013574 1.617060 0.012465
0.000151 0.013574 1.617060 0.012465
0.000150 0.013573 1.617060 0.012465
0.000149 0.013573 1.617060 0.012465
0.000148 0.013573 1.617060 0.012465
0.000147 0.013573 1.617060 0.012465
0.000146 0.013573 1.617060 0.012465
0.000145 0.013573 1.617060 0.012465
0.000145 0.013573 1.617060 0.012465
0.000144 0.013573 1.617060 0.012465
0.000143 0.013573 1.617060 0.012465
0.000142 0.013573 1.617060 0.012465
0.000141 0.013573 1.617060 0.012465
0.000140 0.013573 1.617060 0.012465
0.000139 0.013573 1.617060 0.012465
0.000139 0.013573 1.617060 0.012465
0.000138 0.013573 1.617060 0.012465
0.000137 0.013573 1.617060 0.012465
0.000136 0.013573 1.617060 0.012465
0.000135 0.013573 1.617060 0.012465
0.000134 0.013573 1.617060 0.012465
0.000134 0.013573 1.617060 0.012465
0.000133 0.013573 1.617060 0.012465
0.000132 0.013573 1.617060 0.012465
0.000131 0.013573 1.617060 0.012465
0.000130 0.013573 1.617060 0.012465
0.000130 0.013573 1.617060 0.012465
0.000129 0.013573 1.617060 0.012465
0.000128 0.013573 1.617060 0.012465
0.000127 0.013573 1.617060 0.012465
0.000127 0.013573 1.617060 0.012465
0.000126 0.013573 1.617060 0.012465
0.000125 0.013573 1.617060 0.012465
0.000124 0.013573 1.617060 0.012465
0.000124 0.013573 1.617060 0.012465
0.000123 0.013573 1.617060 0.012465
0.000122 0.013573 1.617060 0.012465
0.000121 0.013573 1.617060 0.012465
0.000121 0.013573 1.617060 0.012465
0.000120 0.013573 1.617060 0.012465
0.000119 0.013573 1.617060 0.012465
0.000118 0.013573 1.617060 0.012465
0.000118 0.013573 1.617060 0.012465
0.000117 0.013573 1.617060 0.012465
0.000116 0.013573 1.617060 0.012465
0.000115 0.013573 1.617060 0.012465
0.000115 0.013573 1.617060 0.012465
0.000114 0.013573 1.617060 0.012465
0.000113 0.013573 1.617060 0.012465
0.000113 0.013573 1.617060 0.012465
0.000112 0.013573 1.617060 0.012465
0.000111 0.013573 1.617060 0.012465
0.000111 0.013573 1.617060 0.012465
0.000110 0.013573 1.617060 0.012465
0.000109 0.013573 1.617060 0.012465
0.000108 0.013573 1.617060 0.012465
0.000108 0.013573 1.617060 0.012465
0.000107 0.013573 1.617060 0.012465
0.000106 0.013573 1.617060 0.012465
0.000106 0.013573 1.617060 0.012465
0.000105 0.013573 1.617060 0.012465
0.000105 0.013573 1.617060 0.012465
0.000104 0.013573 1.617060 0.012465
0.000103 0.013573 1.617060 0.012465
0.000103 0.013573 1.617060 0.012465
0.000102 0.013573 1.617060 0.012465
0.000101 0.013573 1.617060 0.012465
0.000101 0.013573 1.617060 0.012465
0.000100 0.013573 1.617060 0.012465
0.000099 0.013573 1.617060 0.012465
0.000099 0.013573 1.617060 0.012465
0.000098 0.013573 1.617060 0.012465
0.000098 0.013573 1.617060 0.012465
0.000097 0.013573 1.617060 0.012465
0.000096 0.013573 1.617060 0.012465
0.000096 0.013573 1.617060 0.012465
0.000095 0.013573 1.617060 0.012465
0.000095 0.013573 1.617060 0.012465
0.000094 0.013573 1.617060 0.012465
0.000093 0.013573 1.617060 0.012465
0.000093 0.013573 1.617059 0.012465
0.000092 0.013573 1.617059 0.012465
0.000092 0.013573 1.617059 0.012465
0.000091 0.013573 1.617059 0.012465
0.000090 0.013573 1.617059 0.012465
0.000090 0.013573 1.617059 0.012465
0.000089 0.013573 1.617059 0.012465
0.000089 0.013573 1.617059 0.012465
0.000088 0.013573 1.617059 0.012465
0.000088 0.013573 1.617059 0.012465
0.000087 0.013573 1.617059 0.012465
0.000087 0.013573 1.617059 0.012465
0.000086 0.013573 1.617059 0.012465
0.000085 0.013573 1.617059 0.012465
0.000085 0.013573 1.617059 0.012465
0.000084 0.013573 1.617059 0.012465
0.000084 0.013573 1.617059 0.012465
0.000083 0.013573 1.617059 0.012465
0.000083 0.013573 1.617059 0.012465
0.000082 0.013573 1.617059 0.012465
0.000082 0.013573 1.617059 0.012465
0.000081 0.013573 1.617059 0.012465
0.000081 0.013573 1.617059 0.012465
0.000080 0.013573 1.617059 0.012465
0.000080 0.013573 1.617059 0.012465
0.000079 0.013573 1.617059 0.012465
0.000079 0.013573 1.617059 0.012465
0.000078 0.013573 1.617059 0.012465
0.000078 0.013573 1.617059 0.012465
0.000077 0.013573 1.617059 0.012465
0.000077 0.013573 1.617059 0.012465
0.000076 0.013573 1.617059 0.012465
0.000076 0.013573 1.617059 0.012465
0.000075 0.013573 1.617059 0.012465
0.000075 0.013573 1.617059 0.012465
0.000074 0.013573 1.617059 0.012465
0.000074 0.013573 1.617059 0.012465
0.000073 0.013573 1.617059 0.012465
0.000073 0.013573 1.617059 0.012465
0.000072 0.013573 1.617059 0.012465
0.000072 0.013573 1.617059 0.012465
0.000072 0.013573 1.617059 0.012465
0.000071 0.013573 1.617059 0.012465
0.000071 0.013573 1.617059 0.012465
0.000070 0.013573 1.617059 0.012465
0.000070 0.013573 1.617059 0.012465
0.000069 0.013573 1.617059 0.012465
0.000069 0.013573 1.617059 0.012465
0.000068 0.013573 1.617059 0.012465
0.000068 0.013573 1.617059 0.012465
0.000068 0.013573 1.617059 0.012465
0.000067 0.013573 1.617059 0.012465
0.000067 0.013573 1.617059 0.012465
0.000066 0.013573 1.617059 0.012465
0.000066 0.013573 1.617059 0.012465
0.000065 0.013573 1.617059 0.012465
0.000065 0.013573 1.617059 0.012465
0.000065 0.013573 1.617059 0.012465
0.000064 0.013573 1.617059 0.012465
0.000064 0.013573 1.617059 0.012465
0.000063 0.013573 1.617059 0.012465
0.000063 0.013573 1.617059 0.012465
0.000063 0.013573 1.617059 0.012465
0.000062 0.013573 1.617059 0.012465
0.000062 0.013573 1.617059 0.012465
0.000061 0.013573 1.617059 0.012465
0.000061 0.013573 1.617059 0.012465
0.000061 0.013573 1.617059 0.012465
0.000060 0.013573 1.617059 0.012465
0.000060 0.013573 1.617059 0.012465
0.000059 0.013573 1.617059 0.012465
0.000059 0.013573 1.617059 0.012465
0.000059 0.013573 1.617059 0.012465
0.000058 0.013573 1.617059 0.012465
0.000058 0.013573 1.617059 0.012465
0.000058 0.013573 1.617059 0.012465
0.000057 0.013573 1.617059 0.012465
0.000057 0.013573 1.617059 0.012465
0.000057 0.013573 1.617059 0.012465
0.000056 0.013573 1.617059 0.012465
0.000056 0.013573 1.617059 0.012465
0.000055 0.013573 1.617059 0.012465
0.000055 0.013573 1.617059 0.012465
0.000055 0.013573 1.617059 0.012465
0.000054 0.013573 1.617059 0.012465
0.000054 0.013573 1.617059 0.012465
0.000054 0.013573 1.617059 0.012465
0.000053 0.013573 1.617059 0.012465
0.000053 0.013573 1.617059 0.012465
0.000053 0.013573 1.617059 0.012465
0.000052 0.013573 1.617059 0.012465
0.000052 0.013573 1.617059 0.012465
0.000052 0.013573 1.617059 0.012465
0.000051 0.013573 1.617059 0.012465
0.000051 0.013573 1.617059 0.012465
0.000051 0.013573 1.617059 0.012465
0.000050 0.013573 1.617059 0.012465
0.000050 0.013573 1.617059 0.012465
0.000050 0.013573 1.617059 0.012465
0.000049 0.013573 1.617059 0.012465
0.000049 0.013573 1.617059 0.012465
0.000049 0.013573 1.617059 0.012465
0.000048 0.013573 1.617059 0.012465
0.000048 0.013573 1.617059 0.012465
0.000048 0.013573 1.617059 0.012465
0.000048 0.013573 1.617059 0.012465
0.000047 0.013573 1.617059 0.012465
0.000047 0.013573 1.617059 0.012465
0.000047 0.013573 1.617059 0.012465
0.000046 0.013573 1.617059 0.012465
0.000046 0.013573 1.617059 0.012465
0.000046 0.013573 1.617059 0.012465
0.000045 0.013573 1.617059 0.012465
0.000045 0.013573 1.617059 0.012465
0.000045 0.013573 1.617059 0.012465
0.000045 0.013573 1.617059 0.012465
0.000044 0.013573 1.617059 0.012465
0.000044 0.013573 1.617059 0.012465
0.000044 0.013573 1.617059 0.012465
0.000043 0.013573 1.617059 0.012465
0.000043 0.013573 1.617059 0.012465
0.000043 0.013573 1.617059 0.012465
0.000043 0.013573 1.617059 0.012465
0.000042 0.013573 1.617059 0.012465
0.000042 0.013573 1.617059 0.012465
0.000042 0.013573 1.617059 0.012465
0.000042 0.013573 1.617059 0.012465
0.000041 0.013573 1.617059 0.012465
0.000041 0.013573 1.617059 0.012465
0.000041 0.013573 1.617059 0.012465
0.000041 0.013573 1.617059 0.012465
0.000040 0.013573 1.617059 0.012465
0.000040 0.013573 1.617059 0.012465
0.000040 0.013573 1.617059 0.012465
0.000039 0.013573 1.617059 0.012465
0.000039 0.013573 1.617059 0.012465
0.000039 0.013573 1.617059 0.012465
0.000039 0.013573 1.617059 0.012465
0.000039 0.013573 1.617059 0.012465
0.000038 0.013573 1.617059 0.012465
0.000038 0.013573 1.617059 0.012465
0.000038 0.013573 1.617059 0.012465
0.000038 0.013573 1.617059 0.012465
0.000037 0.013573 1.617059 0.012465
0.000037 0.013573 1.617059 0.012465
0.000037 0.013573 1.617059 0.012465
0.000037 0.013573 1.617059 0.012465
0.000036 0.013573 1.617059 0.012465
0.000036 0.013573 1.617059 0.012465
0.000036 0.013573 1.617059 0.012465
0.000036 0.013573 1.617059 0.012465
0.000035 0.013573 1.617059 0.012465
0.000035 0.013573 1.617059 0.012465
0.000035 0.013573 1.617059 0.012465
0.000035 0.013573 1.617059 0.012465
0.000035 0.013573 1.617059 0.012465
0.000034 0.013573 1.617059 0.012465
0.000034 0.013573 1.617059 0.012465
0.000034 0.013573 1.617059 0.012465
0.000034 0.013573 1.617059 0.012465
0.000033 0.013573 1.617059 0.012465
0.000033 0.013573 1.617059 0.012465
0.000033 0.013573 1.617059 0.012465
0.000033 0.013573 1.617059 0.012465
0.000033 0.013573 1.617059 0.012465
0.000032 0.013573 1.617059 0.012465
0.000032 0.013573 1.617059 0.012465
0.000032 0.013573 1.617059 0.012465
0.000032 0.013573 1.617059 0.012465
0.000032 0.013573 1.617059 0.012465
0.000031 0.013573 1.617059 0.012465
0.000031 0.013573 1.617059 0.012465
0.000031 0.013573 1.617059 0.012465
0.000031 0.013573 1.617059 0.012465
0.000031 0.013573 1.617059 0.012465
0.000030 0.013573 1.617059 0.012465
0.000030 0.013573 1.617059 0.012465
0.000030 0.013573 1.617059 0.012465
0.000030 0.013573 1.617059 0.012465
0.000030 0.013573 1.617059 0.012465
0.000029 0.013573 1.617059 0.012465
0.000029 0.013573 1.617059 0.012465
0.000029 0.013573 1.617059 0.012465
0.000029 0.013573 1.617059 0.012465
0.000029 0.013573 1.617059 0.012465
0.000028 0.013573 1.617059 0.012465
0.000028 0.013573 1.617059 0.012465
0.000028 0.013573 1.617059 0.012465
0.000028 0.013573 1.617059 0.012465
0.000028 0.013573 1.617059 0.012465
0.000028 0.013573 1.617059 0.012465
0.000027 0.013573 1.617059 0.012465
0.000027 0.013573 1.617059 0.012465
0.000027 0.013573 1.617059 0.012465
0.000027 0.013573 1.617059 0.012465
0.000027 0.013573 1.617059 0.012465
0.000027 0.013573 1.617059 0.012465
0.000026 0.013573 1.617059 0.012465
0.000026 0.013573 1.617059 0.012465
0.000026 0.013573 1.617059 0.012465
0.000026 0.013573 1.617059 0.012465
0.000026 0.013573 1.617059 0.012465
0.000026 0.013573 1.617059 0.012465
0.000025 0.013573 1.617059 0.012465
0.000025 0.013573 1.617059 0.012465
0.000025 0.013573 1.617059 0.012465
0.000025 0.013573 1.617059 0.012465
0.000025 0.013573 1.617059 0.012465
0.000025 0.013573 1.617059 0.012465
0.000024 0.013573 1.617059 0.012465
0.000024 0.013573 1.617059 0.012465
0.000024 0.013573 1.617059 0.012465
0.000024 0.013573 1.617059 0.012465
0.000024 0.013573 1.617059 0.012465
0.000024 0.013573 1.617059 0.012465
0.000024 0.013573 1.617059 0.012465
0.000023 0.013573 1.617059 0.012465
0.000023 0.013573 1.617059 0.012465
0.000023 0.013573 1.617059 0.012465
0.000023 0.013573 1.617059 0.012465
0.000023 0.013573 1.617059 0.012465
0.000023 0.013573 1.617059 0.012465
0.000022 0.013573 1.617059 0.012465
0.000022 0.013573 1.617059 0.012465
0.000022 0.013573 1.617059 0.012465
0.000022 0.013573 1.617059 0.012465
0.000022 0.013573 1.617059 0.012465
0.000022 0.013573 1.617059 0.012465
0.000022 0.013573 1.617059 0.012465
0.000022 0.013573 1.617059 0.012465
0.000021 0.013573 1.617059 0.012465
0.000021 0.013573 1.617059 0.012465
0.000021 0.013573 1.617059 0.012465
0.000021 0.013573 1.617059 0.012465
0.000021 0.013573 1.617059 0.012465
0.000021 0.013573 1.617059 0.012465
0.000021 0.013573 1.617059 0.012465
0.000020 0.013573 1.617059 0.012465
0.000020 0.013573 1.617059 0.012465
0.000020 0.013573 1.617059 0.012465
0.000020 0.013573 1.617059 0.012465
0.000020 0.013573 1.617059 0.012465
0.000020 0.013573 1.617059 0.012465
0.000020 0.013573 1.617059 0.012465
0.000020 0.013573 1.617059 0.012465
0.000019 0.013573 1.617059 0.012465
0.000019 0.013573 1.617059 0.012465
0.000019 0.013573 1.617059 0.012465
0.000019 0.013573 1.617059 0.012465
0.000019 0.013573 1.617059 0.012465
0.000019 0.013573 1.617059 0.012465
0.000019 0.013573 1.617059 0.012465
0.000019 0.013573 1.617059 0.012465
0.000018 0.013573 1.617059 0.012465
0.000018 0.013573 1.617059 0.012465
0.000018 0.013573 1.617059 0.012465
0.000018 0.013573 1.617059 0.012465
0.000018 0.013573 1.617059 0.012465
0.000018 0.013573 1.617059 0.012465
0.000018 0.013573 1.617059 0.012465
0.000018 0.013573 1.617059 0.012465
0.000018 0.013573 1.617059 0.012465
0.000017 0.013573 1.617059 0.012465
0.000017 0.013573 1.617059 0.012465
0.000017 0.013573 1.617059 0.012465
0.000017 0.013573 1.617059 0.012465
0.000017 0.013573 1.617059 0.012465
0.000017 0.013573 1.617059 0.012465
0.000017 0.013573 1.617059 0.012465
0.000017 0.013573 1.617059 0.012465
0.000017 0.013573 1.617059 0.012465
0.000016 0.013573 1.617059 0.012465
0.000016 0.013573 1.617059 0.012465
0.000016 0.013573 1.617059 0.012465
0.000016 0.013573 1.617059 0.012465
0.000016 0.013573 1.617059 0.012465
0.000016 0.013573 1.617059 0.012465
0.000016 0.013573 1.617059 0.012465
0.000016 0.013573 1.617059 0.012465
0.000016 0.013573 1.617059 0.012465
0.000016 0.013573 1.617059 0.012465
0.000015 0.013573 1.617059 0.012465
0.000015 0.013573 1.617059 0.012465
0.000015 0.013573 1.617059 0.012465
0.000015 0.013573 1.617059 0.012465
0.000015 0.013573 1.617059 0.012465
0.000015 0.013573 1.617059 0.012465
0.000015 0.013573 1.617059 0.012465
0.000015 0.013573 1.617059 0.012465
0.000015 0.013573 1.617059 0.012465
0.000015 0.013573 1.617059 0.012465
0.000014 0.013573 1.617059 0.012465
0.000014 0.013573 1.617059 0.012465
0.000014 0.013573 1.617059 0.012465
0.000014 0.013573 1.617059 0.012465
0.000014 0.013573 1.617059 0.012465
0.000014 0.013573 1.617059 0.012465
0.000014 0.013573 1.617059 0.012465
0.000014 0.013573 1.617059 0.012465
0.000014 0.013573 1.617059 0.012465
0.000014 0.013573 1.617059 0.012465
0.000014 0.013573 1.617059 0.012465
0.000013 0.013573 1.617059 0.012465
0.000013 0.013573 1.617059 0.012465
0.000013 0.013573 1.617059 0.012465
0.000013 0.013573 1.617059 0.012465
0.000013 0.013573 1.617059 0.012465
0.000013 0.013573 1.617059 0.012465
0.000013 0.013573 1.617059 0.012465
0.000013 0.013573 1.617059 0.012465
0.000013 0.013573 1.617059 0.012465
0.000013 0.013573 1.617059 0.012465
0.000013 0.013573 1.617059 0.012465
0.000013 0.013573 1.617059 0.012465
0.000012 0.013573 1.617059 0.012465
0.000012 0.013573 1.617059 0.012465
0.000012 0.013573 1.617059 0.012465
0.000012 0.013573 1.617059 0.012465
0.000012 0.013573 1.617059 0.012465
0.000012 0.013573 1.617059 0.012465
0.000012 0.013573 1.617059 0.012465
0.000012 0.013573 1.617059 0.012465
0.000012 0.013573 1.617059 0.012465
0.000012 0.013573 1.617059 0.012465
0.000012 0.013573 1.617059 0.012465
0.000012 0.013573 1.617059 0.012465
0.000012 0.013573 1.617059 0.012465
0.000011 0.013573 1.617059 0.012465
0.000011 0.013573 1.617059 0.012465
0.000011 0.013573 1.617059 0.012465
0.000011 0.013573 1.617059 0.012465
0.000011 0.013573 1.617059 0.012465
0.000011 0.013573 1.617059 0.012465
0.000011 0.013573 1.617059 0.012465
0.000011 0.013573 1.617059 0.012465
0.000011 0.013573 1.617059 0.012465
0.000011 0.013573 1.617059 0.012465
0.000011 0.013573 1.617059 0.012465
0.000011 0.013573 1.617059 0.012465
0.000011 0.013573 1.617059 0.012465
0.000011 0.013573 1.617059 0.012465
0.000010 0.013573 1.617059 0.012465
0.000010 0.013573 1.617059 0.012465
0.000010 0.013573 1.617059 0.012465
0.000010 0.013573 1.617059 0.012465
0.000010 0.013573 1.617059 0.012465
0.000010 0.013573 1.617059 0.012465
0.000010 0.013573 1.617059 0.012465
0.000010 0.013573 1.617059 0.012465
0.000010 0.013573 1.617059 0.012465
