0.595735 0.009390 1.630250 0.009333
0.434436 0.009660 1.631743 0.009075
0.316950 0.009851 1.632231 0.008974
0.243365 0.010135 1.632576 0.008940
0.201678 0.010440 1.632759 0.008940
0.173370 0.010721 1.632570 0.008947
0.154480 0.010976 1.632133 0.008947
0.141551 0.011214 1.631534 0.008958
0.131613 0.011439 1.630759 0.008982
0.123604 0.011648 1.629780 0.009021
0.117202 0.011853 1.628602 0.009080
0.112005 0.012081 1.627329 0.009170
0.107356 0.012350 1.626189 0.009299
0.102946 0.012670 1.625484 0.009470
0.098707 0.013042 1.625531 0.009681
0.094763 0.013464 1.626623 0.009925
0.091261 0.013925 1.628977 0.010193
0.088254 0.014407 1.632701 0.010475
0.085708 0.014893 1.637779 0.010760
0.083502 0.015363 1.644067 0.011037
0.081511 0.015803 1.651314 0.011295
0.079631 0.016201 1.659189 0.011528
0.077784 0.016549 1.667320 0.011730
0.075926 0.016842 1.675329 0.011898
0.074055 0.017079 1.682865 0.012033
0.072184 0.017260 1.689634 0.012135
0.070332 0.017387 1.695414 0.012206
0.068499 0.017463 1.700062 0.012247
0.066688 0.017487 1.703508 0.012259
0.064912 0.017462 1.705751 0.012243
0.063163 0.017386 1.706841 0.012196
0.061448 0.017260 1.706870 0.012119
0.059765 0.017083 1.705958 0.012011
0.058118 0.016855 1.704243 0.011869
0.056519 0.016577 1.701870 0.011694
0.054981 0.016252 1.698985 0.011486
0.053519 0.015882 1.695726 0.011247
0.052147 0.015473 1.692219 0.010980
0.050865 0.015030 1.688577 0.010688
0.049661 0.014564 1.684891 0.010378
0.048512 0.014081 1.681235 0.010053
0.047400 0.013592 1.677666 0.009722
0.046311 0.013107 1.674224 0.009391
0.045238 0.012636 1.670943 0.009067
0.044191 0.012188 1.667843 0.008757
0.043171 0.011771 1.664939 0.008466
0.042187 0.011393 1.662237 0.008198
0.041242 0.011057 1.659740 0.007959
0.040337 0.010768 1.657446 0.007749
0.039471 0.010526 1.655346 0.007571
0.038638 0.010332 1.653430 0.007424
0.037834 0.010183 1.651685 0.007309
0.037053 0.010078 1.650095 0.007222
0.036294 0.010013 1.648645 0.007162
0.035554 0.009983 1.647317 0.007126
0.034834 0.009987 1.646093 0.007113
0.034136 0.010018 1.644959 0.007119
0.033459 0.010074 1.643903 0.007141
0.032797 0.010150 1.642914 0.007178
0.032145 0.010244 1.641982 0.007226
0.031498 0.010350 1.641099 0.007283
0.030852 0.010466 1.640259 0.007347
0.030203 0.010589 1.639455 0.007415
0.029552 0.010715 1.638685 0.007486
0.028899 0.010843 1.637946 0.007558
0.028249 0.010972 1.637235 0.007629
0.027604 0.011098 1.636549 0.007699
0.026971 0.011221 1.635889 0.007767
0.026355 0.011340 1.635253 0.007832
0.025758 0.011454 1.634642 0.007894
0.025184 0.011563 1.634057 0.007952
0.024635 0.011665 1.633497 0.008006
0.024110 0.011762 1.632964 0.008057
0.023607 0.011851 1.632459 0.008103
0.023123 0.011935 1.631983 0.008146
0.022656 0.012012 1.631535 0.008185
0.022201 0.012082 1.631117 0.008220
0.021756 0.012146 1.630729 0.008252
0.021320 0.012204 1.630372 0.008281
0.020896 0.012256 1.630045 0.008306
0.020483 0.012302 1.629750 0.008328
0.020082 0.012342 1.629485 0.008347
0.019694 0.012377 1.629251 0.008363
0.019324 0.012406 1.629047 0.008377
0.018974 0.012430 1.628871 0.008387
0.018646 0.012448 1.628723 0.008395
0.018341 0.012462 1.628601 0.008401
0.018059 0.012471 1.628504 0.008404
0.017799 0.012475 1.628430 0.008405
0.017557 0.012475 1.628377 0.008404
0.017336 0.012471 1.628346 0.008401
0.017130 0.012463 1.628333 0.008396
0.016935 0.012452 1.628338 0.008389
0.016747 0.012438 1.628361 0.008381
0.016565 0.012421 1.628400 0.008371
0.016385 0.012401 1.628453 0.008360
0.016206 0.012379 1.628521 0.008348
0.016026 0.012354 1.628601 0.008335
0.015845 0.012328 1.628693 0.008321
0.015661 0.012301 1.628795 0.008306
0.015474 0.012273 1.628908 0.008290
0.015282 0.012243 1.629028 0.008275
0.015087 0.012213 1.629156 0.008258
0.014889 0.012182 1.629290 0.008242
0.014688 0.012150 1.629430 0.008225
0.014485 0.012118 1.629575 0.008208
0.014282 0.012086 1.629724 0.008190
0.014078 0.012053 1.629877 0.008173
0.013877 0.012020 1.630032 0.008155
0.013679 0.011987 1.630190 0.008138
0.013486 0.011954 1.630349 0.008120
0.013298 0.011921 1.630508 0.008102
0.013117 0.011887 1.630666 0.008084
0.012942 0.011854 1.630823 0.008066
0.012775 0.011821 1.630978 0.008048
0.012615 0.011788 1.631130 0.008031
0.012463 0.011756 1.631278 0.008014
0.012318 0.011723 1.631423 0.007997
0.012182 0.011692 1.631562 0.007980
0.012054 0.011660 1.631696 0.007963
0.011933 0.011630 1.631825 0.007947
0.011818 0.011599 1.631949 0.007932
0.011708 0.011570 1.632066 0.007917
0.011604 0.011541 1.632178 0.007902
0.011504 0.011512 1.632283 0.007887
0.011408 0.011484 1.632383 0.007874
0.011315 0.011457 1.632476 0.007860
0.011223 0.011431 1.632563 0.007847
0.011132 0.011405 1.632645 0.007835
0.011042 0.011379 1.632720 0.007823
0.010951 0.011355 1.632789 0.007811
0.010859 0.011331 1.632853 0.007800
0.010767 0.011307 1.632912 0.007789
0.010675 0.011284 1.632965 0.007779
0.010582 0.011262 1.633013 0.007769
0.010489 0.011240 1.633056 0.007759
0.010397 0.011219 1.633094 0.007750
0.010306 0.011198 1.633128 0.007741
0.010216 0.011178 1.633158 0.007733
0.010129 0.011159 1.633183 0.007725
0.010044 0.011140 1.633205 0.007718
0.009963 0.011122 1.633222 0.007710
0.009885 0.011104 1.633237 0.007704
0.009810 0.011087 1.633248 0.007698
0.009740 0.011071 1.633256 0.007692
0.009676 0.011055 1.633261 0.007686
0.009617 0.011040 1.633263 0.007681
0.009561 0.011025 1.633264 0.007676
0.009510 0.011011 1.633262 0.007671
0.009462 0.010998 1.633258 0.007667
0.009417 0.010984 1.633253 0.007663
0.009376 0.010971 1.633246 0.007659
0.009336 0.010959 1.633238 0.007656
0.009298 0.010947 1.633229 0.007652
0.009261 0.010935 1.633219 0.007649
0.009225 0.010924 1.633209 0.007646
0.009188 0.010913 1.633197 0.007643
0.009151 0.010902 1.633186 0.007641
0.009113 0.010892 1.633173 0.007638
0.009073 0.010882 1.633161 0.007636
0.009030 0.010873 1.633148 0.007633
0.008986 0.010864 1.633136 0.007631
0.008937 0.010855 1.633123 0.007629
0.008886 0.010846 1.633110 0.007627
0.008832 0.010838 1.633097 0.007625
0.008775 0.010830 1.633084 0.007624
0.008717 0.010823 1.633072 0.007622
0.008656 0.010815 1.633060 0.007621
0.008594 0.010808 1.633048 0.007619
0.008530 0.010802 1.633036 0.007618
0.008466 0.010795 1.633024 0.007617
0.008401 0.010789 1.633013 0.007615
0.008337 0.010783 1.633002 0.007614
0.008273 0.010777 1.632991 0.007613
0.008211 0.010771 1.632981 0.007612
0.008156 0.010765 1.632972 0.007610
0.008102 0.010760 1.632962 0.007609
0.008051 0.010754 1.632954 0.007608
0.008001 0.010749 1.632946 0.007606
0.007953 0.010744 1.632939 0.007605
0.007908 0.010739 1.632933 0.007604
0.007866 0.010734 1.632927 0.007602
0.007826 0.010730 1.632923 0.007601
0.007790 0.010726 1.632919 0.007600
0.007758 0.010722 1.632917 0.007599
0.007729 0.010718 1.632915 0.007598
0.007704 0.010714 1.632914 0.007597
0.007681 0.010711 1.632914 0.007596
0.007661 0.010708 1.632914 0.007595
0.007644 0.010705 1.632916 0.007595
0.007629 0.010702 1.632918 0.007594
0.007615 0.010699 1.632921 0.007593
0.007604 0.010697 1.632925 0.007593
0.007594 0.010695 1.632929 0.007592
0.007585 0.010693 1.632934 0.007592
0.007577 0.010691 1.632939 0.007592
0.007571 0.010689 1.632944 0.007591
0.007564 0.010688 1.632949 0.007591
0.007559 0.010686 1.632955 0.007591
0.007554 0.010685 1.632960 0.007590
0.007550 0.010684 1.632965 0.007590
0.007546 0.010683 1.632970 0.007590
0.007542 0.010682 1.632975 0.007590
0.007538 0.010681 1.632979 0.007590
0.007536 0.010680 1.632984 0.007590
0.007534 0.010679 1.632988 0.007590
0.007532 0.010679 1.632992 0.007590
0.007531 0.010678 1.632997 0.007590
0.007528 0.010678 1.633002 0.007590
0.007527 0.010677 1.633007 0.007590
0.007527 0.010676 1.633013 0.007590
0.007527 0.010676 1.633018 0.007590
0.007529 0.010675 1.633024 0.007589
0.007532 0.010675 1.633031 0.007589
0.007536 0.010674 1.633037 0.007589
0.007541 0.010674 1.633044 0.007589
0.007547 0.010673 1.633051 0.007589
0.007554 0.010673 1.633058 0.007589
0.007561 0.010672 1.633065 0.007589
0.007570 0.010672 1.633073 0.007589
0.007578 0.010671 1.633080 0.007589
0.007587 0.010671 1.633086 0.007589
0.007596 0.010670 1.633093 0.007589
0.007605 0.010670 1.633099 0.007589
0.007614 0.010670 1.633105 0.007589
0.007623 0.010670 1.633111 0.007589
0.007631 0.010669 1.633117 0.007589
0.007639 0.010669 1.633122 0.007589
0.007647 0.010669 1.633126 0.007589
0.007654 0.010669 1.633131 0.007589
0.007660 0.010669 1.633135 0.007589
0.007666 0.010669 1.633139 0.007589
0.007671 0.010669 1.633142 0.007590
0.007675 0.010669 1.633145 0.007590
0.007678 0.010669 1.633148 0.007590
0.007680 0.010669 1.633151 0.007590
0.007681 0.010669 1.633153 0.007591
0.007681 0.010669 1.633155 0.007591
0.007680 0.010669 1.633157 0.007591
0.007678 0.010669 1.633159 0.007591
0.007674 0.010669 1.633160 0.007592
0.007669 0.010669 1.633161 0.007592
0.007662 0.010669 1.633162 0.007592
0.007654 0.010669 1.633163 0.007592
0.007645 0.010669 1.633164 0.007593
0.007634 0.010670 1.633164 0.007593
0.007621 0.010669 1.633164 0.007593
0.007607 0.010669 1.633164 0.007593
0.007592 0.010669 1.633164 0.007593
0.007575 0.010669 1.633163 0.007594
0.007556 0.010669 1.633162 0.007594
0.007536 0.010669 1.633162 0.007594
0.007515 0.010669 1.633161 0.007594
0.007492 0.010669 1.633160 0.007594
0.007468 0.010669 1.633158 0.007594
0.007442 0.010669 1.633157 0.007594
0.007416 0.010668 1.633155 0.007594
0.007388 0.010668 1.633154 0.007595
0.007360 0.010668 1.633152 0.007595
0.007331 0.010668 1.633150 0.007595
0.007301 0.010668 1.633148 0.007595
0.007270 0.010667 1.633146 0.007595
0.007238 0.010667 1.633144 0.007595
0.007207 0.010667 1.633142 0.007595
0.007174 0.010666 1.633140 0.007595
0.007142 0.010666 1.633137 0.007595
0.007109 0.010665 1.633135 0.007594
0.007077 0.010665 1.633133 0.007594
0.007044 0.010665 1.633131 0.007594
0.007011 0.010664 1.633128 0.007594
0.006979 0.010664 1.633126 0.007594
0.006947 0.010663 1.633124 0.007594
0.006914 0.010663 1.633121 0.007594
0.006883 0.010662 1.633119 0.007593
0.006851 0.010662 1.633117 0.007593
0.006820 0.010661 1.633115 0.007593
0.006790 0.010660 1.633113 0.007593
0.006760 0.010660 1.633110 0.007593
0.006730 0.010659 1.633108 0.007592
0.006701 0.010659 1.633106 0.007592
0.006671 0.010658 1.633104 0.007592
0.006643 0.010657 1.633102 0.007592
0.006614 0.010657 1.633101 0.007591
0.006586 0.010656 1.633099 0.007591
0.006558 0.010655 1.633097 0.007591
0.006531 0.010655 1.633095 0.007590
0.006503 0.010654 1.633094 0.007590
0.006475 0.010653 1.633092 0.007590
0.006448 0.010653 1.633090 0.007589
0.006420 0.010652 1.633089 0.007589
0.006392 0.010651 1.633087 0.007589
0.006364 0.010651 1.633086 0.007588
0.006336 0.010650 1.633084 0.007588
0.006307 0.010649 1.633083 0.007588
0.006278 0.010649 1.633081 0.007588
0.006249 0.010648 1.633080 0.007587
0.006219 0.010648 1.633078 0.007587
0.006189 0.010647 1.633077 0.007587
0.006158 0.010647 1.633076 0.007586
0.006127 0.010646 1.633074 0.007586
0.006096 0.010645 1.633073 0.007586
0.006064 0.010645 1.633072 0.007586
0.006032 0.010644 1.633071 0.007585
0.006000 0.010644 1.633070 0.007585
0.005967 0.010643 1.633069 0.007585
0.005934 0.010642 1.633068 0.007584
0.005900 0.010642 1.633067 0.007584
0.005867 0.010641 1.633066 0.007584
0.005833 0.010640 1.633066 0.007583
0.005800 0.010640 1.633065 0.007583
0.005766 0.010639 1.633065 0.007583
0.005732 0.010638 1.633064 0.007582
0.005699 0.010638 1.633064 0.007582
0.005666 0.010637 1.633063 0.007581
0.005633 0.010636 1.633063 0.007581
0.005600 0.010635 1.633063 0.007581
0.005568 0.010635 1.633063 0.007580
0.005537 0.010634 1.633063 0.007580
0.005506 0.010633 1.633063 0.007579
0.005476 0.010632 1.633063 0.007579
0.005447 0.010632 1.633063 0.007579
0.005419 0.010631 1.633063 0.007578
0.005392 0.010630 1.633062 0.007578
0.005365 0.010629 1.633062 0.007577
0.005340 0.010629 1.633062 0.007577
0.005316 0.010628 1.633062 0.007577
0.005294 0.010627 1.633062 0.007576
0.005272 0.010627 1.633061 0.007576
0.005252 0.010626 1.633061 0.007576
0.005233 0.010625 1.633060 0.007575
0.005215 0.010625 1.633059 0.007575
0.005198 0.010624 1.633059 0.007575
0.005182 0.010623 1.633058 0.007574
0.005168 0.010623 1.633057 0.007574
0.005155 0.010622 1.633057 0.007574
0.005143 0.010621 1.633056 0.007573
0.005132 0.010621 1.633056 0.007573
0.005122 0.010620 1.633055 0.007573
0.005112 0.010619 1.633055 0.007572
0.005104 0.010618 1.633055 0.007572
0.005097 0.010618 1.633054 0.007571
0.005090 0.010617 1.633054 0.007571
0.005084 0.010616 1.633054 0.007571
0.005079 0.010615 1.633054 0.007570
0.005074 0.010615 1.633054 0.007570
0.005070 0.010614 1.633053 0.007570
0.005066 0.010613 1.633053 0.007569
0.005063 0.010612 1.633052 0.007569
0.005060 0.010612 1.633051 0.007569
0.005057 0.010611 1.633051 0.007568
0.005054 0.010610 1.633050 0.007568
0.005051 0.010610 1.633049 0.007568
0.005049 0.010609 1.633048 0.007567
0.005046 0.010608 1.633047 0.007567
0.005043 0.010607 1.633046 0.007567
0.005041 0.010607 1.633046 0.007566
0.005038 0.010606 1.633045 0.007566
0.005035 0.010605 1.633044 0.007566
0.005032 0.010604 1.633044 0.007565
0.005029 0.010604 1.633044 0.007565
0.005026 0.010603 1.633043 0.007565
0.005023 0.010602 1.633043 0.007564
0.005019 0.010601 1.633043 0.007564
0.005015 0.010601 1.633042 0.007564
0.005011 0.010600 1.633042 0.007563
0.005007 0.010599 1.633042 0.007563
0.005002 0.010598 1.633042 0.007563
0.004998 0.010598 1.633042 0.007562
0.004993 0.010597 1.633042 0.007562
0.004987 0.010596 1.633042 0.007562
0.004982 0.010595 1.633042 0.007561
0.004976 0.010595 1.633042 0.007561
0.004970 0.010594 1.633042 0.007561
0.004963 0.010593 1.633042 0.007560
0.004957 0.010592 1.633042 0.007560
0.004950 0.010592 1.633042 0.007560
0.004943 0.010591 1.633042 0.007559
0.004935 0.010590 1.633042 0.007559
0.004927 0.010590 1.633042 0.007559
0.004919 0.010589 1.633042 0.007558
0.004911 0.010588 1.633042 0.007558
0.004902 0.010588 1.633042 0.007558
0.004893 0.010587 1.633042 0.007558
0.004883 0.010586 1.633042 0.007557
0.004874 0.010585 1.633042 0.007557
0.004863 0.010585 1.633042 0.007557
0.004853 0.010584 1.633042 0.007557
0.004842 0.010584 1.633042 0.007556
0.004831 0.010583 1.633042 0.007556
0.004820 0.010582 1.633042 0.007556
0.004808 0.010582 1.633042 0.007555
0.004796 0.010581 1.633042 0.007555
0.004784 0.010580 1.633042 0.007555
0.004771 0.010580 1.633042 0.007555
0.004758 0.010579 1.633041 0.007554
0.004745 0.010578 1.633041 0.007554
0.004731 0.010578 1.633041 0.007554
0.004718 0.010577 1.633041 0.007554
0.004703 0.010577 1.633041 0.007554
0.004689 0.010576 1.633041 0.007553
0.004674 0.010575 1.633041 0.007553
0.004659 0.010575 1.633041 0.007553
0.004644 0.010574 1.633041 0.007553
0.004629 0.010574 1.633040 0.007552
0.004613 0.010573 1.633040 0.007552
0.004597 0.010572 1.633040 0.007552
0.004580 0.010572 1.633040 0.007552
0.004564 0.010571 1.633039 0.007552
0.004547 0.010571 1.633039 0.007551
0.004529 0.010570 1.633039 0.007551
0.004511 0.010570 1.633038 0.007551
0.004493 0.010569 1.633038 0.007551
0.004475 0.010569 1.633038 0.007551
0.004456 0.010568 1.633037 0.007550
0.004436 0.010568 1.633037 0.007550
0.004416 0.010567 1.633037 0.007550
0.004396 0.010567 1.633036 0.007550
0.004376 0.010566 1.633036 0.007550
0.004355 0.010566 1.633036 0.007550
0.004333 0.010565 1.633035 0.007549
0.004311 0.010565 1.633035 0.007549
0.004289 0.010564 1.633035 0.007549
0.004266 0.010564 1.633035 0.007549
0.004243 0.010563 1.633034 0.007549
0.004219 0.010563 1.633034 0.007548
0.004195 0.010562 1.633034 0.007548
0.004170 0.010562 1.633034 0.007548
0.004145 0.010562 1.633033 0.007548
0.004119 0.010561 1.633033 0.007548
0.004093 0.010561 1.633033 0.007548
0.004066 0.010560 1.633033 0.007548
0.004038 0.010560 1.633032 0.007547
0.004011 0.010559 1.633032 0.007547
0.003982 0.010559 1.633032 0.007547
0.003954 0.010559 1.633031 0.007547
0.003924 0.010558 1.633031 0.007547
0.003895 0.010558 1.633031 0.007547
0.003865 0.010557 1.633031 0.007547
0.003834 0.010557 1.633030 0.007546
0.003803 0.010557 1.633030 0.007546
0.003772 0.010556 1.633030 0.007546
0.003740 0.010556 1.633029 0.007546
0.003708 0.010556 1.633029 0.007546
0.003676 0.010555 1.633029 0.007546
0.003644 0.010555 1.633029 0.007546
0.003611 0.010555 1.633028 0.007546
0.003578 0.010554 1.633028 0.007546
0.003544 0.010554 1.633028 0.007546
0.003511 0.010554 1.633028 0.007545
0.003477 0.010554 1.633027 0.007545
0.003443 0.010553 1.633027 0.007545
0.003409 0.010553 1.633027 0.007545
0.003375 0.010553 1.633026 0.007545
0.003341 0.010552 1.633026 0.007545
0.003307 0.010552 1.633026 0.007545
0.003273 0.010552 1.633026 0.007545
0.003239 0.010552 1.633025 0.007545
0.003206 0.010551 1.633025 0.007545
0.003172 0.010551 1.633025 0.007545
0.003139 0.010551 1.633025 0.007545
0.003105 0.010551 1.633024 0.007545
0.003072 0.010551 1.633024 0.007545
0.003040 0.010550 1.633024 0.007544
0.003007 0.010550 1.633023 0.007544
0.002976 0.010550 1.633023 0.007544
0.002944 0.010550 1.633023 0.007544
0.002913 0.010550 1.633023 0.007544
0.002882 0.010549 1.633022 0.007544
0.002852 0.010549 1.633022 0.007544
0.002822 0.010549 1.633022 0.007544
0.002793 0.010549 1.633021 0.007544
0.002765 0.010549 1.633021 0.007544
0.002737 0.010548 1.633021 0.007544
0.002710 0.010548 1.633021 0.007544
0.002683 0.010548 1.633020 0.007544
0.002657 0.010548 1.633020 0.007544
0.002631 0.010548 1.633020 0.007544
0.002607 0.010548 1.633019 0.007544
0.002583 0.010547 1.633019 0.007544
0.002559 0.010547 1.633019 0.007544
0.002537 0.010547 1.633018 0.007544
0.002515 0.010547 1.633018 0.007544
0.002493 0.010547 1.633018 0.007544
0.002473 0.010547 1.633017 0.007544
0.002453 0.010547 1.633017 0.007544
0.002434 0.010546 1.633017 0.007544
0.002415 0.010546 1.633017 0.007544
0.002397 0.010546 1.633016 0.007544
0.002380 0.010546 1.633016 0.007544
0.002363 0.010546 1.633016 0.007544
0.002347 0.010546 1.633015 0.007544
0.002331 0.010546 1.633015 0.007544
0.002316 0.010546 1.633015 0.007544
0.002302 0.010546 1.633014 0.007544
0.002288 0.010545 1.633014 0.007543
0.002275 0.010545 1.633014 0.007543
0.002262 0.010545 1.633013 0.007543
0.002249 0.010545 1.633013 0.007543
0.002237 0.010545 1.633013 0.007543
0.002226 0.010545 1.633012 0.007543
0.002215 0.010545 1.633012 0.007543
0.002204 0.010545 1.633012 0.007543
0.002193 0.010545 1.633011 0.007543
0.002183 0.010545 1.633011 0.007543
0.002173 0.010545 1.633011 0.007543
0.002164 0.010544 1.633011 0.007543
0.002155 0.010544 1.633010 0.007543
0.002146 0.010544 1.633010 0.007543
0.002137 0.010544 1.633010 0.007543
0.002128 0.010544 1.633009 0.007543
0.002120 0.010544 1.633009 0.007543
0.002112 0.010544 1.633009 0.007543
0.002104 0.010544 1.633008 0.007543
0.002096 0.010544 1.633008 0.007543
0.002089 0.010544 1.633008 0.007543
0.002081 0.010544 1.633008 0.007543
0.002074 0.010544 1.633007 0.007543
0.002067 0.010544 1.633007 0.007543
0.002060 0.010544 1.633007 0.007543
0.002053 0.010544 1.633006 0.007544
0.002046 0.010544 1.633006 0.007544
0.002040 0.010544 1.633006 0.007544
0.002034 0.010544 1.633006 0.007544
0.002028 0.010544 1.633005 0.007544
0.002022 0.010544 1.633005 0.007544
0.002016 0.010544 1.633005 0.007544
0.002010 0.010543 1.633004 0.007544
0.002004 0.010543 1.633004 0.007544
0.001999 0.010543 1.633004 0.007544
0.001993 0.010543 1.633004 0.007544
0.001988 0.010543 1.633003 0.007544
0.001982 0.010543 1.633003 0.007544
0.001977 0.010543 1.633003 0.007544
0.001971 0.010543 1.633002 0.007544
0.001966 0.010543 1.633002 0.007544
0.001961 0.010543 1.633002 0.007544
0.001956 0.010543 1.633002 0.007544
0.001951 0.010543 1.633001 0.007544
0.001946 0.010543 1.633001 0.007544
0.001941 0.010543 1.633001 0.007544
0.001936 0.010543 1.633001 0.007544
0.001932 0.010543 1.633000 0.007544
0.001927 0.010543 1.633000 0.007544
0.001923 0.010543 1.633000 0.007544
0.001918 0.010543 1.633000 0.007544
0.001914 0.010543 1.632999 0.007544
0.001910 0.010543 1.632999 0.007544
0.001906 0.010543 1.632999 0.007544
0.001902 0.010543 1.632999 0.007544
0.001898 0.010543 1.632998 0.007544
0.001894 0.010543 1.632998 0.007544
0.001891 0.010543 1.632998 0.007544
0.001887 0.010543 1.632998 0.007544
0.001884 0.010543 1.632998 0.007544
0.001881 0.010543 1.632997 0.007544
0.001877 0.010543 1.632997 0.007544
0.001874 0.010543 1.632997 0.007544
0.001871 0.010543 1.632997 0.007544
0.001868 0.010543 1.632996 0.007544
0.001865 0.010544 1.632996 0.007544
0.001862 0.010544 1.632996 0.007544
0.001860 0.010544 1.632996 0.007545
0.001857 0.010544 1.632996 0.007545
0.001854 0.010544 1.632995 0.007545
0.001852 0.010544 1.632995 0.007545
0.001850 0.010544 1.632995 0.007545
0.001848 0.010544 1.632995 0.007545
0.001845 0.010544 1.632995 0.007545
0.001843 0.010544 1.632994 0.007545
0.001841 0.010544 1.632994 0.007545
0.001839 0.010544 1.632994 0.007545
0.001837 0.010544 1.632994 0.007545
0.001835 0.010544 1.632994 0.007545
0.001833 0.010544 1.632993 0.007545
0.001831 0.010544 1.632993 0.007545
0.001829 0.010544 1.632993 0.007545
0.001827 0.010544 1.632993 0.007545
0.001825 0.010544 1.632993 0.007545
0.001823 0.010544 1.632992 0.007545
0.001821 0.010544 1.632992 0.007545
0.001819 0.010544 1.632992 0.007545
0.001818 0.010544 1.632992 0.007545
0.001816 0.010544 1.632992 0.007545
0.001814 0.010544 1.632992 0.007545
0.001813 0.010544 1.632991 0.007545
0.001811 0.010544 1.632991 0.007545
0.001810 0.010545 1.632991 0.007546
0.001809 0.010545 1.632991 0.007546
0.001807 0.010545 1.632991 0.007546
0.001806 0.010545 1.632991 0.007546
0.001805 0.010545 1.632990 0.007546
0.001804 0.010545 1.632990 0.007546
0.001803 0.010545 1.632990 0.007546
0.001802 0.010545 1.632990 0.007546
0.001801 0.010545 1.632990 0.007546
0.001800 0.010545 1.632990 0.007546
0.001799 0.010545 1.632989 0.007546
0.001798 0.010545 1.632989 0.007546
0.001797 0.010545 1.632989 0.007546
0.001796 0.010545 1.632989 0.007546
0.001796 0.010545 1.632989 0.007546
0.001795 0.010545 1.632989 0.007546
0.001794 0.010545 1.632988 0.007546
0.001794 0.010545 1.632988 0.007546
0.001793 0.010545 1.632988 0.007546
0.001793 0.010545 1.632988 0.007546
0.001792 0.010546 1.632988 0.007546
0.001792 0.010546 1.632988 0.007547
0.001791 0.010546 1.632988 0.007547
0.001791 0.010546 1.632987 0.007547
0.001790 0.010546 1.632987 0.007547
0.001790 0.010546 1.632987 0.007547
0.001789 0.010546 1.632987 0.007547
0.001789 0.010546 1.632987 0.007547
0.001789 0.010546 1.632987 0.007547
0.001788 0.010546 1.632987 0.007547
0.001788 0.010546 1.632986 0.007547
0.001788 0.010546 1.632986 0.007547
0.001787 0.010546 1.632986 0.007547
0.001787 0.010546 1.632986 0.007547
0.001786 0.010546 1.632986 0.007547
0.001786 0.010546 1.632986 0.007547
0.001785 0.010546 1.632986 0.007547
0.001785 0.010546 1.632986 0.007547
0.001784 0.010547 1.632985 0.007547
0.001784 0.010547 1.632985 0.007547
0.001783 0.010547 1.632985 0.007547
0.001782 0.010547 1.632985 0.007548
0.001782 0.010547 1.632985 0.007548
0.001781 0.010547 1.632985 0.007548
0.001780 0.010547 1.632985 0.007548
0.001779 0.010547 1.632985 0.007548
0.001778 0.010547 1.632984 0.007548
0.001777 0.010547 1.632984 0.007548
0.001775 0.010547 1.632984 0.007548
0.001774 0.010547 1.632984 0.007548
0.001772 0.010547 1.632984 0.007548
0.001771 0.010547 1.632984 0.007548
0.001769 0.010547 1.632984 0.007548
0.001767 0.010547 1.632984 0.007548
0.001765 0.010548 1.632983 0.007548
0.001763 0.010548 1.632983 0.007548
0.001761 0.010548 1.632983 0.007548
0.001758 0.010548 1.632983 0.007548
0.001755 0.010548 1.632983 0.007548
0.001753 0.010548 1.632983 0.007548
0.001750 0.010548 1.632983 0.007549
0.001747 0.010548 1.632983 0.007549
0.001743 0.010548 1.632983 0.007549
0.001740 0.010548 1.632982 0.007549
0.001736 0.010548 1.632982 0.007549
0.001733 0.010548 1.632982 0.007549
0.001729 0.010548 1.632982 0.007549
0.001725 0.010548 1.632982 0.007549
0.001720 0.010548 1.632982 0.007549
0.001716 0.010548 1.632982 0.007549
0.001712 0.010549 1.632982 0.007549
0.001707 0.010549 1.632982 0.007549
0.001702 0.010549 1.632981 0.007549
0.001697 0.010549 1.632981 0.007549
0.001691 0.010549 1.632981 0.007549
0.001686 0.010549 1.632981 0.007549
0.001680 0.010549 1.632981 0.007549
0.001675 0.010549 1.632981 0.007549
0.001669 0.010549 1.632981 0.007549
0.001663 0.010549 1.632980 0.007550
0.001656 0.010549 1.632980 0.007550
0.001650 0.010549 1.632980 0.007550
0.001643 0.010549 1.632980 0.007550
0.001637 0.010549 1.632980 0.007550
0.001630 0.010549 1.632980 0.007550
0.001623 0.010549 1.632980 0.007550
0.001615 0.010549 1.632979 0.007550
0.001608 0.010550 1.632979 0.007550
0.001600 0.010550 1.632979 0.007550
0.001593 0.010550 1.632979 0.007550
0.001585 0.010550 1.632979 0.007550
0.001577 0.010550 1.632979 0.007550
0.001569 0.010550 1.632979 0.007550
0.001561 0.010550 1.632979 0.007550
0.001553 0.010550 1.632978 0.007550
0.001544 0.010550 1.632978 0.007550
0.001536 0.010550 1.632978 0.007550
0.001527 0.010550 1.632978 0.007550
0.001518 0.010550 1.632978 0.007550
0.001509 0.010550 1.632978 0.007551
0.001500 0.010550 1.632978 0.007551
0.001491 0.010550 1.632978 0.007551
0.001482 0.010550 1.632977 0.007551
0.001473 0.010551 1.632977 0.007551
0.001463 0.010551 1.632977 0.007551
0.001454 0.010551 1.632977 0.007551
0.001444 0.010551 1.632977 0.007551
0.001435 0.010551 1.632977 0.007551
0.001425 0.010551 1.632977 0.007551
0.001415 0.010551 1.632977 0.007551
0.001405 0.010551 1.632977 0.007551
0.001396 0.010551 1.632977 0.007551
0.001386 0.010551 1.632976 0.007551
0.001376 0.010551 1.632976 0.007551
0.001366 0.010551 1.632976 0.007551
0.001356 0.010551 1.632976 0.007551
0.001346 0.010551 1.632976 0.007551
0.001336 0.010551 1.632976 0.007551
0.001325 0.010552 1.632976 0.007551
0.001315 0.010552 1.632976 0.007552
0.001305 0.010552 1.632976 0.007552
0.001295 0.010552 1.632976 0.007552
0.001285 0.010552 1.632976 0.007552
0.001274 0.010552 1.632976 0.007552
0.001264 0.010552 1.632975 0.007552
0.001254 0.010552 1.632975 0.007552
0.001244 0.010552 1.632975 0.007552
0.001233 0.010552 1.632975 0.007552
0.001223 0.010552 1.632975 0.007552
0.001213 0.010552 1.632975 0.007552
0.001203 0.010552 1.632975 0.007552
0.001192 0.010552 1.632975 0.007552
0.001182 0.010552 1.632975 0.007552
0.001172 0.010553 1.632975 0.007552
0.001162 0.010553 1.632975 0.007552
0.001152 0.010553 1.632975 0.007552
0.001141 0.010553 1.632974 0.007552
0.001131 0.010553 1.632974 0.007552
0.001121 0.010553 1.632974 0.007552
0.001111 0.010553 1.632974 0.007553
0.001101 0.010553 1.632974 0.007553
0.001091 0.010553 1.632974 0.007553
0.001081 0.010553 1.632974 0.007553
0.001072 0.010553 1.632974 0.007553
0.001062 0.010553 1.632974 0.007553
0.001052 0.010553 1.632974 0.007553
0.001042 0.010553 1.632974 0.007553
0.001033 0.010553 1.632974 0.007553
0.001023 0.010554 1.632974 0.007553
0.001013 0.010554 1.632974 0.007553
0.001004 0.010554 1.632973 0.007553
0.000995 0.010554 1.632973 0.007553
0.000985 0.010554 1.632973 0.007553
0.000976 0.010554 1.632973 0.007553
0.000967 0.010554 1.632973 0.007553
0.000958 0.010554 1.632973 0.007553
0.000949 0.010554 1.632973 0.007553
0.000940 0.010554 1.632973 0.007553
0.000931 0.010554 1.632973 0.007553
0.000922 0.010554 1.632973 0.007553
0.000913 0.010554 1.632973 0.007553
0.000904 0.010554 1.632973 0.007554
0.000896 0.010554 1.632973 0.007554
0.000887 0.010554 1.632972 0.007554
0.000879 0.010554 1.632972 0.007554
0.000871 0.010555 1.632972 0.007554
0.000862 0.010555 1.632972 0.007554
0.000854 0.010555 1.632972 0.007554
0.000846 0.010555 1.632972 0.007554
0.000838 0.010555 1.632972 0.007554
0.000830 0.010555 1.632972 0.007554
0.000822 0.010555 1.632972 0.007554
0.000815 0.010555 1.632972 0.007554
0.000807 0.010555 1.632972 0.007554
0.000800 0.010555 1.632972 0.007554
0.000792 0.010555 1.632972 0.007554
0.000785 0.010555 1.632972 0.007554
0.000778 0.010555 1.632971 0.007554
0.000770 0.010555 1.632971 0.007554
0.000763 0.010555 1.632971 0.007554
0.000756 0.010555 1.632971 0.007554
0.000750 0.010555 1.632971 0.007554
0.000743 0.010556 1.632971 0.007554
0.000736 0.010556 1.632971 0.007554
0.000730 0.010556 1.632971 0.007554
0.000723 0.010556 1.632971 0.007555
0.000717 0.010556 1.632971 0.007555
0.000711 0.010556 1.632971 0.007555
0.000705 0.010556 1.632971 0.007555
0.000699 0.010556 1.632970 0.007555
0.000693 0.010556 1.632970 0.007555
0.000687 0.010556 1.632970 0.007555
0.000681 0.010556 1.632970 0.007555
0.000676 0.010556 1.632970 0.007555
0.000670 0.010556 1.632970 0.007555
0.000665 0.010556 1.632970 0.007555
0.000659 0.010556 1.632970 0.007555
0.000654 0.010556 1.632970 0.007555
0.000649 0.010556 1.632970 0.007555
0.000644 0.010556 1.632970 0.007555
0.000639 0.010556 1.632969 0.007555
0.000634 0.010556 1.632969 0.007555
0.000630 0.010556 1.632969 0.007555
0.000625 0.010557 1.632969 0.007555
0.000621 0.010557 1.632969 0.007555
0.000616 0.010557 1.632969 0.007555
0.000612 0.010557 1.632969 0.007555
0.000608 0.010557 1.632969 0.007555
0.000604 0.010557 1.632969 0.007555
0.000600 0.010557 1.632969 0.007555
0.000596 0.010557 1.632969 0.007555
0.000592 0.010557 1.632969 0.007555
0.000588 0.010557 1.632968 0.007556
0.000585 0.010557 1.632968 0.007556
0.000581 0.010557 1.632968 0.007556
0.000578 0.010557 1.632968 0.007556
0.000575 0.010557 1.632968 0.007556
0.000571 0.010557 1.632968 0.007556
0.000568 0.010557 1.632968 0.007556
0.000565 0.010557 1.632968 0.007556
0.000562 0.010557 1.632968 0.007556
0.000559 0.010558 1.632968 0.007556
0.000556 0.010558 1.632967 0.007556
0.000554 0.010558 1.632967 0.007556
0.000551 0.010558 1.632967 0.007556
0.000549 0.010558 1.632967 0.007556
0.000546 0.010558 1.632967 0.007556
0.000544 0.010558 1.632967 0.007556
0.000541 0.010558 1.632967 0.007556
0.000539 0.010558 1.632967 0.007556
0.000537 0.010558 1.632967 0.007556
0.000535 0.010558 1.632967 0.007556
0.000533 0.010558 1.632966 0.007556
0.000531 0.010558 1.632966 0.007556
0.000529 0.010558 1.632966 0.007557
0.000527 0.010558 1.632966 0.007557
0.000525 0.010559 1.632966 0.007557
0.000524 0.010559 1.632966 0.007557
0.000522 0.010559 1.632966 0.007557
0.000520 0.010559 1.632966 0.007557
0.000519 0.010559 1.632966 0.007557
0.000517 0.010559 1.632966 0.007557
0.000516 0.010559 1.632965 0.007557
0.000514 0.010559 1.632965 0.007557
0.000513 0.010559 1.632965 0.007557
0.000512 0.010559 1.632965 0.007557
0.000511 0.010559 1.632965 0.007557
0.000509 0.010559 1.632965 0.007557
0.000508 0.010559 1.632965 0.007557
0.000507 0.010559 1.632965 0.007557
0.000506 0.010559 1.632965 0.007557
0.000505 0.010559 1.632965 0.007557
0.000504 0.010559 1.632965 0.007557
0.000503 0.010560 1.632964 0.007557
0.000502 0.010560 1.632964 0.007557
0.000501 0.010560 1.632964 0.007557
0.000500 0.010560 1.632964 0.007557
0.000499 0.010560 1.632964 0.007557
0.000498 0.010560 1.632964 0.007558
0.000498 0.010560 1.632964 0.007558
0.000497 0.010560 1.632964 0.007558
0.000496 0.010560 1.632964 0.007558
0.000495 0.010560 1.632964 0.007558
0.000495 0.010560 1.632964 0.007558
0.000494 0.010560 1.632964 0.007558
0.000493 0.010560 1.632963 0.007558
0.000493 0.010560 1.632963 0.007558
0.000492 0.010560 1.632963 0.007558
0.000491 0.010560 1.632963 0.007558
0.000491 0.010560 1.632963 0.007558
0.000490 0.010560 1.632963 0.007558
0.000489 0.010560 1.632963 0.007558
0.000489 0.010560 1.632963 0.007558
0.000488 0.010560 1.632963 0.007558
0.000488 0.010560 1.632963 0.007558
0.000487 0.010561 1.632963 0.007558
0.000486 0.010561 1.632963 0.007558
0.000486 0.010561 1.632963 0.007558
0.000485 0.010561 1.632963 0.007558
0.000485 0.010561 1.632962 0.007558
0.000484 0.010561 1.632962 0.007558
0.000483 0.010561 1.632962 0.007558
0.000483 0.010561 1.632962 0.007558
0.000482 0.010561 1.632962 0.007558
0.000482 0.010561 1.632962 0.007558
0.000481 0.010561 1.632962 0.007558
0.000481 0.010561 1.632962 0.007558
0.000480 0.010561 1.632962 0.007558
0.000479 0.010561 1.632962 0.007558
0.000479 0.010561 1.632962 0.007558
0.000478 0.010561 1.632962 0.007559
0.000478 0.010561 1.632962 0.007559
0.000477 0.010561 1.632962 0.007559
0.000476 0.010561 1.632962 0.007559
0.000476 0.010561 1.632962 0.007559
0.000475 0.010561 1.632961 0.007559
0.000475 0.010561 1.632961 0.007559
0.000474 0.010561 1.632961 0.007559
0.000473 0.010561 1.632961 0.007559
0.000473 0.010561 1.632961 0.007559
0.000472 0.010561 1.632961 0.007559
0.000471 0.010561 1.632961 0.007559
0.000471 0.010561 1.632961 0.007559
0.000470 0.010562 1.632961 0.007559
0.000469 0.010562 1.632961 0.007559
0.000469 0.010562 1.632961 0.007559
0.000468 0.010562 1.632961 0.007559
0.000467 0.010562 1.632961 0.007559
0.000467 0.010562 1.632961 0.007559
0.000466 0.010562 1.632961 0.007559
0.000465 0.010562 1.632961 0.007559
0.000465 0.010562 1.632961 0.007559
0.000464 0.010562 1.632961 0.007559
0.000463 0.010562 1.632961 0.007559
0.000462 0.010562 1.632960 0.007559
0.000461 0.010562 1.632960 0.007559
0.000461 0.010562 1.632960 0.007559
0.000460 0.010562 1.632960 0.007559
0.000459 0.010562 1.632960 0.007559
0.000458 0.010562 1.632960 0.007559
0.000457 0.010562 1.632960 0.007559
0.000457 0.010562 1.632960 0.007559
0.000456 0.010562 1.632960 0.007559
0.000455 0.010562 1.632960 0.007559
0.000454 0.010562 1.632960 0.007559
0.000453 0.010562 1.632960 0.007559
0.000452 0.010562 1.632960 0.007559
0.000451 0.010562 1.632960 0.007559
0.000450 0.010562 1.632960 0.007559
0.000450 0.010562 1.632960 0.007559
0.000449 0.010562 1.632960 0.007559
0.000448 0.010562 1.632960 0.007560
0.000447 0.010562 1.632960 0.007560
0.000446 0.010562 1.632960 0.007560
0.000445 0.010562 1.632960 0.007560
0.000444 0.010562 1.632959 0.007560
0.000443 0.010563 1.632959 0.007560
0.000442 0.010563 1.632959 0.007560
0.000441 0.010563 1.632959 0.007560
0.000440 0.010563 1.632959 0.007560
0.000439 0.010563 1.632959 0.007560
0.000438 0.010563 1.632959 0.007560
0.000437 0.010563 1.632959 0.007560
0.000436 0.010563 1.632959 0.007560
0.000435 0.010563 1.632959 0.007560
0.000434 0.010563 1.632959 0.007560
0.000433 0.010563 1.632959 0.007560
0.000432 0.010563 1.632959 0.007560
0.000430 0.010563 1.632959 0.007560
0.000429 0.010563 1.632959 0.007560
0.000428 0.010563 1.632959 0.007560
0.000427 0.010563 1.632959 0.007560
0.000426 0.010563 1.632959 0.007560
0.000425 0.010563 1.632959 0.007560
0.000424 0.010563 1.632959 0.007560
0.000423 0.010563 1.632959 0.007560
0.000422 0.010563 1.632959 0.007560
0.000420 0.010563 1.632959 0.007560
0.000419 0.010563 1.632958 0.007560
0.000418 0.010563 1.632958 0.007560
0.000417 0.010563 1.632958 0.007560
0.000416 0.010563 1.632958 0.007560
0.000415 0.010563 1.632958 0.007560
0.000413 0.010563 1.632958 0.007560
0.000412 0.010563 1.632958 0.007560
0.000411 0.010563 1.632958 0.007560
0.000410 0.010563 1.632958 0.007560
0.000409 0.010563 1.632958 0.007560
0.000408 0.010563 1.632958 0.007560
0.000406 0.010563 1.632958 0.007560
0.000405 0.010563 1.632958 0.007560
0.000404 0.010563 1.632958 0.007560
0.000403 0.010563 1.632958 0.007560
0.000402 0.010563 1.632958 0.007560
0.000400 0.010563 1.632958 0.007560
0.000399 0.010563 1.632958 0.007560
0.000398 0.010563 1.632958 0.007560
0.000397 0.010564 1.632958 0.007560
0.000395 0.010564 1.632958 0.007560
0.000394 0.010564 1.632958 0.007560
0.000393 0.010564 1.632958 0.007560
0.000392 0.010564 1.632958 0.007560
0.000391 0.010564 1.632958 0.007560
0.000389 0.010564 1.632958 0.007561
0.000388 0.010564 1.632957 0.007561
0.000387 0.010564 1.632957 0.007561
0.000386 0.010564 1.632957 0.007561
0.000384 0.010564 1.632957 0.007561
0.000383 0.010564 1.632957 0.007561
0.000382 0.010564 1.632957 0.007561
0.000381 0.010564 1.632957 0.007561
0.000379 0.010564 1.632957 0.007561
0.000378 0.010564 1.632957 0.007561
0.000377 0.010564 1.632957 0.007561
0.000376 0.010564 1.632957 0.007561
0.000375 0.010564 1.632957 0.007561
0.000373 0.010564 1.632957 0.007561
0.000372 0.010564 1.632957 0.007561
0.000371 0.010564 1.632957 0.007561
0.000370 0.010564 1.632957 0.007561
0.000368 0.010564 1.632957 0.007561
0.000367 0.010564 1.632957 0.007561
0.000366 0.010564 1.632957 0.007561
0.000365 0.010564 1.632957 0.007561
0.000364 0.010564 1.632957 0.007561
0.000362 0.010564 1.632957 0.007561
0.000361 0.010564 1.632957 0.007561
0.000360 0.010564 1.632957 0.007561
0.000359 0.010564 1.632957 0.007561
0.000357 0.010564 1.632957 0.007561
0.000356 0.010564 1.632957 0.007561
0.000355 0.010564 1.632956 0.007561
0.000354 0.010564 1.632956 0.007561
0.000353 0.010564 1.632956 0.007561
0.000351 0.010564 1.632956 0.007561
0.000350 0.010564 1.632956 0.007561
0.000349 0.010564 1.632956 0.007561
0.000348 0.010564 1.632956 0.007561
0.000347 0.010564 1.632956 0.007561
0.000345 0.010564 1.632956 0.007561
0.000344 0.010564 1.632956 0.007561
0.000343 0.010564 1.632956 0.007561
0.000342 0.010564 1.632956 0.007561
0.000341 0.010564 1.632956 0.007561
0.000340 0.010564 1.632956 0.007561
0.000338 0.010564 1.632956 0.007561
0.000337 0.010564 1.632956 0.007561
0.000336 0.010564 1.632956 0.007561
0.000335 0.010564 1.632956 0.007561
0.000334 0.010564 1.632956 0.007561
0.000333 0.010564 1.632956 0.007561
0.000332 0.010565 1.632956 0.007561
0.000330 0.010565 1.632956 0.007561
0.000329 0.010565 1.632956 0.007561
0.000328 0.010565 1.632956 0.007561
0.000327 0.010565 1.632956 0.007561
0.000326 0.010565 1.632956 0.007561
0.000325 0.010565 1.632956 0.007561
0.000324 0.010565 1.632956 0.007561
0.000322 0.010565 1.632956 0.007561
0.000321 0.010565 1.632956 0.007561
0.000320 0.010565 1.632955 0.007561
0.000319 0.010565 1.632955 0.007561
0.000318 0.010565 1.632955 0.007561
0.000317 0.010565 1.632955 0.007561
0.000316 0.010565 1.632955 0.007561
0.000315 0.010565 1.632955 0.007561
0.000314 0.010565 1.632955 0.007561
0.000313 0.010565 1.632955 0.007561
0.000311 0.010565 1.632955 0.007561
0.000310 0.010565 1.632955 0.007561
0.000309 0.010565 1.632955 0.007561
0.000308 0.010565 1.632955 0.007561
0.000307 0.010565 1.632955 0.007561
0.000306 0.010565 1.632955 0.007562
0.000305 0.010565 1.632955 0.007562
0.000304 0.010565 1.632955 0.007562
0.000303 0.010565 1.632955 0.007562
0.000302 0.010565 1.632955 0.007562
0.000301 0.010565 1.632955 0.007562
0.000300 0.010565 1.632955 0.007562
0.000299 0.010565 1.632955 0.007562
0.000298 0.010565 1.632955 0.007562
0.000297 0.010565 1.632955 0.007562
0.000296 0.010565 1.632955 0.007562
0.000295 0.010565 1.632955 0.007562
0.000294 0.010565 1.632955 0.007562
0.000293 0.010565 1.632955 0.007562
0.000292 0.010565 1.632955 0.007562
0.000291 0.010565 1.632955 0.007562
0.000290 0.010565 1.632955 0.007562
0.000289 0.010565 1.632955 0.007562
0.000288 0.010565 1.632954 0.007562
0.000287 0.010565 1.632954 0.007562
0.000286 0.010565 1.632954 0.007562
0.000285 0.010565 1.632954 0.007562
0.000284 0.010565 1.632954 0.007562
0.000283 0.010565 1.632954 0.007562
0.000282 0.010565 1.632954 0.007562
0.000281 0.010565 1.632954 0.007562
0.000280 0.010565 1.632954 0.007562
0.000279 0.010565 1.632954 0.007562
0.000278 0.010565 1.632954 0.007562
0.000277 0.010565 1.632954 0.007562
0.000276 0.010565 1.632954 0.007562
0.000275 0.010565 1.632954 0.007562
0.000274 0.010565 1.632954 0.007562
0.000273 0.010565 1.632954 0.007562
0.000273 0.010565 1.632954 0.007562
0.000272 0.010565 1.632954 0.007562
0.000271 0.010565 1.632954 0.007562
0.000270 0.010565 1.632954 0.007562
0.000269 0.010565 1.632954 0.007562
0.000268 0.010565 1.632954 0.007562
0.000267 0.010565 1.632954 0.007562
0.000266 0.010565 1.632954 0.007562
0.000265 0.010565 1.632954 0.007562
0.000264 0.010565 1.632954 0.007562
0.000264 0.010565 1.632954 0.007562
0.000263 0.010565 1.632954 0.007562
0.000262 0.010565 1.632954 0.007562
0.000261 0.010565 1.632954 0.007562
0.000260 0.010565 1.632954 0.007562
0.000259 0.010565 1.632954 0.007562
0.000258 0.010565 1.632954 0.007562
0.000257 0.010565 1.632954 0.007562
0.000257 0.010565 1.632954 0.007562
0.000256 0.010565 1.632953 0.007562
0.000255 0.010565 1.632953 0.007562
0.000254 0.010565 1.632953 0.007562
0.000253 0.010565 1.632953 0.007562
0.000252 0.010565 1.632953 0.007562
0.000252 0.010565 1.632953 0.007562
0.000251 0.010565 1.632953 0.007562
0.000250 0.010566 1.632953 0.007562
0.000249 0.010566 1.632953 0.007562
0.000248 0.010566 1.632953 0.007562
0.000247 0.010566 1.632953 0.007562
0.000247 0.010566 1.632953 0.007562
0.000246 0.010566 1.632953 0.007562
0.000245 0.010566 1.632953 0.007562
0.000244 0.010566 1.632953 0.007562
0.000243 0.010566 1.632953 0.007562
0.000243 0.010566 1.632953 0.007562
0.000242 0.010566 1.632953 0.007562
0.000241 0.010566 1.632953 0.007562
0.000240 0.010566 1.632953 0.007562
0.000239 0.010566 1.632953 0.007562
0.000239 0.010566 1.632953 0.007562
0.000238 0.010566 1.632953 0.007562
0.000237 0.010566 1.632953 0.007562
0.000236 0.010566 1.632953 0.007562
0.000236 0.010566 1.632953 0.007562
0.000235 0.010566 1.632953 0.007562
0.000234 0.010566 1.632953 0.007562
0.000233 0.010566 1.632953 0.007562
0.000233 0.010566 1.632953 0.007562
0.000232 0.010566 1.632953 0.007562
0.000231 0.010566 1.632953 0.007562
0.000230 0.010566 1.632953 0.007562
0.000230 0.010566 1.632953 0.007562
0.000229 0.010566 1.632953 0.007562
0.000228 0.010566 1.632953 0.007562
0.000227 0.010566 1.632953 0.007562
0.000227 0.010566 1.632952 0.007562
0.000226 0.010566 1.632952 0.007562
0.000225 0.010566 1.632952 0.007562
0.000224 0.010566 1.632952 0.007562
0.000224 0.010566 1.632952 0.007562
0.000223 0.010566 1.632952 0.007562
0.000222 0.010566 1.632952 0.007562
0.000222 0.010566 1.632952 0.007562
0.000221 0.010566 1.632952 0.007562
0.000220 0.010566 1.632952 0.007562
0.000219 0.010566 1.632952 0.007562
0.000219 0.010566 1.632952 0.007562
0.000218 0.010566 1.632952 0.007562
0.000217 0.010566 1.632952 0.007562
0.000217 0.010566 1.632952 0.007562
0.000216 0.010566 1.632952 0.007562
0.000215 0.010566 1.632952 0.007562
0.000215 0.010566 1.632952 0.007562
0.000214 0.010566 1.632952 0.007562
0.000213 0.010566 1.632952 0.007562
0.000213 0.010566 1.632952 0.007562
0.000212 0.010566 1.632952 0.007562
0.000211 0.010566 1.632952 0.007562
0.000211 0.010566 1.632952 0.007562
0.000210 0.010566 1.632952 0.007562
0.000209 0.010566 1.632952 0.007562
0.000209 0.010566 1.632952 0.007562
0.000208 0.010566 1.632952 0.007562
0.000207 0.010566 1.632952 0.007562
0.000207 0.010566 1.632952 0.007562
0.000206 0.010566 1.632952 0.007562
0.000205 0.010566 1.632952 0.007562
0.000205 0.010566 1.632952 0.007562
0.000204 0.010566 1.632952 0.007563
0.000204 0.010566 1.632952 0.007563
0.000203 0.010566 1.632952 0.007563
0.000202 0.010566 1.632952 0.007563
0.000202 0.010566 1.632952 0.007563
0.000201 0.010566 1.632952 0.007563
0.000200 0.010566 1.632952 0.007563
0.000200 0.010566 1.632952 0.007563
0.000199 0.010566 1.632951 0.007563
0.000199 0.010566 1.632951 0.007563
0.000198 0.010566 1.632951 0.007563
0.000197 0.010566 1.632951 0.007563
0.000197 0.010566 1.632951 0.007563
0.000196 0.010566 1.632951 0.007563
0.000196 0.010566 1.632951 0.007563
0.000195 0.010566 1.632951 0.007563
0.000194 0.010566 1.632951 0.007563
0.000194 0.010566 1.632951 0.007563
0.000193 0.010566 1.632951 0.007563
0.000193 0.010566 1.632951 0.007563
0.000192 0.010566 1.632951 0.007563
0.000191 0.010566 1.632951 0.007563
0.000191 0.010566 1.632951 0.007563
0.000190 0.010566 1.632951 0.007563
0.000190 0.010566 1.632951 0.007563
0.000189 0.010566 1.632951 0.007563
0.000189 0.010566 1.632951 0.007563
0.000188 0.010566 1.632951 0.007563
0.000187 0.010566 1.632951 0.007563
0.000187 0.010566 1.632951 0.007563
0.000186 0.010566 1.632951 0.007563
0.000186 0.010566 1.632951 0.007563
0.000185 0.010566 1.632951 0.007563
0.000185 0.010566 1.632951 0.007563
0.000184 0.010566 1.632951 0.007563
0.000184 0.010566 1.632951 0.007563
0.000183 0.010566 1.632951 0.007563
0.000182 0.010566 1.632951 0.007563
0.000182 0.010566 1.632951 0.007563
0.000181 0.010566 1.632950 0.007563
0.000181 0.010566 1.632950 0.007563
0.000180 0.010566 1.632950 0.007563
0.000180 0.010566 1.632950 0.007562
0.000179 0.010566 1.632950 0.007562
0.000179 0.010566 1.632949 0.007562
0.000178 0.010566 1.632949 0.007562
0.000178 0.010565 1.632949 0.007562
0.000177 0.010565 1.632949 0.007562
0.000177 0.010565 1.632949 0.007562
0.000176 0.010565 1.632948 0.007562
0.000175 0.010565 1.632948 0.007562
0.000175 0.010565 1.632948 0.007562
0.000174 0.010565 1.632948 0.007562
0.000174 0.010565 1.632948 0.007562
0.000173 0.010565 1.632948 0.007562
0.000173 0.010565 1.632948 0.007562
0.000172 0.010565 1.632947 0.007562
0.000172 0.010565 1.632947 0.007562
0.000171 0.010565 1.632947 0.007562
0.000171 0.010565 1.632947 0.007562
0.000170 0.010565 1.632947 0.007562
0.000170 0.010565 1.632947 0.007562
0.000169 0.010565 1.632947 0.007562
0.000169 0.010565 1.632947 0.007562
0.000168 0.010565 1.632947 0.007562
0.000168 0.010565 1.632947 0.007562
0.000168 0.010565 1.632947 0.007562
0.000167 0.010565 1.632947 0.007562
0.000167 0.010565 1.632947 0.007562
0.000166 0.010565 1.632947 0.007562
0.000166 0.010565 1.632947 0.007562
0.000165 0.010565 1.632947 0.007562
0.000165 0.010565 1.632946 0.007562
0.000164 0.010565 1.632946 0.007562
0.000164 0.010565 1.632946 0.007562
0.000163 0.010565 1.632946 0.007562
0.000163 0.010565 1.632946 0.007562
0.000162 0.010565 1.632946 0.007562
0.000162 0.010565 1.632946 0.007562
0.000161 0.010565 1.632946 0.007562
0.000161 0.010565 1.632946 0.007562
0.000161 0.010565 1.632946 0.007562
0.000160 0.010565 1.632946 0.007562
0.000160 0.010565 1.632946 0.007562
0.000159 0.010565 1.632946 0.007562
0.000159 0.010565 1.632946 0.007562
0.000158 0.010565 1.632946 0.007562
0.000158 0.010565 1.632946 0.007562
0.000157 0.010565 1.632946 0.007562
0.000157 0.010565 1.632945 0.007562
0.000157 0.010565 1.632945 0.007562
0.000156 0.010565 1.632945 0.007562
0.000156 0.010565 1.632945 0.007562
0.000155 0.010565 1.632945 0.007562
0.000155 0.010565 1.632945 0.007562
0.000154 0.010565 1.632945 0.007562
0.000154 0.010565 1.632945 0.007562
0.000154 0.010565 1.632945 0.007562
0.000153 0.010565 1.632945 0.007562
0.000153 0.010565 1.632945 0.007562
0.000152 0.010565 1.632945 0.007562
0.000152 0.010565 1.632945 0.007562
0.000151 0.010564 1.632945 0.007562
0.000151 0.010564 1.632944 0.007562
0.000151 0.010564 1.632944 0.007562
0.000150 0.010564 1.632944 0.007562
0.000150 0.010564 1.632944 0.007562
0.000149 0.010564 1.632944 0.007562
0.000149 0.010564 1.632944 0.007562
0.000149 0.010564 1.632944 0.007562
0.000148 0.010564 1.632944 0.007562
0.000148 0.010564 1.632944 0.007562
0.000147 0.010564 1.632944 0.007562
0.000147 0.010564 1.632944 0.007562
0.000147 0.010564 1.632944 0.007562
0.000146 0.010564 1.632944 0.007562
0.000146 0.010564 1.632944 0.007562
0.000145 0.010564 1.632943 0.007562
0.000145 0.010564 1.632943 0.007562
0.000145 0.010564 1.632943 0.007562
0.000144 0.010564 1.632943 0.007562
0.000144 0.010564 1.632943 0.007562
0.000144 0.010564 1.632943 0.007562
0.000143 0.010564 1.632943 0.007562
0.000143 0.010564 1.632943 0.007562
0.000142 0.010564 1.632943 0.007562
0.000142 0.010564 1.632943 0.007562
0.000142 0.010564 1.632943 0.007561
0.000141 0.010564 1.632943 0.007561
0.000141 0.010564 1.632943 0.007561
0.000140 0.010564 1.632943 0.007561
0.000140 0.010564 1.632943 0.007561
0.000140 0.010564 1.632943 0.007561
0.000139 0.010564 1.632943 0.007561
0.000139 0.010564 1.632942 0.007561
0.000139 0.010564 1.632942 0.007561
0.000138 0.010564 1.632942 0.007561
0.000138 0.010564 1.632942 0.007561
0.000138 0.010564 1.632942 0.007561
0.000137 0.010564 1.632942 0.007561
0.000137 0.010564 1.632942 0.007561
0.000136 0.010564 1.632942 0.007561
0.000136 0.010564 1.632942 0.007561
0.000136 0.010564 1.632942 0.007561
0.000135 0.010564 1.632942 0.007561
0.000135 0.010564 1.632942 0.007561
0.000135 0.010564 1.632942 0.007561
0.000134 0.010564 1.632942 0.007561
0.000134 0.010564 1.632942 0.007561
0.000134 0.010564 1.632942 0.007561
0.000133 0.010564 1.632942 0.007561
0.000133 0.010564 1.632942 0.007561
0.000133 0.010564 1.632942 0.007561
0.000132 0.010564 1.632942 0.007561
0.000132 0.010564 1.632942 0.007561
0.000132 0.010564 1.632941 0.007561
0.000131 0.010564 1.632941 0.007561
0.000131 0.010564 1.632941 0.007561
0.000131 0.010564 1.632941 0.007561
0.000130 0.010564 1.632941 0.007561
0.000130 0.010564 1.632941 0.007561
0.000130 0.010564 1.632941 0.007561
0.000129 0.010564 1.632941 0.007561
0.000129 0.010564 1.632941 0.007561
0.000129 0.010564 1.632941 0.007561
0.000128 0.010564 1.632941 0.007561
0.000128 0.010564 1.632941 0.007561
0.000128 0.010564 1.632941 0.007561
0.000127 0.010564 1.632941 0.007561
0.000127 0.010564 1.632941 0.007561
0.000127 0.010564 1.632941 0.007561
0.000126 0.010564 1.632941 0.007561
0.000126 0.010564 1.632941 0.007561
0.000126 0.010564 1.632941 0.007561
0.000125 0.010564 1.632941 0.007561
0.000125 0.010564 1.632941 0.007561
0.000125 0.010564 1.632941 0.007561
0.000125 0.010564 1.632941 0.007561
0.000124 0.010564 1.632940 0.007561
0.000124 0.010564 1.632940 0.007561
0.000124 0.010564 1.632940 0.007561
0.000123 0.010564 1.632940 0.007561
0.000123 0.010564 1.632940 0.007561
0.000123 0.010564 1.632940 0.007561
0.000122 0.010564 1.632940 0.007561
0.000122 0.010564 1.632940 0.007561
0.000122 0.010564 1.632940 0.007561
0.000121 0.010564 1.632940 0.007561
0.000121 0.010564 1.632940 0.007561
0.000121 0.010564 1.632940 0.007561
0.000121 0.010564 1.632940 0.007561
0.000120 0.010564 1.632940 0.007561
0.000120 0.010564 1.632940 0.007561
0.000120 0.010564 1.632940 0.007561
0.000119 0.010564 1.632940 0.007561
0.000119 0.010564 1.632940 0.007561
0.000119 0.010564 1.632940 0.007561
0.000118 0.010564 1.632940 0.007561
0.000118 0.010564 1.632940 0.007561
0.000118 0.010564 1.632940 0.007561
0.000118 0.010564 1.632940 0.007561
0.000117 0.010564 1.632940 0.007561
0.000117 0.010564 1.632939 0.007561
0.000117 0.010564 1.632939 0.007561
0.000116 0.010564 1.632939 0.007561
0.000116 0.010564 1.632939 0.007561
0.000116 0.010564 1.632939 0.007561
0.000116 0.010564 1.632939 0.007561
0.000115 0.010564 1.632939 0.007561
0.000115 0.010564 1.632939 0.007561
0.000115 0.010564 1.632939 0.007561
0.000114 0.010564 1.632939 0.007561
0.000114 0.010564 1.632939 0.007561
0.000114 0.010564 1.632939 0.007561
0.000114 0.010564 1.632939 0.007561
0.000113 0.010563 1.632939 0.007561
0.000113 0.010563 1.632939 0.007561
0.000113 0.010563 1.632939 0.007561
0.000113 0.010563 1.632939 0.007561
0.000112 0.010563 1.632939 0.007561
0.000112 0.010563 1.632939 0.007561
0.000112 0.010563 1.632939 0.007561
0.000111 0.010563 1.632939 0.007561
0.000111 0.010563 1.632939 0.007561
0.000111 0.010563 1.632939 0.007561
0.000111 0.010563 1.632938 0.007561
0.000110 0.010563 1.632938 0.007561
0.000110 0.010563 1.632938 0.007561
0.000110 0.010563 1.632938 0.007561
0.000110 0.010563 1.632938 0.007561
0.000109 0.010563 1.632938 0.007561
0.000109 0.010563 1.632938 0.007561
0.000109 0.010563 1.632938 0.007561
0.000109 0.010563 1.632938 0.007561
0.000108 0.010563 1.632938 0.007561
0.000108 0.010563 1.632938 0.007561
0.000108 0.010563 1.632938 0.007561
0.000107 0.010563 1.632938 0.007561
0.000107 0.010563 1.632938 0.007561
0.000107 0.010563 1.632938 0.007561
0.000107 0.010563 1.632938 0.007561
0.000106 0.010563 1.632938 0.007561
0.000106 0.010563 1.632938 0.007561
0.000106 0.010563 1.632938 0.007561
0.000106 0.010563 1.632938 0.007561
0.000105 0.010563 1.632938 0.007561
0.000105 0.010563 1.632938 0.007561
0.000105 0.010563 1.632937 0.007561
0.000105 0.010563 1.632937 0.007561
0.000104 0.010563 1.632937 0.007561
0.000104 0.010563 1.632937 0.007561
0.000104 0.010563 1.632937 0.007561
0.000104 0.010563 1.632937 0.007561
0.000103 0.010563 1.632937 0.007561
0.000103 0.010563 1.632937 0.007561
0.000103 0.010563 1.632937 0.007561
0.000103 0.010563 1.632937 0.007561
0.000103 0.010563 1.632937 0.007561
0.000102 0.010563 1.632937 0.007561
0.000102 0.010563 1.632937 0.007561
0.000102 0.010563 1.632937 0.007561
0.000102 0.010563 1.632937 0.007561
0.000101 0.010563 1.632937 0.007561
0.000101 0.010563 1.632937 0.007561
0.000101 0.010563 1.632937 0.007561
0.000101 0.010563 1.632937 0.007561
0.000100 0.010563 1.632937 0.007561
0.000100 0.010563 1.632937 0.007561
0.000100 0.010563 1.632937 0.007561
0.000100 0.010563 1.632937 0.007561
0.000099 0.010563 1.632937 0.007561
0.000099 0.010563 1.632937 0.007561
0.000099 0.010563 1.632936 0.007561
0.000099 0.010563 1.632936 0.007561
0.000098 0.010563 1.632936 0.007561
0.000098 0.010563 1.632936 0.007561
0.000098 0.010563 1.632936 0.007561
0.000098 0.010563 1.632936 0.007561
0.000098 0.010563 1.632936 0.007561
0.000097 0.010563 1.632936 0.007561
0.000097 0.010563 1.632936 0.007561
0.000097 0.010563 1.632936 0.007561
0.000097 0.010563 1.632936 0.007561
0.000096 0.010563 1.632936 0.007561
0.000096 0.010563 1.632936 0.007561
0.000096 0.010563 1.632936 0.007561
0.000096 0.010563 1.632936 0.007561
0.000096 0.010563 1.632936 0.007561
0.000095 0.010563 1.632936 0.007561
0.000095 0.010563 1.632936 0.007561
0.000095 0.010563 1.632936 0.007561
0.000095 0.010563 1.632936 0.007561
0.000094 0.010563 1.632936 0.007561
0.000094 0.010563 1.632936 0.007561
0.000094 0.010563 1.632936 0.007561
0.000094 0.010563 1.632936 0.007561
0.000094 0.010563 1.632936 0.007561
0.000093 0.010563 1.632936 0.007561
0.000093 0.010563 1.632936 0.007561
0.000093 0.010563 1.632936 0.007561
0.000093 0.010563 1.632935 0.007561
0.000092 0.010563 1.632935 0.007561
0.000092 0.010563 1.632935 0.007561
0.000092 0.010563 1.632935 0.007561
0.000092 0.010563 1.632935 0.007561
0.000092 0.010563 1.632935 0.007561
0.000091 0.010563 1.632935 0.007561
0.000091 0.010563 1.632935 0.007561
0.000091 0.010563 1.632935 0.007561
0.000091 0.010563 1.632935 0.007561
0.000091 0.010563 1.632935 0.007561
0.000090 0.010563 1.632935 0.007561
0.000090 0.010563 1.632935 0.007561
0.000090 0.010563 1.632935 0.007561
0.000090 0.010563 1.632935 0.007561
0.000090 0.010563 1.632935 0.007561
0.000089 0.010563 1.632935 0.007561
0.000089 0.010563 1.632935 0.007561
0.000089 0.010563 1.632935 0.007561
0.000089 0.010563 1.632935 0.007561
0.000088 0.010563 1.632935 0.007561
0.000088 0.010563 1.632935 0.007561
0.000088 0.010563 1.632935 0.007561
0.000088 0.010563 1.632935 0.007561
0.000088 0.010563 1.632935 0.007561
0.000087 0.010563 1.632935 0.007561
0.000087 0.010563 1.632935 0.007561
0.000087 0.010563 1.632935 0.007561
0.000087 0.010563 1.632934 0.007561
0.000087 0.010563 1.632934 0.007561
0.000086 0.010563 1.632934 0.007561
0.000086 0.010563 1.632934 0.007561
0.000086 0.010563 1.632934 0.007561
0.000086 0.010563 1.632934 0.007561
0.000086 0.010563 1.632934 0.007561
0.000085 0.010563 1.632934 0.007561
0.000085 0.010563 1.632934 0.007561
0.000085 0.010563 1.632934 0.007561
0.000085 0.010563 1.632934 0.007561
0.000085 0.010563 1.632934 0.007561
0.000085 0.010563 1.632934 0.007561
0.000084 0.010563 1.632934 0.007561
0.000084 0.010563 1.632934 0.007561
0.000084 0.010563 1.632934 0.007561
0.000084 0.010563 1.632934 0.007561
0.000084 0.010563 1.632934 0.007561
0.000083 0.010563 1.632934 0.007561
0.000083 0.010563 1.632934 0.007561
0.000083 0.010563 1.632934 0.007561
0.000083 0.010563 1.632934 0.007561
0.000083 0.010563 1.632934 0.007561
0.000082 0.010563 1.632934 0.007561
0.000082 0.010563 1.632934 0.007561
0.000082 0.010563 1.632934 0.007561
0.000082 0.010563 1.632934 0.007561
0.000082 0.010563 1.632934 0.007561
0.000081 0.010563 1.632934 0.007561
0.000081 0.010563 1.632933 0.007561
0.000081 0.010563 1.632933 0.007561
0.000081 0.010563 1.632933 0.007561
0.000081 0.010563 1.632933 0.007561
0.000081 0.010563 1.632933 0.007561
0.000080 0.010563 1.632933 0.007561
0.000080 0.010563 1.632933 0.007561
0.000080 0.010563 1.632933 0.007561
0.000080 0.010563 1.632933 0.007561
0.000080 0.010563 1.632933 0.007561
0.000079 0.010563 1.632933 0.007561
0.000079 0.010563 1.632933 0.007561
0.000079 0.010563 1.632933 0.007561
0.000079 0.010563 1.632933 0.007561
0.000079 0.010563 1.632933 0.007561
0.000079 0.010563 1.632933 0.007561
0.000078 0.010563 1.632933 0.007561
0.000078 0.010563 1.632933 0.007561
0.000078 0.010563 1.632933 0.007561
0.000078 0.010563 1.632933 0.007561
0.000078 0.010563 1.632933 0.007561
0.000077 0.010563 1.632933 0.007561
0.000077 0.010563 1.632933 0.007561
0.000077 0.010563 1.632933 0.007561
0.000077 0.010563 1.632933 0.007561
0.000077 0.010563 1.632933 0.007561
0.000077 0.010563 1.632933 0.007561
0.000076 0.010563 1.632933 0.007561
0.000076 0.010563 1.632933 0.007561
0.000076 0.010563 1.632933 0.007561
0.000076 0.010563 1.632933 0.007561
0.000076 0.010563 1.632933 0.007561
0.000076 0.010563 1.632933 0.007561
0.000075 0.010563 1.632932 0.007561
0.000075 0.010563 1.632932 0.007561
0.000075 0.010563 1.632932 0.007561
0.000075 0.010563 1.632932 0.007561
0.000075 0.010563 1.632932 0.007561
0.000074 0.010563 1.632932 0.007561
0.000074 0.010563 1.632932 0.007561
0.000074 0.010563 1.632932 0.007561
0.000074 0.010563 1.632932 0.007561
0.000074 0.010563 1.632932 0.007561
0.000074 0.010563 1.632932 0.007561
0.000073 0.010563 1.632932 0.007561
0.000073 0.010563 1.632932 0.007561
0.000073 0.010563 1.632932 0.007561
0.000073 0.010563 1.632932 0.007561
0.000073 0.010563 1.632932 0.007561
0.000073 0.010563 1.632932 0.007561
0.000072 0.010563 1.632932 0.007561
0.000072 0.010563 1.632932 0.007561
0.000072 0.010563 1.632932 0.007561
0.000072 0.010563 1.632932 0.007561
0.000072 0.010563 1.632932 0.007561
0.000072 0.010563 1.632932 0.007561
0.000071 0.010563 1.632932 0.007561
0.000071 0.010563 1.632932 0.007561
0.000071 0.010563 1.632932 0.007561
0.000071 0.010563 1.632932 0.007561
0.000071 0.010563 1.632932 0.007561
0.000071 0.010563 1.632932 0.007561
0.000071 0.010563 1.632932 0.007561
0.000070 0.010563 1.632932 0.007561
0.000070 0.010563 1.632932 0.007561
0.000070 0.010563 1.632932 0.007561
0.000070 0.010563 1.632932 0.007561
0.000070 0.010563 1.632932 0.007561
0.000070 0.010563 1.632931 0.007561
0.000069 0.010563 1.632931 0.007561
0.000069 0.010563 1.632931 0.007561
0.000069 0.010563 1.632931 0.007561
0.000069 0.010563 1.632931 0.007561
0.000069 0.010563 1.632931 0.007561
0.000069 0.010563 1.632931 0.007561
0.000068 0.010563 1.632931 0.007561
0.000068 0.010563 1.632931 0.007561
0.000068 0.010563 1.632931 0.007561
0.000068 0.010563 1.632931 0.007561
0.000068 0.010563 1.632931 0.007561
0.000068 0.010563 1.632931 0.007561
0.000068 0.010563 1.632931 0.007561
0.000067 0.010563 1.632931 0.007561
0.000067 0.010563 1.632931 0.007561
0.000067 0.010563 1.632931 0.007561
0.000067 0.010563 1.632931 0.007561
0.000067 0.010563 1.632931 0.007561
0.000067 0.010563 1.632931 0.007561
0.000066 0.010563 1.632931 0.007561
0.000066 0.010563 1.632931 0.007561
0.000066 0.010563 1.632931 0.007561
0.000066 0.010563 1.632931 0.007561
0.000066 0.010563 1.632931 0.007561
0.000066 0.010563 1.632931 0.007561
0.000066 0.010563 1.632931 0.007561
0.000065 0.010563 1.632931 0.007561
0.000065 0.010563 1.632931 0.007561
0.000065 0.010563 1.632931 0.007561
0.000065 0.010563 1.632931 0.007561
0.000065 0.010563 1.632931 0.007561
0.000065 0.010563 1.632931 0.007561
0.000065 0.010563 1.632931 0.007561
0.000064 0.010563 1.632931 0.007561
0.000064 0.010563 1.632931 0.007561
0.000064 0.010563 1.632931 0.007561
0.000064 0.010563 1.632931 0.007561
0.000064 0.010563 1.632930 0.007561
0.000064 0.010563 1.632930 0.007561
0.000064 0.010563 1.632930 0.007561
0.000063 0.010563 1.632930 0.007561
0.000063 0.010563 1.632930 0.007561
0.000063 0.010563 1.632930 0.007561
0.000063 0.010563 1.632930 0.007561
0.000063 0.010563 1.632930 0.007561
0.000063 0.010563 1.632930 0.007561
0.000063 0.010563 1.632930 0.007561
0.000062 0.010563 1.632930 0.007561
0.000062 0.010563 1.632930 0.007561
0.000062 0.010563 1.632930 0.007561
0.000062 0.010563 1.632930 0.007561
0.000062 0.010563 1.632930 0.007561
0.000062 0.010563 1.632930 0.007561
0.000062 0.010563 1.632930 0.007561
0.000061 0.010563 1.632930 0.007561
0.000061 0.010563 1.632930 0.007561
0.000061 0.010563 1.632930 0.007561
0.000061 0.010563 1.632930 0.007561
0.000061 0.010563 1.632930 0.007561
0.000061 0.010563 1.632930 0.007561
0.000061 0.010563 1.632930 0.007561
0.000060 0.010563 1.632930 0.007561
0.000060 0.010563 1.632930 0.007561
0.000060 0.010563 1.632930 0.007561
0.000060 0.010563 1.632930 0.007561
0.000060 0.010563 1.632930 0.007561
0.000060 0.010563 1.632930 0.007561
0.000060 0.010563 1.632930 0.007561
0.000060 0.010563 1.632930 0.007561
0.000059 0.010563 1.632930 0.007561
0.000059 0.010563 1.632930 0.007561
0.000059 0.010563 1.632930 0.007561
0.000059 0.010563 1.632930 0.007561
0.000059 0.010563 1.632930 0.007561
0.000059 0.010563 1.632930 0.007561
0.000059 0.010563 1.632930 0.007561
0.000058 0.010563 1.632930 0.007561
0.000058 0.010563 1.632930 0.007561
0.000058 0.010563 1.632929 0.007561
0.000058 0.010563 1.632929 0.007561
0.000058 0.010563 1.632929 0.007561
0.000058 0.010563 1.632929 0.007561
0.000058 0.010563 1.632929 0.007561
0.000058 0.010563 1.632929 0.007561
0.000057 0.010563 1.632929 0.007561
0.000057 0.010563 1.632929 0.007561
0.000057 0.010563 1.632929 0.007561
0.000057 0.010563 1.632929 0.007561
0.000057 0.010563 1.632929 0.007561
0.000057 0.010563 1.632929 0.007561
0.000057 0.010563 1.632929 0.007561
0.000057 0.010563 1.632929 0.007561
0.000056 0.010563 1.632929 0.007561
0.000056 0.010563 1.632929 0.007561
0.000056 0.010563 1.632929 0.007561
0.000056 0.010563 1.632929 0.007561
0.000056 0.010563 1.632929 0.007561
0.000056 0.010563 1.632929 0.007561
0.000056 0.010563 1.632929 0.007561
0.000056 0.010563 1.632929 0.007561
0.000055 0.010563 1.632929 0.007561
0.000055 0.010563 1.632929 0.007561
0.000055 0.010563 1.632929 0.007561
0.000055 0.010563 1.632929 0.007561
0.000055 0.010563 1.632929 0.007561
0.000055 0.010563 1.632929 0.007561
0.000055 0.010563 1.632929 0.007561
0.000055 0.010563 1.632929 0.007560
0.000054 0.010563 1.632929 0.007560
0.000054 0.010563 1.632929 0.007560
0.000054 0.010563 1.632929 0.007560
0.000054 0.010563 1.632929 0.007560
0.000054 0.010563 1.632929 0.007560
0.000054 0.010563 1.632929 0.007560
0.000054 0.010563 1.632929 0.007560
0.000054 0.010563 1.632929 0.007560
0.000053 0.010563 1.632929 0.007560
0.000053 0.010563 1.632929 0.007560
0.000053 0.010563 1.632929 0.007560
0.000053 0.010563 1.632929 0.007560
0.000053 0.010563 1.632929 0.007560
0.000053 0.010563 1.632929 0.007560
0.000053 0.010563 1.632928 0.007560
0.000053 0.010563 1.632928 0.007560
0.000053 0.010563 1.632928 0.007560
0.000052 0.010563 1.632928 0.007560
0.000052 0.010563 1.632928 0.007560
0.000052 0.010563 1.632928 0.007560
0.000052 0.010563 1.632928 0.007560
0.000052 0.010563 1.632928 0.007560
0.000052 0.010563 1.632928 0.007560
0.000052 0.010563 1.632928 0.007560
0.000052 0.010563 1.632928 0.007560
0.000051 0.010563 1.632928 0.007560
0.000051 0.010563 1.632928 0.007560
0.000051 0.010563 1.632928 0.007560
0.000051 0.010563 1.632928 0.007560
0.000051 0.010563 1.632928 0.007560
0.000051 0.010563 1.632928 0.007560
0.000051 0.010563 1.632928 0.007560
0.000051 0.010563 1.632928 0.007560
0.000051 0.010563 1.632928 0.007560
0.000050 0.010563 1.632928 0.007560
0.000050 0.010563 1.632928 0.007560
0.000050 0.010563 1.632928 0.007560
0.000050 0.010563 1.632928 0.007560
0.000050 0.010563 1.632928 0.007560
0.000050 0.010563 1.632928 0.007560
0.000050 0.010563 1.632928 0.007560
0.000050 0.010563 1.632928 0.007560
0.000050 0.010563 1.632928 0.007560
0.000049 0.010563 1.632928 0.007560
0.000049 0.010563 1.632928 0.007560
0.000049 0.010563 1.632928 0.007560
0.000049 0.010563 1.632928 0.007560
0.000049 0.010563 1.632928 0.007560
0.000049 0.010563 1.632928 0.007560
0.000049 0.010563 1.632928 0.007560
0.000049 0.010563 1.632928 0.007560
0.000049 0.010563 1.632928 0.007560
0.000048 0.010563 1.632928 0.007560
0.000048 0.010563 1.632928 0.007560
0.000048 0.010563 1.632928 0.007560
0.000048 0.010563 1.632928 0.007560
0.000048 0.010563 1.632928 0.007560
0.000048 0.010562 1.632928 0.007560
0.000048 0.010562 1.632928 0.007560
0.000048 0.010562 1.632928 0.007560
0.000048 0.010562 1.632928 0.007560
0.000047 0.010562 1.632928 0.007560
0.000047 0.010562 1.632928 0.007560
0.000047 0.010562 1.632927 0.007560
0.000047 0.010562 1.632927 0.007560
0.000047 0.010562 1.632927 0.007560
0.000047 0.010562 1.632927 0.007560
0.000047 0.010562 1.632927 0.007560
0.000047 0.010562 1.632927 0.007560
0.000047 0.010562 1.632927 0.007560
0.000047 0.010562 1.632927 0.007560
0.000046 0.010562 1.632927 0.007560
0.000046 0.010562 1.632927 0.007560
0.000046 0.010562 1.632927 0.007560
0.000046 0.010562 1.632927 0.007560
0.000046 0.010562 1.632927 0.007560
0.000046 0.010562 1.632927 0.007560
0.000046 0.010562 1.632927 0.007560
0.000046 0.010562 1.632927 0.007560
0.000046 0.010562 1.632927 0.007560
0.000046 0.010562 1.632927 0.007560
0.000045 0.010562 1.632927 0.007560
0.000045 0.010562 1.632927 0.007560
0.000045 0.010562 1.632927 0.007560
0.000045 0.010562 1.632927 0.007560
0.000045 0.010562 1.632927 0.007560
0.000045 0.010562 1.632927 0.007560
0.000045 0.010562 1.632927 0.007560
0.000045 0.010562 1.632927 0.007560
0.000045 0.010562 1.632927 0.007560
0.000045 0.010562 1.632927 0.007560
0.000044 0.010562 1.632927 0.007560
0.000044 0.010562 1.632927 0.007560
0.000044 0.010562 1.632927 0.007560
0.000044 0.010562 1.632927 0.007560
0.000044 0.010562 1.632927 0.007560
0.000044 0.010562 1.632927 0.007560
0.000044 0.010562 1.632927 0.007560
0.000044 0.010562 1.632927 0.007560
0.000044 0.010562 1.632927 0.007560
0.000044 0.010562 1.632927 0.007560
0.000043 0.010562 1.632927 0.007560
0.000043 0.010562 1.632927 0.007560
0.000043 0.010562 1.632927 0.007560
0.000043 0.010562 1.632927 0.007560
0.000043 0.010562 1.632927 0.007560
0.000043 0.010562 1.632927 0.007560
0.000043 0.010562 1.632927 0.007560
0.000043 0.010562 1.632927 0.007560
0.000043 0.010562 1.632927 0.007560
0.000043 0.010562 1.632927 0.007560
0.000042 0.010562 1.632927 0.007560
0.000042 0.010562 1.632927 0.007560
0.000042 0.010562 1.632927 0.007560
0.000042 0.010562 1.632927 0.007560
0.000042 0.010562 1.632927 0.007560
0.000042 0.010562 1.632927 0.007560
0.000042 0.010562 1.632926 0.007560
0.000042 0.010562 1.632926 0.007560
0.000042 0.010562 1.632926 0.007560
0.000042 0.010562 1.632926 0.007560
0.000042 0.010562 1.632926 0.007560
0.000041 0.010562 1.632926 0.007560
0.000041 0.010562 1.632926 0.007560
0.000041 0.010562 1.632926 0.007560
0.000041 0.010562 1.632926 0.007560
0.000041 0.010562 1.632926 0.007560
0.000041 0.010562 1.632926 0.007560
0.000041 0.010562 1.632926 0.007560
0.000041 0.010562 1.632926 0.007560
0.000041 0.010562 1.632926 0.007560
0.000041 0.010562 1.632926 0.007560
0.000041 0.010562 1.632926 0.007560
0.000040 0.010562 1.632926 0.007560
0.000040 0.010562 1.632926 0.007560
0.000040 0.010562 1.632926 0.007560
0.000040 0.010562 1.632926 0.007560
0.000040 0.010562 1.632926 0.007560
0.000040 0.010562 1.632926 0.007560
0.000040 0.010562 1.632926 0.007560
0.000040 0.010562 1.632926 0.007560
0.000040 0.010562 1.632926 0.007560
0.000040 0.010562 1.632926 0.007560
0.000040 0.010562 1.632926 0.007560
0.000040 0.010562 1.632926 0.007560
0.000039 0.010562 1.632926 0.007560
0.000039 0.010562 1.632926 0.007560
0.000039 0.010562 1.632926 0.007560
0.000039 0.010562 1.632926 0.007560
0.000039 0.010562 1.632926 0.007560
0.000039 0.010562 1.632926 0.007560
0.000039 0.010562 1.632926 0.007560
0.000039 0.010562 1.632926 0.007560
0.000039 0.010562 1.632926 0.007560
0.000039 0.010562 1.632926 0.007560
0.000039 0.010562 1.632926 0.007560
0.000038 0.010562 1.632926 0.007560
0.000038 0.010562 1.632926 0.007560
0.000038 0.010562 1.632926 0.007560
0.000038 0.010562 1.632926 0.007560
0.000038 0.010562 1.632926 0.007560
0.000038 0.010562 1.632926 0.007560
0.000038 0.010562 1.632926 0.007560
0.000038 0.010562 1.632926 0.007560
0.000038 0.010562 1.632926 0.007560
0.000038 0.010562 1.632926 0.007560
0.000038 0.010562 1.632926 0.007560
0.000038 0.010562 1.632926 0.007560
0.000038 0.010562 1.632926 0.007560
0.000037 0.010562 1.632926 0.007560
0.000037 0.010562 1.632926 0.007560
0.000037 0.010562 1.632926 0.007560
0.000037 0.010562 1.632926 0.007560
0.000037 0.010562 1.632926 0.007560
0.000037 0.010562 1.632926 0.007560
0.000037 0.010562 1.632926 0.007560
0.000037 0.010562 1.632926 0.007560
0.000037 0.010562 1.632925 0.007560
0.000037 0.010562 1.632925 0.007560
0.000037 0.010562 1.632925 0.007560
0.000037 0.010562 1.632925 0.007560
0.000036 0.010562 1.632925 0.007560
0.000036 0.010562 1.632925 0.007560
0.000036 0.010562 1.632925 0.007560
0.000036 0.010562 1.632925 0.007560
0.000036 0.010562 1.632925 0.007560
0.000036 0.010562 1.632925 0.007560
0.000036 0.010562 1.632925 0.007560
0.000036 0.010562 1.632925 0.007560
0.000036 0.010562 1.632925 0.007560
0.000036 0.010562 1.632925 0.007560
0.000036 0.010562 1.632925 0.007560
0.000036 0.010562 1.632925 0.007560
0.000036 0.010562 1.632925 0.007560
0.000035 0.010562 1.632925 0.007560
0.000035 0.010562 1.632925 0.007560
0.000035 0.010562 1.632925 0.007560
0.000035 0.010562 1.632925 0.007560
0.000035 0.010562 1.632925 0.007560
0.000035 0.010562 1.632925 0.007560
0.000035 0.010562 1.632925 0.007560
0.000035 0.010562 1.632925 0.007560
0.000035 0.010562 1.632925 0.007560
0.000035 0.010562 1.632925 0.007560
0.000035 0.010562 1.632925 0.007560
0.000035 0.010562 1.632925 0.007560
0.000035 0.010562 1.632925 0.007560
0.000035 0.010562 1.632925 0.007560
0.000034 0.010562 1.632925 0.007560
0.000034 0.010562 1.632925 0.007560
0.000034 0.010562 1.632925 0.007560
0.000034 0.010562 1.632925 0.007560
0.000034 0.010562 1.632925 0.007560
0.000034 0.010562 1.632925 0.007560
0.000034 0.010562 1.632925 0.007560
0.000034 0.010562 1.632925 0.007560
0.000034 0.010562 1.632925 0.007560
0.000034 0.010562 1.632925 0.007560
0.000034 0.010562 1.632925 0.007560
0.000034 0.010562 1.632925 0.007560
0.000034 0.010562 1.632925 0.007560
0.000034 0.010562 1.632925 0.007560
0.000033 0.010562 1.632925 0.007560
0.000033 0.010562 1.632925 0.007560
0.000033 0.010562 1.632925 0.007560
0.000033 0.010562 1.632925 0.007560
0.000033 0.010562 1.632925 0.007560
0.000033 0.010562 1.632925 0.007560
0.000033 0.010562 1.632925 0.007560
0.000033 0.010562 1.632925 0.007560
0.000033 0.010562 1.632925 0.007560
0.000033 0.010562 1.632925 0.007560
0.000033 0.010562 1.632925 0.007560
0.000033 0.010562 1.632925 0.007560
0.000033 0.010562 1.632925 0.007560
0.000033 0.010562 1.632925 0.007560
0.000033 0.010562 1.632925 0.007560
0.000032 0.010562 1.632925 0.007560
0.000032 0.010562 1.632925 0.007560
0.000032 0.010562 1.632925 0.007560
0.000032 0.010562 1.632925 0.007560
0.000032 0.010562 1.632925 0.007560
0.000032 0.010562 1.632925 0.007560
0.000032 0.010562 1.632925 0.007560
0.000032 0.010562 1.632924 0.007560
0.000032 0.010562 1.632924 0.007560
0.000032 0.010562 1.632924 0.007560
0.000032 0.010562 1.632924 0.007560
0.000032 0.010562 1.632924 0.007560
0.000032 0.010562 1.632924 0.007560
0.000032 0.010562 1.632924 0.007560
0.000032 0.010562 1.632924 0.007560
0.000031 0.010562 1.632924 0.007560
0.000031 0.010562 1.632924 0.007560
0.000031 0.010562 1.632924 0.007560
0.000031 0.010562 1.632924 0.007560
0.000031 0.010562 1.632924 0.007560
0.000031 0.010562 1.632924 0.007560
0.000031 0.010562 1.632924 0.007560
0.000031 0.010562 1.632924 0.007560
0.000031 0.010562 1.632924 0.007560
0.000031 0.010562 1.632924 0.007560
0.000031 0.010562 1.632924 0.007560
0.000031 0.010562 1.632924 0.007560
0.000031 0.010562 1.632924 0.007560
0.000031 0.010562 1.632924 0.007560
0.000031 0.010562 1.632924 0.007560
0.000031 0.010562 1.632924 0.007560
0.000030 0.010562 1.632924 0.007560
0.000030 0.010562 1.632924 0.007560
0.000030 0.010562 1.632924 0.007560
0.000030 0.010562 1.632924 0.007560
0.000030 0.010562 1.632924 0.007560
0.000030 0.010562 1.632924 0.007560
0.000030 0.010562 1.632924 0.007560
0.000030 0.010562 1.632924 0.007560
0.000030 0.010562 1.632924 0.007560
0.000030 0.010562 1.632924 0.007560
0.000030 0.010562 1.632924 0.007560
0.000030 0.010562 1.632924 0.007560
0.000030 0.010562 1.632924 0.007560
0.000030 0.010562 1.632924 0.007560
0.000030 0.010562 1.632924 0.007560
0.000030 0.010562 1.632924 0.007560
0.000029 0.010562 1.632924 0.007560
0.000029 0.010562 1.632924 0.007560
0.000029 0.010562 1.632924 0.007560
0.000029 0.010562 1.632924 0.007560
0.000029 0.010562 1.632924 0.007560
0.000029 0.010562 1.632924 0.007560
0.000029 0.010562 1.632924 0.007560
0.000029 0.010562 1.632924 0.007560
0.000029 0.010562 1.632924 0.007560
0.000029 0.010562 1.632924 0.007560
0.000029 0.010562 1.632924 0.007560
0.000029 0.010562 1.632924 0.007560
0.000029 0.010562 1.632924 0.007560
0.000029 0.010562 1.632924 0.007560
0.000029 0.010562 1.632924 0.007560
0.000029 0.010562 1.632924 0.007560
0.000029 0.010562 1.632924 0.007560
0.000029 0.010562 1.632924 0.007560
0.000028 0.010562 1.632924 0.007560
0.000028 0.010562 1.632924 0.007560
0.000028 0.010562 1.632924 0.007560
0.000028 0.010562 1.632924 0.007560
0.000028 0.010562 1.632924 0.007560
0.000028 0.010562 1.632924 0.007560
0.000028 0.010562 1.632924 0.007560
0.000028 0.010562 1.632924 0.007560
0.000028 0.010562 1.632924 0.007560
0.000028 0.010562 1.632924 0.007560
0.000028 0.010562 1.632924 0.007560
0.000028 0.010562 1.632924 0.007560
0.000028 0.010562 1.632924 0.007560
0.000028 0.010562 1.632924 0.007560
0.000028 0.010562 1.632924 0.007560
0.000028 0.010562 1.632924 0.007560
0.000028 0.010562 1.632924 0.007560
0.000027 0.010562 1.632924 0.007560
0.000027 0.010562 1.632924 0.007560
0.000027 0.010562 1.632923 0.007560
0.000027 0.010562 1.632923 0.007560
0.000027 0.010562 1.632923 0.007560
0.000027 0.010562 1.632923 0.007560
0.000027 0.010562 1.632923 0.007560
0.000027 0.010562 1.632923 0.007560
0.000027 0.010562 1.632923 0.007560
0.000027 0.010562 1.632923 0.007560
0.000027 0.010562 1.632923 0.007560
0.000027 0.010562 1.632923 0.007560
0.000027 0.010562 1.632923 0.007560
0.000027 0.010562 1.632923 0.007560
0.000027 0.010562 1.632923 0.007560
0.000027 0.010562 1.632923 0.007560
0.000027 0.010562 1.632923 0.007560
0.000027 0.010562 1.632923 0.007560
0.000027 0.010562 1.632923 0.007560
0.000026 0.010562 1.632923 0.007560
0.000026 0.010562 1.632923 0.007560
0.000026 0.010562 1.632923 0.007560
0.000026 0.010562 1.632923 0.007560
0.000026 0.010562 1.632923 0.007560
0.000026 0.010562 1.632923 0.007560
0.000026 0.010562 1.632923 0.007560
0.000026 0.010562 1.632923 0.007560
0.000026 0.010562 1.632923 0.007560
0.000026 0.010562 1.632923 0.007560
0.000026 0.010562 1.632923 0.007560
0.000026 0.010562 1.632923 0.007560
0.000026 0.010562 1.632923 0.007560
0.000026 0.010562 1.632923 0.007560
0.000026 0.010562 1.632923 0.007560
0.000026 0.010562 1.632923 0.007560
0.000026 0.010562 1.632923 0.007560
0.000026 0.010562 1.632923 0.007560
0.000026 0.010562 1.632923 0.007560
0.000025 0.010562 1.632923 0.007560
0.000025 0.010562 1.632923 0.007560
0.000025 0.010562 1.632923 0.007560
0.000025 0.010562 1.632923 0.007560
0.000025 0.010562 1.632923 0.007560
0.000025 0.010562 1.632923 0.007560
0.000025 0.010562 1.632923 0.007560
0.000025 0.010562 1.632923 0.007560
0.000025 0.010562 1.632923 0.007560
0.000025 0.010562 1.632923 0.007560
0.000025 0.010562 1.632923 0.007560
0.000025 0.010562 1.632923 0.007560
0.000025 0.010562 1.632923 0.007560
0.000025 0.010562 1.632923 0.007560
0.000025 0.010562 1.632923 0.007560
0.000025 0.010562 1.632923 0.007560
0.000025 0.010562 1.632923 0.007560
0.000025 0.010562 1.632923 0.007560
0.000025 0.010562 1.632923 0.007560
0.000025 0.010562 1.632923 0.007560
0.000025 0.010562 1.632923 0.007560
0.000024 0.010562 1.632923 0.007560
0.000024 0.010562 1.632923 0.007560
0.000024 0.010562 1.632923 0.007560
0.000024 0.010562 1.632923 0.007560
0.000024 0.010562 1.632923 0.007560
0.000024 0.010562 1.632923 0.007560
0.000024 0.010562 1.632923 0.007560
0.000024 0.010562 1.632923 0.007560
0.000024 0.010562 1.632923 0.007560
0.000024 0.010562 1.632923 0.007560
0.000024 0.010562 1.632923 0.007560
0.000024 0.010562 1.632923 0.007560
0.000024 0.010562 1.632923 0.007560
0.000024 0.010562 1.632923 0.007560
0.000024 0.010562 1.632923 0.007560
0.000024 0.010562 1.632923 0.007560
0.000024 0.010562 1.632923 0.007560
0.000024 0.010562 1.632923 0.007560
0.000024 0.010562 1.632923 0.007560
0.000024 0.010562 1.632923 0.007560
0.000024 0.010562 1.632923 0.007560
0.000023 0.010562 1.632923 0.007560
0.000023 0.010562 1.632923 0.007560
0.000023 0.010562 1.632923 0.007560
0.000023 0.010562 1.632923 0.007560
0.000023 0.010562 1.632923 0.007560
0.000023 0.010562 1.632923 0.007560
0.000023 0.010562 1.632923 0.007560
0.000023 0.010562 1.632923 0.007560
0.000023 0.010562 1.632923 0.007560
0.000023 0.010562 1.632923 0.007560
0.000023 0.010562 1.632923 0.007560
0.000023 0.010562 1.632922 0.007560
0.000023 0.010562 1.632922 0.007560
0.000023 0.010562 1.632922 0.007560
0.000023 0.010562 1.632922 0.007560
0.000023 0.010562 1.632922 0.007560
0.000023 0.010562 1.632922 0.007560
0.000023 0.010562 1.632922 0.007560
0.000023 0.010562 1.632922 0.007560
0.000023 0.010562 1.632922 0.007560
0.000023 0.010562 1.632922 0.007560
0.000023 0.010562 1.632922 0.007560
0.000022 0.010562 1.632922 0.007560
0.000022 0.010562 1.632922 0.007560
0.000022 0.010562 1.632922 0.007560
0.000022 0.010562 1.632922 0.007560
0.000022 0.010562 1.632922 0.007560
0.000022 0.010562 1.632922 0.007560
0.000022 0.010562 1.632922 0.007560
0.000022 0.010562 1.632922 0.007560
0.000022 0.010562 1.632922 0.007560
0.000022 0.010562 1.632922 0.007560
0.000022 0.010562 1.632922 0.007560
0.000022 0.010562 1.632922 0.007560
0.000022 0.010562 1.632922 0.007560
0.000022 0.010562 1.632922 0.007560
0.000022 0.010562 1.632922 0.007560
0.000022 0.010562 1.632922 0.007560
0.000022 0.010562 1.632922 0.007560
0.000022 0.010562 1.632922 0.007560
0.000022 0.010562 1.632922 0.007560
0.000022 0.010562 1.632922 0.007560
0.000022 0.010562 1.632922 0.007560
0.000022 0.010562 1.632922 0.007560
0.000022 0.010562 1.632922 0.007560
0.000022 0.010562 1.632922 0.007560
0.000021 0.010562 1.632922 0.007560
0.000021 0.010562 1.632922 0.007560
0.000021 0.010562 1.632922 0.007560
0.000021 0.010562 1.632922 0.007560
0.000021 0.010562 1.632922 0.007560
0.000021 0.010562 1.632922 0.007560
0.000021 0.010562 1.632922 0.007560
0.000021 0.010562 1.632922 0.007560
0.000021 0.010562 1.632922 0.007560
0.000021 0.010562 1.632922 0.007560
0.000021 0.010562 1.632922 0.007560
0.000021 0.010562 1.632922 0.007560
0.000021 0.010562 1.632922 0.007560
0.000021 0.010562 1.632922 0.007560
0.000021 0.010562 1.632922 0.007560
0.000021 0.010562 1.632922 0.007560
0.000021 0.010562 1.632922 0.007560
0.000021 0.010562 1.632922 0.007560
0.000021 0.010562 1.632922 0.007560
0.000021 0.010562 1.632922 0.007560
0.000021 0.010562 1.632922 0.007560
0.000021 0.010562 1.632922 0.007560
0.000021 0.010562 1.632922 0.007560
0.000021 0.010562 1.632922 0.007560
0.000020 0.010562 1.632922 0.007560
0.000020 0.010562 1.632922 0.007560
0.000020 0.010562 1.632922 0.007560
0.000020 0.010562 1.632922 0.007560
0.000020 0.010562 1.632922 0.007560
0.000020 0.010562 1.632922 0.007560
0.000020 0.010562 1.632922 0.007560
0.000020 0.010562 1.632922 0.007560
0.000020 0.010562 1.632922 0.007560
0.000020 0.010562 1.632922 0.007560
0.000020 0.010562 1.632922 0.007560
0.000020 0.010562 1.632922 0.007560
0.000020 0.010562 1.632922 0.007560
0.000020 0.010562 1.632922 0.007560
0.000020 0.010562 1.632922 0.007560
0.000020 0.010562 1.632922 0.007560
0.000020 0.010562 1.632922 0.007560
0.000020 0.010562 1.632922 0.007560
0.000020 0.010562 1.632922 0.007560
0.000020 0.010562 1.632922 0.007560
0.000020 0.010562 1.632922 0.007560
0.000020 0.010562 1.632922 0.007560
0.000020 0.010562 1.632922 0.007560
0.000020 0.010562 1.632922 0.007560
0.000020 0.010562 1.632922 0.007560
0.000020 0.010562 1.632922 0.007560
0.000019 0.010562 1.632922 0.007560
0.000019 0.010562 1.632922 0.007560
0.000019 0.010562 1.632922 0.007560
0.000019 0.010562 1.632922 0.007560
0.000019 0.010562 1.632922 0.007560
0.000019 0.010562 1.632922 0.007560
0.000019 0.010562 1.632922 0.007560
0.000019 0.010562 1.632922 0.007560
0.000019 0.010562 1.632922 0.007560
0.000019 0.010562 1.632922 0.007560
0.000019 0.010562 1.632922 0.007560
0.000019 0.010562 1.632922 0.007560
0.000019 0.010562 1.632922 0.007560
0.000019 0.010562 1.632922 0.007560
0.000019 0.010562 1.632922 0.007560
0.000019 0.010562 1.632922 0.007560
0.000019 0.010562 1.632922 0.007560
0.000019 0.010562 1.632922 0.007560
0.000019 0.010562 1.632922 0.007560
0.000019 0.010562 1.632922 0.007560
0.000019 0.010562 1.632922 0.007560
0.000019 0.010562 1.632921 0.007560
0.000019 0.010562 1.632921 0.007560
0.000019 0.010562 1.632921 0.007560
0.000019 0.010562 1.632921 0.007560
0.000019 0.010562 1.632921 0.007560
0.000019 0.010562 1.632921 0.007560
0.000019 0.010562 1.632921 0.007560
0.000018 0.010562 1.632921 0.007560
0.000018 0.010562 1.632921 0.007560
0.000018 0.010562 1.632921 0.007560
0.000018 0.010562 1.632921 0.007560
0.000018 0.010562 1.632921 0.007560
0.000018 0.010562 1.632921 0.007560
0.000018 0.010562 1.632921 0.007560
0.000018 0.010562 1.632921 0.007560
0.000018 0.010562 1.632921 0.007560
0.000018 0.010562 1.632921 0.007560
0.000018 0.010562 1.632921 0.007560
0.000018 0.010562 1.632921 0.007560
0.000018 0.010562 1.632921 0.007560
0.000018 0.010562 1.632921 0.007560
0.000018 0.010562 1.632921 0.007560
0.000018 0.010562 1.632921 0.007560
0.000018 0.010562 1.632921 0.007560
0.000018 0.010562 1.632921 0.007560
0.000018 0.010562 1.632921 0.007560
0.000018 0.010562 1.632921 0.007560
0.000018 0.010562 1.632921 0.007560
0.000018 0.010562 1.632921 0.007560
0.000018 0.010562 1.632921 0.007560
0.000018 0.010562 1.632921 0.007560
0.000018 0.010562 1.632921 0.007560
0.000018 0.010562 1.632921 0.007560
0.000018 0.010562 1.632921 0.007560
0.000018 0.010562 1.632921 0.007560
0.000018 0.010562 1.632921 0.007560
0.000017 0.010562 1.632921 0.007560
0.000017 0.010562 1.632921 0.007560
0.000017 0.010562 1.632921 0.007560
0.000017 0.010562 1.632921 0.007560
0.000017 0.010562 1.632921 0.007560
0.000017 0.010562 1.632921 0.007560
0.000017 0.010562 1.632921 0.007560
0.000017 0.010562 1.632921 0.007560
0.000017 0.010562 1.632921 0.007560
0.000017 0.010562 1.632921 0.007560
0.000017 0.010562 1.632921 0.007560
0.000017 0.010562 1.632921 0.007560
0.000017 0.010562 1.632921 0.007560
0.000017 0.010562 1.632921 0.007560
0.000017 0.010562 1.632921 0.007560
0.000017 0.010562 1.632921 0.007560
0.000017 0.010562 1.632921 0.007560
0.000017 0.010562 1.632921 0.007560
0.000017 0.010562 1.632921 0.007560
0.000017 0.010562 1.632921 0.007560
0.000017 0.010562 1.632921 0.007560
0.000017 0.010562 1.632921 0.007560
0.000017 0.010562 1.632921 0.007560
0.000017 0.010562 1.632921 0.007560
0.000017 0.010562 1.632921 0.007560
0.000017 0.010562 1.632921 0.007560
0.000017 0.010562 1.632921 0.007560
0.000017 0.010561 1.632921 0.007560
0.000017 0.010561 1.632921 0.007560
0.000017 0.010561 1.632921 0.007560
0.000017 0.010561 1.632921 0.007560
0.000017 0.010561 1.632921 0.007560
0.000016 0.010561 1.632921 0.007560
0.000016 0.010561 1.632921 0.007560
0.000016 0.010561 1.632921 0.007560
0.000016 0.010561 1.632921 0.007560
0.000016 0.010561 1.632921 0.007560
0.000016 0.010561 1.632921 0.007560
0.000016 0.010561 1.632921 0.007560
0.000016 0.010561 1.632921 0.007560
0.000016 0.010561 1.632921 0.007560
0.000016 0.010561 1.632921 0.007560
0.000016 0.010561 1.632921 0.007560
0.000016 0.010561 1.632921 0.007560
0.000016 0.010561 1.632921 0.007560
0.000016 0.010561 1.632921 0.007560
0.000016 0.010561 1.632921 0.007560
0.000016 0.010561 1.632921 0.007560
0.000016 0.010561 1.632921 0.007560
0.000016 0.010561 1.632921 0.007560
0.000016 0.010561 1.632921 0.007560
0.000016 0.010561 1.632921 0.007560
0.000016 0.010561 1.632921 0.007560
0.000016 0.010561 1.632921 0.007560
0.000016 0.010561 1.632921 0.007560
0.000016 0.010561 1.632921 0.007560
0.000016 0.010561 1.632921 0.007560
0.000016 0.010561 1.632921 0.007560
0.000016 0.010561 1.632921 0.007560
0.000016 0.010561 1.632921 0.007560
0.000016 0.010561 1.632921 0.007560
0.000016 0.010561 1.632921 0.007560
0.000016 0.010561 1.632921 0.007560
0.000016 0.010561 1.632921 0.007560
0.000016 0.010561 1.632921 0.007560
0.000015 0.010561 1.632921 0.007560
0.000015 0.010561 1.632921 0.007560
0.000015 0.010561 1.632921 0.007560
0.000015 0.010561 1.632921 0.007560
0.000015 0.010561 1.632921 0.007560
0.000015 0.010561 1.632921 0.007560
0.000015 0.010561 1.632921 0.007560
0.000015 0.010561 1.632921 0.007560
0.000015 0.010561 1.632921 0.007560
0.000015 0.010561 1.632921 0.007560
0.000015 0.010561 1.632921 0.007560
0.000015 0.010561 1.632921 0.007560
0.000015 0.010561 1.632921 0.007560
0.000015 0.010561 1.632921 0.007560
0.000015 0.010561 1.632921 0.007560
0.000015 0.010561 1.632921 0.007560
0.000015 0.010561 1.632921 0.007560
0.000015 0.010561 1.632921 0.007560
0.000015 0.010561 1.632921 0.007560
0.000015 0.010561 1.632921 0.007560
0.000015 0.010561 1.632921 0.007560
0.000015 0.010561 1.632921 0.007560
0.000015 0.010561 1.632921 0.007560
0.000015 0.010561 1.632921 0.007560
0.000015 0.010561 1.632921 0.007560
0.000015 0.010561 1.632921 0.007560
0.000015 0.010561 1.632921 0.007560
0.000015 0.010561 1.632921 0.007560
0.000015 0.010561 1.632921 0.007560
0.000015 0.010561 1.632921 0.007560
0.000015 0.010561 1.632920 0.007560
0.000015 0.010561 1.632920 0.007560
0.000015 0.010561 1.632920 0.007560
0.000015 0.010561 1.632920 0.007560
0.000015 0.010561 1.632920 0.007560
0.000015 0.010561 1.632920 0.007560
0.000014 0.010561 1.632920 0.007560
0.000014 0.010561 1.632920 0.007560
0.000014 0.010561 1.632920 0.007560
0.000014 0.010561 1.632920 0.007560
0.000014 0.010561 1.632920 0.007560
0.000014 0.010561 1.632920 0.007560
0.000014 0.010561 1.632920 0.007560
0.000014 0.010561 1.632920 0.007560
0.000014 0.010561 1.632920 0.007560
0.000014 0.010561 1.632920 0.007560
0.000014 0.010561 1.632920 0.007560
0.000014 0.010561 1.632920 0.007560
0.000014 0.010561 1.632920 0.007560
0.000014 0.010561 1.632920 0.007560
0.000014 0.010561 1.632920 0.007560
0.000014 0.010561 1.632920 0.007560
0.000014 0.010561 1.632920 0.007560
0.000014 0.010561 1.632920 0.007560
0.000014 0.010561 1.632920 0.007560
0.000014 0.010561 1.632920 0.007560
0.000014 0.010561 1.632920 0.007560
0.000014 0.010561 1.632920 0.007560
0.000014 0.010561 1.632920 0.007560
0.000014 0.010561 1.632920 0.007560
0.000014 0.010561 1.632920 0.007560
0.000014 0.010561 1.632920 0.007560
0.000014 0.010561 1.632920 0.007560
0.000014 0.010561 1.632920 0.007560
0.000014 0.010561 1.632920 0.007560
0.000014 0.010561 1.632920 0.007560
0.000014 0.010561 1.632920 0.007560
0.000014 0.010561 1.632920 0.007560
0.000014 0.010561 1.632920 0.007560
0.000014 0.010561 1.632920 0.007560
0.000014 0.010561 1.632920 0.007560
0.000014 0.010561 1.632920 0.007560
0.000014 0.010561 1.632920 0.007560
0.000014 0.010561 1.632920 0.007560
0.000013 0.010561 1.632920 0.007560
0.000013 0.010561 1.632920 0.007560
0.000013 0.010561 1.632920 0.007560
0.000013 0.010561 1.632920 0.007560
0.000013 0.010561 1.632920 0.007560
0.000013 0.010561 1.632920 0.007560
0.000013 0.010561 1.632920 0.007560
0.000013 0.010561 1.632920 0.007560
0.000013 0.010561 1.632920 0.007560
0.000013 0.010561 1.632920 0.007560
0.000013 0.010561 1.632920 0.007560
0.000013 0.010561 1.632920 0.007560
0.000013 0.010561 1.632920 0.007560
0.000013 0.010561 1.632920 0.007560
0.000013 0.010561 1.632920 0.007560
0.000013 0.010561 1.632920 0.007560
0.000013 0.010561 1.632920 0.007560
0.000013 0.010561 1.632920 0.007560
0.000013 0.010561 1.632920 0.007560
0.000013 0.010561 1.632920 0.007560
0.000013 0.010561 1.632920 0.007560
0.000013 0.010561 1.632920 0.007560
0.000013 0.010561 1.632920 0.007560
0.000013 0.010561 1.632920 0.007560
0.000013 0.010561 1.632920 0.007560
0.000013 0.010561 1.632920 0.007560
0.000013 0.010561 1.632920 0.007560
0.000013 0.010561 1.632920 0.007560
0.000013 0.010561 1.632920 0.007560
0.000013 0.010561 1.632920 0.007560
0.000013 0.010561 1.632920 0.007560
0.000013 0.010561 1.632920 0.007560
0.000013 0.010561 1.632920 0.007560
0.000013 0.010561 1.632920 0.007560
0.000013 0.010561 1.632920 0.007560
0.000013 0.010561 1.632920 0.007560
0.000013 0.010561 1.632920 0.007560
0.000013 0.010561 1.632920 0.007560
0.000013 0.010561 1.632920 0.007560
0.000013 0.010561 1.632920 0.007560
0.000013 0.010561 1.632920 0.007560
0.000013 0.010561 1.632920 0.007560
0.000012 0.010561 1.632920 0.007560
0.000012 0.010561 1.632920 0.007560
0.000012 0.010561 1.632920 0.007560
0.000012 0.010561 1.632920 0.007560
0.000012 0.010561 1.632920 0.007560
0.000012 0.010561 1.632920 0.007560
0.000012 0.010561 1.632920 0.007560
0.000012 0.010561 1.632920 0.007560
0.000012 0.010561 1.632920 0.007560
0.000012 0.010561 1.632920 0.007560
0.000012 0.010561 1.632920 0.007560
0.000012 0.010561 1.632920 0.007560
0.000012 0.010561 1.632920 0.007560
0.000012 0.010561 1.632920 0.007560
0.000012 0.010561 1.632920 0.007560
0.000012 0.010561 1.632920 0.007560
0.000012 0.010561 1.632920 0.007560
0.000012 0.010561 1.632920 0.007560
0.000012 0.010561 1.632920 0.007560
0.000012 0.010561 1.632920 0.007560
0.000012 0.010561 1.632920 0.007560
0.000012 0.010561 1.632920 0.007560
0.000012 0.010561 1.632920 0.007560
0.000012 0.010561 1.632920 0.007560
0.000012 0.010561 1.632920 0.007560
0.000012 0.010561 1.632920 0.007560
0.000012 0.010561 1.632920 0.007560
0.000012 0.010561 1.632920 0.007560
0.000012 0.010561 1.632920 0.007560
0.000012 0.010561 1.632920 0.007560
0.000012 0.010561 1.632920 0.007560
0.000012 0.010561 1.632920 0.007560
0.000012 0.010561 1.632920 0.007560
0.000012 0.010561 1.632920 0.007560
0.000012 0.010561 1.632920 0.007560
0.000012 0.010561 1.632920 0.007560
0.000012 0.010561 1.632920 0.007560
0.000012 0.010561 1.632920 0.007560
0.000012 0.010561 1.632920 0.007560
0.000012 0.010561 1.632920 0.007560
0.000012 0.010561 1.632920 0.007560
0.000012 0.010561 1.632920 0.007560
0.000012 0.010561 1.632920 0.007560
0.000012 0.010561 1.632920 0.007560
0.000012 0.010561 1.632920 0.007560
0.000011 0.010561 1.632920 0.007560
0.000011 0.010561 1.632920 0.007560
0.000011 0.010561 1.632920 0.007560
0.000011 0.010561 1.632920 0.007560
0.000011 0.010561 1.632920 0.007560
0.000011 0.010561 1.632920 0.007560
0.000011 0.010561 1.632920 0.007560
0.000011 0.010561 1.632920 0.007560
0.000011 0.010561 1.632920 0.007560
0.000011 0.010561 1.632920 0.007560
0.000011 0.010561 1.632920 0.007560
0.000011 0.010561 1.632920 0.007560
0.000011 0.010561 1.632920 0.007560
0.000011 0.010561 1.632920 0.007560
0.000011 0.010561 1.632920 0.007560
0.000011 0.010561 1.632920 0.007560
0.000011 0.010561 1.632920 0.007560
0.000011 0.010561 1.632920 0.007560
0.000011 0.010561 1.632920 0.007560
0.000011 0.010561 1.632920 0.007560
0.000011 0.010561 1.632920 0.007560
0.000011 0.010561 1.632920 0.007560
0.000011 0.010561 1.632920 0.007560
0.000011 0.010561 1.632920 0.007560
0.000011 0.010561 1.632920 0.007560
0.000011 0.010561 1.632920 0.007560
0.000011 0.010561 1.632920 0.007560
0.000011 0.010561 1.632920 0.007560
0.000011 0.010561 1.632920 0.007560
0.000011 0.010561 1.632920 0.007560
0.000011 0.010561 1.632920 0.007560
0.000011 0.010561 1.632920 0.007560
0.000011 0.010561 1.632920 0.007560
0.000011 0.010561 1.632920 0.007560
0.000011 0.010561 1.632920 0.007560
0.000011 0.010561 1.632920 0.007560
0.000011 0.010561 1.632920 0.007560
0.000011 0.010561 1.632920 0.007560
0.000011 0.010561 1.632920 0.007560
0.000011 0.010561 1.632920 0.007560
0.000011 0.010561 1.632920 0.007560
0.000011 0.010561 1.632920 0.007560
0.000011 0.010561 1.632920 0.007560
0.000011 0.010561 1.632919 0.007560
0.000011 0.010561 1.632919 0.007560
0.000011 0.010561 1.632919 0.007560
0.000011 0.010561 1.632919 0.007560
0.000011 0.010561 1.632919 0.007560
0.000011 0.010561 1.632919 0.007560
0.000011 0.010561 1.632919 0.007560
0.000010 0.010561 1.632919 0.007560
0.000010 0.010561 1.632919 0.007560
0.000010 0.010561 1.632919 0.007560
0.000010 0.010561 1.632919 0.007560
0.000010 0.010561 1.632919 0.007560
0.000010 0.010561 1.632919 0.007560
0.000010 0.010561 1.632919 0.007560
0.000010 0.010561 1.632919 0.007560
0.000010 0.010561 1.632919 0.007560
0.000010 0.010561 1.632919 0.007560
0.000010 0.010561 1.632919 0.007560
0.000010 0.010561 1.632919 0.007560
0.000010 0.010561 1.632919 0.007560
0.000010 0.010561 1.632919 0.007560
0.000010 0.010561 1.632919 0.007560
0.000010 0.010561 1.632919 0.007560
0.000010 0.010561 1.632919 0.007560
0.000010 0.010561 1.632919 0.007560
0.000010 0.010561 1.632919 0.007560
0.000010 0.010561 1.632919 0.007560
0.000010 0.010561 1.632919 0.007560
0.000010 0.010561 1.632919 0.007560
0.000010 0.010561 1.632919 0.007560
0.000010 0.010561 1.632919 0.007560
0.000010 0.010561 1.632919 0.007560
0.000010 0.010561 1.632919 0.007560
0.000010 0.010561 1.632919 0.007560
0.000010 0.010561 1.632919 0.007560
